523 3
524 4
1148 2
1149 2
1773 1
1774 5
2398 4
2399 7
3023 3
3024 3
3648 2
3649 1
4273 3
4274 7
4898 3
4899 2
5523 9
5524 3
6148 6
6149 1
6773 3
6774 5
7399 10
8023 4
8024 3
8648 5
8649 4
9273 1
9274 3
9898 2
9899 2
10524 8
11148 2
11149 4
11773 1
11774 2
12398 2
12399 3
13023 2
13024 5
13648 4
13649 7
14273 2
14274 9
14898 2
14899 4
15523 5
15524 6
16147 1
16148 10
16772 1
16773 14
17398 10
18022 2
18023 8
18647 1
18648 7
19272 1
19273 7
19897 1
19898 5
20523 5
21147 2
21148 11
21773 9
22397 1
22398 3
23022 2
23023 5
23647 2
23648 7
24272 3
24273 6
24897 1
24898 8
24899 1
25522 1
25523 10
26147 2
26148 6
26772 1
26773 8
27397 1
27398 10
28023 8
28647 1
28648 8
29272 1
29273 10
29897 1
29898 7
30523 13
31147 1
31148 3
31772 10
32397 6
32398 1
33022 5
33647 5
33648 1
34272 5
34273 2
34897 5
34898 6
35522 8
36147 4
36148 2
36772 6
36773 2
37397 5
37398 5
38022 7
38023 1
38647 6
39272 7
39273 2
39897 5
39898 2
40522 8
40523 3
41147 11
41148 1
41772 6
41773 2
42397 7
43022 10
43023 4
43647 9
43648 3
44272 7
44273 4
44897 4
44898 3
45522 3
45523 3
46147 4
46148 2
46772 4
46773 1
47397 6
48021 2
48022 6
48647 6
49272 6
49897 9
50522 8
51147 4
51772 7
52397 5
53022 9
53647 5
54272 4
54897 7
55522 8
56147 8
56772 12
57397 9
58022 8
58646 2
58647 8
59272 12
59897 5
60522 5
61147 8
61772 7
62397 7
63021 3
63022 2
63646 5
63647 8
64271 3
64272 2
64896 6
64897 5
65521 2
65522 4
66146 4
66147 6
66771 6
66772 4
67396 1
67397 3
68021 2
68022 4
68646 6
68647 9
69271 6
69272 5
69896 4
69897 2
70521 2
70522 3
71146 5
71147 2
71771 3
71772 7
72396 4
72397 4
73021 3
73022 3
73646 3
73647 5
74271 1
74272 3
74896 4
74897 3
75521 7
75522 7
76146 3
76147 5
76771 2
76772 6
77396 3
77397 7
78022 6
