523 3
524 3
1148 2
1149 2
1773 1
1774 3
2398 2
2399 5
3023 2
3024 7
3648 5
3649 6
4273 4
4274 3
4898 2
4899 3
5523 4
5524 3
6148 1
6149 5
6773 6
6774 3
7398 4
7399 2
8023 3
8024 4
8648 5
8649 3
9274 10
9898 1
9899 5
10523 2
10524 7
11148 2
11149 4
11773 4
11774 6
12398 3
12399 6
13023 3
13024 4
13648 1
13649 4
14273 4
14274 7
14898 4
14899 4
15523 3
15524 5
16147 2
16148 5
16772 3
16773 13
17397 1
17398 16
18022 2
18023 8
18647 1
18648 10
18649 1
19272 1
19273 4
19897 2
19898 8
20522 2
20523 10
21147 2
21148 9
21772 1
21773 8
22397 1
22398 10
23022 1
23023 3
23647 4
23648 8
24273 7
24897 1
24898 5
25522 1
25523 4
26147 1
26148 9
26772 2
26773 3
27397 1
27398 7
28023 5
28647 4
28648 5
29272 3
29273 6
29897 1
29898 6
30522 1
30523 9
31148 3
31772 3
32397 5
33022 4
33023 3
33647 8
33648 1
34272 8
34273 5
34897 6
34898 3
35522 9
35523 4
36147 6
36148 3
36772 4
36773 2
37397 4
38022 4
38023 2
38647 6
39272 7
39897 3
39898 3
40522 4
40523 2
41147 7
41148 1
41772 7
41773 3
42397 10
43022 7
43023 2
43647 8
43648 4
44272 6
44273 1
44897 9
45522 5
45523 2
46147 4
46772 8
46773 2
47396 1
47397 7
48022 8
48647 10
49271 1
49272 13
49897 8
50521 1
50522 9
51147 12
51772 5
52397 7
53021 1
53022 9
53647 4
54272 8
54897 9
55522 8
56147 5
56772 8
57397 13
58022 10
58647 10
59272 7
59273 1
59897 4
60522 2
61147 7
61772 5
62397 10
62398 1
63021 3
63022 1
63646 2
63647 2
64271 3
64272 4
64896 6
64897 8
65521 2
65522 5
66146 2
66147 6
66771 2
66772 4
67396 4
67397 5
68021 5
68022 4
68646 5
68647 7
69271 4
69272 7
69896 2
69897 4
70521 6
70522 3
71147 6
71771 4
71772 6
72396 6
72397 3
73021 2
73022 4
73646 7
73647 2
74272 5
74896 2
74897 8
75521 3
75522 5
76146 3
76147 6
76771 1
76772 6
77397 4
78021 2
78022 5
