523 4
524 2
1148 2
1149 5
1773 4
1774 2
2398 4
2399 3
3023 1
3024 3
3648 4
3649 2
4273 7
4274 3
4898 4
4899 3
5524 3
6148 3
6149 6
6773 2
6774 7
7399 5
8023 2
8024 7
8648 3
8649 6
9273 5
9898 3
9899 3
10523 7
10524 4
11148 3
11149 7
11773 5
11774 3
12398 2
12399 4
13023 5
13024 2
13648 3
13649 4
14273 4
14274 4
14898 5
14899 5
15523 4
15524 5
16147 4
16148 10
16773 5
17397 1
17398 4
18022 1
18023 7
18647 1
18648 6
19273 7
19898 8
20522 3
20523 3
21148 4
21772 2
21773 8
22397 3
22398 6
23022 1
23023 11
23647 1
23648 5
24272 1
24273 7
24897 1
24898 3
25523 8
26148 4
26772 2
26773 3
27397 1
27398 6
28022 3
28023 7
28647 3
28648 5
29272 5
29273 7
29274 1
29898 4
30523 11
31148 6
31772 7
32397 9
32398 1
33022 9
33023 2
33647 9
33648 1
34272 8
34273 1
34897 3
35522 9
35523 2
36147 6
36772 8
36773 4
37397 5
37398 1
38022 7
38647 5
39272 5
39273 7
39897 4
39898 1
40522 3
40523 1
41147 5
41148 2
41772 6
41773 3
42397 4
42398 3
43022 13
43023 1
43647 9
43648 3
44272 8
44897 4
45522 9
45523 2
46147 7
46148 1
46772 1
46773 2
47397 9
48022 6
48646 1
48647 13
49271 3
49272 3
49896 1
49897 15
50521 2
50522 5
51147 2
51772 5
52397 6
53021 1
53022 7
53646 1
53647 8
54271 1
54272 12
54896 1
54897 5
55521 1
55522 7
56147 8
56772 10
57396 1
57397 4
58022 11
58646 1
58647 10
59272 7
59897 2
60522 14
61146 1
61147 10
61772 8
61773 1
62397 10
63021 4
63022 1
63646 6
63647 4
64271 4
64272 7
64896 3
64897 5
65521 2
65522 5
66146 8
66147 1
66771 4
66772 5
67396 3
67397 3
68021 5
68022 3
68646 1
68647 6
69271 5
69272 4
69896 6
69897 4
70521 4
70522 2
71146 2
71147 3
71771 6
71772 3
72396 5
72397 3
73021 6
73022 4
73646 2
73647 4
74271 5
74272 7
74896 3
74897 4
75521 4
75522 6
76146 7
76147 6
76771 3
76772 7
77396 3
77397 4
78021 2
78022 9
