523 6
1148 3
1149 5
1773 6
1774 2
2398 4
2399 1
3024 8
3648 4
3649 4
4273 9
4274 2
4898 6
4899 5
5523 4
5524 5
6148 2
6149 8
6773 2
6774 3
7398 3
7399 4
8023 5
8024 3
8648 2
8649 4
9273 3
9274 6
9898 4
9899 5
10523 6
10524 8
11148 2
11149 8
11773 2
11774 1
12399 4
13023 3
13024 8
13648 2
13649 5
14273 7
14274 1
14898 3
14899 6
15523 1
15524 6
16147 4
16148 9
16772 2
16773 6
17398 5
18022 2
18023 11
18647 1
18648 19
19273 5
19898 5
20523 5
21148 4
21773 8
22397 4
22398 7
23023 5
23647 2
23648 4
24273 11
24897 3
24898 6
25522 1
25523 9
26148 7
26773 5
27397 1
27398 9
28023 8
28648 7
29272 1
29273 6
29897 2
29898 6
30522 1
30523 9
31148 8
31149 1
31772 7
32397 12
32398 2
33022 7
33023 1
33647 5
33648 2
34272 5
34273 2
34897 4
34898 1
35522 10
35523 2
36147 5
36148 2
36772 8
36773 3
37397 3
37398 1
38022 2
38023 2
38647 8
39272 11
39897 11
39898 1
40522 6
40523 2
41147 3
41772 8
41773 1
42397 3
42398 3
43022 6
43023 1
43647 10
43648 3
44272 5
44897 3
44898 1
45522 7
45523 1
46147 3
46148 3
46772 6
46773 2
47397 10
48022 8
48647 9
49271 2
49272 11
49897 9
50521 3
50522 5
51147 8
51771 1
51772 11
52397 6
53021 1
53022 7
53646 1
53647 5
54272 8
54897 3
55522 3
56147 5
56771 1
56772 7
57396 2
57397 9
58021 1
58022 5
58647 9
59272 7
59897 4
60521 1
60522 5
61147 12
61772 4
62397 6
63021 7
63022 5
63646 8
63647 4
64271 4
64272 3
64896 7
64897 5
65521 3
65522 3
66146 5
66147 5
66771 7
66772 5
67396 3
67397 4
68021 4
68022 1
68646 5
68647 3
69271 5
69896 8
69897 1
70521 4
70522 4
71146 2
71147 6
71771 3
71772 5
72396 2
72397 6
73021 2
73022 6
73646 2
73647 6
74271 3
74272 3
74897 8
75521 3
75522 7
76146 4
76147 3
76771 5
76772 4
77396 4
77397 3
78021 3
78022 4
