523 7
524 3
1148 8
1149 10
1773 8
1774 4
2398 2
2399 7
3023 4
3024 6
3648 3
3649 2
4273 5
4274 9
4898 2
4899 2
5523 2
5524 4
6148 3
6149 10
6773 2
6774 3
7398 4
7399 4
8024 6
8648 1
8649 5
9273 4
9274 5
9898 2
9899 10
10523 4
10524 2
11148 2
11149 3
11773 3
11774 3
12398 4
12399 4
13023 3
13024 3
13648 2
13649 4
14273 2
14274 5
14898 1
14899 3
15523 1
15524 5
16147 2
16148 5
16772 2
16773 9
17397 4
17398 3
18022 2
18023 14
18647 3
18648 5
19272 1
19273 5
19897 1
19898 10
20522 3
20523 9
21148 3
21772 2
21773 4
22397 3
22398 5
23022 1
23023 10
23648 8
24272 1
24273 9
24897 1
24898 10
25522 1
25523 6
26148 6
26773 9
27397 1
27398 2
28022 1
28023 7
28647 3
28648 6
29272 2
29273 4
29897 1
29898 8
30522 1
30523 7
31148 4
31772 6
32397 3
32398 4
33022 7
33023 1
33647 5
33648 6
34272 7
34273 4
34897 5
34898 1
35522 7
35523 3
36147 5
36148 3
36772 9
36773 1
37397 4
37398 2
38022 6
38023 2
38647 5
38648 2
39272 3
39273 2
39897 7
39898 2
40522 7
40523 1
41147 4
41772 5
42397 8
42398 3
43022 1
43023 4
43647 7
43648 1
44272 9
44273 1
44897 5
44898 1
45522 5
45523 2
46147 6
46148 1
46772 11
46773 2
47396 1
47397 9
48022 6
48646 1
48647 7
49271 1
49272 10
49897 18
50522 10
51147 1
51771 2
51772 7
52397 8
53022 12
53646 3
53647 6
54271 2
54272 8
54897 4
55521 1
55522 7
56147 7
56772 6
57396 1
57397 9
58022 2
58647 5
59272 5
59897 6
60522 11
61146 1
61147 8
61772 9
62397 10
63021 7
63022 3
63646 6
63647 4
64271 6
64272 5
64896 6
64897 5
65521 1
65522 7
66146 6
66771 3
66772 7
67396 2
67397 7
68021 4
68022 3
68646 1
68647 5
69271 3
69272 3
69896 2
69897 3
70521 2
70522 1
71146 4
71147 5
71771 5
71772 7
72396 3
72397 2
73021 3
73022 2
73646 4
73647 5
74271 6
74272 5
74896 2
74897 7
75521 7
75522 7
76146 1
76147 3
76771 3
76772 1
77397 4
78021 3
78022 4
