142 0.5
143 0.5
162 1.0
167 0.42857142857142855
168 0.5714285714285714
187 1.0
193 1.0
217 1.0
274 1.0
287 1.0
292 0.29411764705882354
293 0.7058823529411765
298 1.0
312 1.0
317 0.5357142857142857
318 0.4642857142857143
337 1.0
342 0.5
343 0.5
393 1.0
398 0.16666666666666666
399 0.8333333333333334
412 1.0
417 0.10714285714285714
418 0.8928571428571429
423 0.5
424 0.5
437 1.0
442 0.25
443 0.75
518 1.0
523 0.05555555555555555
524 0.9444444444444444
543 1.0
548 0.25
549 0.75
668 1.0
768 1.0
774 1.0
787 1.0
792 0.08333333333333333
793 0.9166666666666666
812 1.0
817 0.25
818 0.75
842 1.0
893 1.0
899 1.0
912 1.0
917 0.23076923076923078
918 0.7692307692307693
937 1.0
942 0.4
943 0.6
962 1.0
968 1.0
1018 1.0
1024 1.0
1037 1.0
1042 0.16666666666666666
1043 0.8333333333333334
1048 0.5
1049 0.5
1062 1.0
1067 0.2
1068 0.8
1143 1.0
1149 1.0
1168 1.0
1173 0.4
1174 0.6
1393 1.0
1399 1.0
1412 1.0
1417 0.14285714285714285
1418 0.8571428571428571
1424 1.0
1443 1.0
1518 1.0
1523 0.1
1524 0.9
1537 1.0
1542 0.058823529411764705
1543 0.9411764705882353
1549 1.0
1562 1.0
1567 0.34615384615384615
1568 0.6538461538461539
1587 1.0
1592 0.25
1593 0.75
1643 1.0
1648 0.25
1649 0.75
1662 1.0
1668 1.0
1674 1.0
1687 1.0
1692 0.06666666666666667
1693 0.9333333333333333
1768 1.0
1774 1.0
1793 1.0
1799 1.0
1918 1.0
2018 1.0
2037 1.0
2043 1.0
2048 0.5
2049 0.5
2068 1.0
2143 1.0
2149 1.0
2162 1.0
2167 0.10526315789473684
2168 0.8947368421052632
2187 1.0
2192 0.41379310344827586
2193 0.5862068965517241
2217 1.0
2268 1.0
2273 0.16666666666666666
2274 0.8333333333333334
2287 1.0
2292 0.11627906976744186
2293 0.8837209302325582
2298 0.6
2299 0.4
2312 1.0
2318 1.0
2393 1.0
2399 1.0
2418 1.0
2424 1.0
2643 1.0
2648 0.5
2649 0.5
2667 0.125
2668 0.875
2768 1.0
2773 0.09090909090909091
2774 0.9090909090909091
2787 1.0
2792 0.047619047619047616
2793 0.9523809523809523
2812 1.0
2817 0.3235294117647059
2818 0.6764705882352942
2893 1.0
2898 0.16666666666666666
2899 0.8333333333333334
2912 1.0
2917 0.045454545454545456
2918 0.9545454545454546
2923 0.18181818181818182
2924 0.8181818181818182
2937 1.0
2942 0.16666666666666666
2943 0.8333333333333334
3018 1.0
3024 1.0
3043 1.0
3048 0.14285714285714285
3049 0.8571428571428571
3162 1.0
3181 1.0
3186 0.08333333333333333
3187 0.9166666666666666
3192 1.0
3211 0.2
3212 0.8
3236 0.25
3237 0.75
3281 1.0
3286 0.4
3287 0.6
3306 1.0
3311 0.14634146341463414
3312 0.8536585365853658
3331 1.0
3336 0.30097087378640774
3337 0.6990291262135923
3356 1.0
3361 0.4
3362 0.6
3431 1.0
3436 0.36363636363636365
3437 0.6363636363636364
3456 1.0
3461 0.29411764705882354
3462 0.7058823529411765
3787 1.0
3793 1.0
3812 1.0
3817 1.0
3911 0.07692307692307693
3912 0.9230769230769231
3931 1.0
3936 0.1111111111111111
3937 0.8888888888888888
3942 1.0
3956 1.0
3961 0.16666666666666666
3962 0.8333333333333334
3981 1.0
3987 1.0
4056 1.0
4061 0.1111111111111111
4062 0.8888888888888888
4081 1.0
4086 0.36363636363636365
4087 0.6363636363636364
4412 1.0
4418 1.0
4437 1.0
4442 0.5
4443 0.5
4537 1.0
4542 1.0
4556 1.0
4561 0.18604651162790697
4562 0.813953488372093
4567 1.0
4581 1.0
4586 0.11764705882352941
4587 0.8823529411764706
4592 1.0
4611 0.25
4612 0.75
4681 1.0
4686 0.10869565217391304
4687 0.8913043478260869
4693 1.0
4706 1.0
4711 0.2631578947368421
4712 0.7368421052631579
5037 1.0
5043 1.0
5062 1.0
5068 1.0
5161 0.07692307692307693
5162 0.9230769230769231
5167 0.5
5168 0.5
5186 0.11904761904761904
5187 0.8809523809523809
5192 0.7142857142857143
5193 0.2857142857142857
5211 0.061224489795918366
5212 0.9387755102040817
5218 1.0
5237 1.0
5306 1.0
5311 0.1346153846153846
5312 0.8653846153846154
5317 0.3333333333333333
5318 0.6666666666666666
5331 1.0
5336 0.19230769230769232
5337 0.8076923076923077
5342 1.0
5662 1.0
5668 1.0
5687 1.0
5693 1.0
5786 0.16666666666666666
5787 0.8333333333333334
5792 0.42857142857142855
5793 0.5714285714285714
5812 1.0
5817 0.6666666666666666
5818 0.3333333333333333
5836 0.023809523809523808
5837 0.9761904761904762
5842 0.25
5843 0.75
5862 1.0
5912 1.0
5931 1.0
5936 0.11764705882352941
5937 0.8823529411764706
5942 0.5714285714285714
5943 0.42857142857142855
5961 0.24
5962 0.76
5967 1.0
6062 1.0
6281 1.0
6287 1.0
6306 1.0
6311 0.3181818181818182
6312 0.6818181818181818
6331 1.0
6336 0.4375
6337 0.5625
6356 1.0
6361 0.42857142857142855
6362 0.5714285714285714
6431 1.0
6436 1.0
6456 1.0
6461 0.75
6462 0.25
6481 1.0
6486 1.0
6581 1.0
6911 0.125
6912 0.875
6931 1.0
6936 0.32142857142857145
6937 0.6785714285714286
6956 1.0
6961 0.2727272727272727
6962 0.7272727272727273
6981 1.0
6986 0.2222222222222222
6987 0.7777777777777778
7056 1.0
7061 1.0
7081 1.0
7086 0.5862068965517241
7087 0.41379310344827586
7106 1.0
7111 0.6153846153846154
7112 0.38461538461538464
7206 1.0
7537 1.0
7542 1.0
7556 1.0
7561 0.21428571428571427
7562 0.7857142857142857
7567 1.0
7587 1.0
7612 1.0
7681 1.0
7687 1.0
7706 1.0
7711 0.425531914893617
7712 0.574468085106383
7731 1.0
7736 0.6428571428571429
7737 0.35714285714285715
7831 1.0
8156 1.0
8161 0.09090909090909091
8162 0.9090909090909091
8168 1.0
8187 1.0
8192 0.5
8193 0.5
8212 1.0
8237 1.0
8287 1.0
8306 1.0
8311 0.3076923076923077
8312 0.6923076923076923
8331 1.0
8336 0.3372093023255814
8337 0.6627906976744186
8356 1.0
8361 0.3125
8362 0.6875
8431 1.0
8456 1.0
8781 1.0
8787 1.0
8811 0.06666666666666667
8812 0.9333333333333333
8818 1.0
8837 1.0
8862 1.0
8912 1.0
8931 1.0
8936 0.13333333333333333
8937 0.8666666666666667
8956 1.0
8961 0.2268041237113402
8962 0.7731958762886598
8981 1.0
8987 1.0
9056 1.0
9081 1.0
9086 0.6666666666666666
9087 0.3333333333333333
9431 1.0
9436 0.2
9437 0.8
9456 1.0
9461 0.3333333333333333
9462 0.6666666666666666
9481 1.0
9486 0.3333333333333333
9487 0.6666666666666666
9555 1.0
9575 1.0
9580 0.22641509433962265
9581 0.7735849056603774
9600 1.0
9605 0.21052631578947367
9606 0.7894736842105263
10031 1.0
10037 1.0
10056 1.0
10061 0.1111111111111111
10062 0.8888888888888888
10081 1.0
10086 0.6666666666666666
10087 0.3333333333333333
10106 1.0
10111 0.42857142857142855
10112 0.5714285714285714
10205 0.04918032786885246
10206 0.9508196721311475
10230 0.044444444444444446
10231 0.9555555555555556
10656 1.0
10681 1.0
10686 0.42857142857142855
10687 0.5714285714285714
10706 1.0
10711 0.1
10712 0.9
10731 1.0
10736 0.21428571428571427
10737 0.7857142857142857
10806 1.0
10830 0.02857142857142857
10831 0.9714285714285714
10836 1.0
10856 1.0
11281 1.0
11287 1.0
11306 1.0
11311 0.10526315789473684
11312 0.8947368421052632
11331 1.0
11336 0.05
11337 0.95
11356 1.0
11361 0.06666666666666667
11362 0.9333333333333333
11431 1.0
11455 0.009345794392523364
11456 0.9906542056074766
11461 0.5555555555555556
11462 0.4444444444444444
11481 1.0
11486 0.3333333333333333
11487 0.6666666666666666
11581 1.0
11912 1.0
11931 1.0
11936 0.2
11937 0.8
11956 1.0
11961 0.3333333333333333
11962 0.6666666666666666
11986 0.3333333333333333
11987 0.6666666666666666
12056 1.0
12081 1.0
12086 0.4230769230769231
12087 0.5769230769230769
12106 1.0
12111 0.23076923076923078
12112 0.7692307692307693
12206 1.0
12531 1.0
12550 1.0
12555 0.1111111111111111
12556 0.8888888888888888
12561 0.4166666666666667
12562 0.5833333333333334
12580 0.08695652173913043
12581 0.9130434782608695
12587 1.0
12600 1.0
12605 0.07971014492753623
12606 0.9202898550724637
12611 0.6666666666666666
12612 0.3333333333333333
12700 1.0
12705 0.7777777777777778
12706 0.2222222222222222
12725 1.0
12730 0.4782608695652174
12731 0.5217391304347826
13162 1.0
13181 1.0
13186 0.38461538461538464
13187 0.6153846153846154
13206 1.0
13231 1.0
13236 0.2
13237 0.8
13325 1.0
13330 0.45454545454545453
13331 0.5454545454545454
13350 1.0
13355 0.29411764705882354
13356 0.7058823529411765
13787 1.0
13805 0.05
13806 0.95
13811 0.21052631578947367
13812 0.7894736842105263
13831 1.0
13836 0.2
13837 0.8
13856 1.0
13861 0.375
13862 0.625
13950 1.0
13955 0.25
13956 0.75
13980 0.05128205128205128
13981 0.9487179487179487
14406 1.0
14412 1.0
14431 1.0
14436 0.29411764705882354
14437 0.7058823529411765
14456 1.0
14461 0.5
14462 0.5
14481 1.0
14486 0.4444444444444444
14487 0.5555555555555556
14580 0.07246376811594203
14581 0.927536231884058
14605 0.017857142857142856
14606 0.9821428571428571
15031 1.0
15036 0.25
15037 0.75
15056 1.0
15061 0.23529411764705882
15062 0.7647058823529411
15081 1.0
15086 0.09090909090909091
15087 0.9090909090909091
15106 1.0
15111 0.047619047619047616
15112 0.9523809523809523
15181 1.0
15205 0.05063291139240506
15206 0.9493670886075949
15231 1.0
15236 0.75
15237 0.25
