0 1.0
6 1.0
25 1.0
31 0.9807692307692307
32 0.019230769230769232
37 0.967741935483871
38 0.03225806451612903
50 1.0
56 0.975
57 0.025
62 0.9856115107913669
63 0.014388489208633094
68 1.0
75 0.9848484848484849
76 0.015151515151515152
81 0.9341317365269461
82 0.0658682634730539
87 0.945054945054945
88 0.054945054945054944
93 1.0
99 1.0
100 0.9791666666666666
101 0.020833333333333332
106 0.9781021897810219
107 0.021897810218978103
112 0.9696969696969697
113 0.030303030303030304
118 1.0
125 1.0
131 0.9629629629629629
132 0.037037037037037035
137 1.0
143 1.0
149 1.0
150 1.0
156 0.9310344827586207
157 0.06896551724137931
162 0.9157894736842105
163 0.08421052631578947
168 0.9331210191082803
169 0.06687898089171974
174 1.0
181 1.0
187 0.9367088607594937
188 0.06329113924050633
193 0.9615384615384616
194 0.038461538461538464
199 1.0
212 1.0
218 1.0
224 1.0
250 1.0
256 0.9047619047619048
257 0.09523809523809523
262 0.967741935483871
263 0.03225806451612903
268 0.8909090909090909
269 0.10909090909090909
274 1.0
281 1.0
287 1.0
293 0.9052631578947369
294 0.09473684210526316
299 1.0
375 1.0
381 0.875
382 0.125
387 0.9230769230769231
388 0.07692307692307693
393 0.8833333333333333
394 0.11666666666666667
399 1.0
418 1.0
424 1.0
500 1.0
506 1.0
512 0.9333333333333333
513 0.06666666666666667
518 0.9591836734693877
519 0.04081632653061224
524 1.0
