166 1.0
187 0.7142857142857143
188 0.2857142857142857
192 1.0
218 1.0
270 1.0
287 1.0
291 0.75
292 0.25
312 0.6666666666666666
313 0.3333333333333333
317 0.8333333333333334
318 0.16666666666666666
338 1.0
343 1.0
395 0.5
396 0.5
416 1.0
421 1.0
515 0.5
516 0.5
520 1.0
786 1.0
791 0.6666666666666666
792 0.3333333333333333
812 1.0
916 0.8571428571428571
917 0.14285714285714285
937 0.7142857142857143
938 0.2857142857142857
942 0.8
943 0.2
963 1.0
968 1.0
1016 1.0
1041 1.0
1067 1.0
1140 1.0
1145 1.0
1171 1.0
1411 1.0
1416 1.0
1437 1.0
1541 0.75
1542 0.25
1562 0.8333333333333334
1563 0.16666666666666666
1567 1.0
1588 1.0
1666 0.875
1667 0.125
1671 1.0
1687 1.0
1692 1.0
1766 1.0
1770 1.0
1796 1.0
2015 0.5
2016 0.5
2036 1.0
2041 1.0
2161 1.0
2166 1.0
2171 1.0
2187 1.0
2192 1.0
2213 1.0
2266 1.0
2270 1.0
2291 1.0
2296 1.0
2312 1.0
2317 1.0
2395 1.0
2416 1.0
2421 1.0
2661 1.0
2666 1.0
2770 1.0
2787 1.0
2812 1.0
2817 1.0
2838 1.0
2890 0.3333333333333333
2891 0.6666666666666666
2895 1.0
2911 1.0
2916 1.0
2921 1.0
2937 1.0
3015 1.0
3020 1.0
3041 1.0
3046 1.0
3270 1.0
3291 1.0
3317 1.0
3343 1.0
3395 1.0
3412 1.0
3416 0.5
3417 0.5
3437 0.75
3438 0.25
3442 1.0
3463 1.0
3468 1.0
3516 1.0
3541 1.0
3567 1.0
3645 1.0
3791 1.0
3890 1.0
3916 1.0
3937 1.0
3943 1.0
3968 1.0
4020 1.0
4037 1.0
4062 0.6923076923076923
4063 0.3076923076923077
4067 1.0
4088 1.0
4146 1.0
4166 0.875
4167 0.125
4192 1.0
4270 1.0
4291 1.0
4296 1.0
4541 1.0
4567 1.0
4645 1.0
4666 1.0
4687 0.8333333333333334
4688 0.16666666666666666
4692 0.8333333333333334
4693 0.16666666666666666
4770 1.0
4791 1.0
4796 1.0
4817 1.0
4895 1.0
4916 1.0
5140 1.0
5161 1.0
5166 1.0
5286 1.0
5291 1.0
5312 1.0
5317 1.0
5390 1.0
5395 1.0
5412 1.0
5416 0.875
5417 0.125
5421 1.0
5515 1.0
5520 1.0
5546 1.0
5770 1.0
5786 1.0
5791 1.0
5890 1.0
5895 1.0
5911 1.0
5916 1.0
5937 1.0
6015 0.5
6016 0.5
6020 1.0
6036 1.0
6041 0.8333333333333334
6042 0.16666666666666666
6062 1.0
6067 1.0
6140 1.0
6145 1.0
6166 1.0
6171 1.0
6391 1.0
6395 1.0
6411 0.5
6412 0.5
6416 1.0
6421 1.0
6515 1.0
6520 1.0
6541 0.75
6542 0.25
6546 1.0
6562 1.0
6567 1.0
6588 1.0
6593 1.0
6666 0.9
6667 0.1
6671 1.0
6692 1.0
6770 1.0
6796 1.0
7020 1.0
7036 1.0
7041 1.0
7067 1.0
7145 1.0
7187 0.5
7188 0.5
7192 0.7142857142857143
7193 0.2857142857142857
7213 1.0
7218 1.0
7265 1.0
7270 0.75
7271 0.25
7291 1.0
7296 1.0
7312 1.0
7317 1.0
7390 1.0
7395 1.0
7662 1.0
7666 1.0
7770 1.0
7786 1.0
7791 0.5
7792 0.5
7812 1.0
7817 1.0
7843 1.0
7890 0.6666666666666666
7891 0.3333333333333333
7895 1.0
7916 1.0
7921 1.0
7942 1.0
8015 1.0
8020 1.0
8286 1.0
8291 1.0
8395 1.0
8416 0.75
8417 0.25
8421 1.0
8437 1.0
8442 1.0
8515 1.0
8536 1.0
8541 0.9090909090909091
8542 0.09090909090909091
8546 1.0
8562 1.0
8567 1.0
8640 1.0
8645 1.0
8671 1.0
8891 1.0
8895 1.0
8916 1.0
9015 1.0
9020 1.0
9041 0.8571428571428571
9042 0.14285714285714285
9062 1.0
9067 1.0
9145 1.0
9161 1.0
9166 1.0
9187 1.0
9192 1.0
9265 1.0
9270 1.0
9291 1.0
9296 1.0
9416 1.0
9515 1.0
9541 1.0
9567 1.0
9641 1.0
9666 0.75
9667 0.25
9687 0.8333333333333334
9688 0.16666666666666666
9692 1.0
9770 1.0
9791 0.8
9792 0.2
9796 0.6666666666666666
9797 0.3333333333333333
9817 1.0
9895 1.0
9916 1.0
10141 1.0
10166 1.0
10171 1.0
10265 1.0
10270 1.0
10291 0.75
10292 0.25
10312 0.75
10313 0.25
10317 0.8571428571428571
10318 0.14285714285714285
10343 1.0
10390 0.5
10391 0.5
10396 1.0
10416 0.9
10417 0.1
10437 1.0
10442 1.0
10515 1.0
10520 1.0
10546 1.0
10765 1.0
10791 1.0
10796 1.0
10890 1.0
10895 1.0
10911 1.0
10916 0.6666666666666666
10917 0.3333333333333333
10937 1.0
10942 1.0
11020 1.0
11036 1.0
11041 1.0
11062 1.0
11067 1.0
11140 1.0
11145 1.0
11166 1.0
11416 1.0
11515 1.0
11520 1.0
11536 1.0
11541 1.0
11562 1.0
11567 1.0
11640 1.0
11645 0.5
11646 0.5
11666 0.9090909090909091
11667 0.09090909090909091
11671 1.0
11687 1.0
11765 1.0
11770 1.0
12015 0.5
12016 0.5
12036 1.0
12041 1.0
12145 1.0
12161 0.75
12162 0.25
12167 1.0
12187 1.0
12192 1.0
12270 1.0
12286 1.0
12291 1.0
12296 1.0
12312 1.0
12390 1.0
12395 1.0
12421 1.0
12640 1.0
12666 1.0
12770 1.0
12791 0.6
12792 0.4
12812 0.8
12813 0.2
12817 1.0
12895 1.0
12911 1.0
12916 0.7142857142857143
12917 0.2857142857142857
12921 1.0
12942 1.0
13015 1.0
13020 1.0
13265 0.5
13266 0.5
13270 1.0
13291 1.0
13390 1.0
13395 1.0
13411 1.0
13416 1.0
13437 1.0
13442 0.8888888888888888
13443 0.1111111111111111
13541 1.0
13546 1.0
13562 1.0
13640 1.0
13645 1.0
13666 1.0
13671 1.0
13890 1.0
13916 1.0
14020 1.0
14036 1.0
14041 1.0
14062 1.0
14067 1.0
14140 1.0
14145 1.0
14166 1.0
14171 1.0
14187 1.0
14192 1.0
14270 1.0
14291 1.0
14296 1.0
14520 1.0
14541 1.0
14640 1.0
14645 1.0
14666 1.0
14687 1.0
14692 1.0
14765 0.5
14766 0.5
14770 1.0
14791 1.0
14812 1.0
14817 1.0
14890 1.0
14895 1.0
14916 1.0
14921 1.0
15140 1.0
15270 1.0
15291 1.0
15312 1.0
15317 1.0
15390 1.0
15395 1.0
15416 0.9090909090909091
15417 0.09090909090909091
15421 1.0
15437 1.0
15442 1.0
15515 1.0
15520 1.0
15541 1.0
15546 1.0
15661 1.0
15687 0.75
15688 0.25
15692 1.0
15713 0.4
15714 0.6
15739 1.0
15812 0.7142857142857143
15813 0.2857142857142857
15833 0.25
15834 0.75
15838 1.0
15859 1.0
15864 1.0
16286 1.0
16307 1.0
16312 0.8333333333333334
16313 0.16666666666666666
16437 0.6666666666666666
16438 0.3333333333333333
16458 0.8888888888888888
16459 0.1111111111111111
16463 0.8666666666666667
16464 0.13333333333333333
16484 1.0
16489 1.0
16563 1.0
16588 1.0
16911 1.0
16937 1.0
17062 1.0
17083 1.0
17088 0.9473684210526315
17089 0.05263157894736842
17109 1.0
17114 1.0
17187 0.3333333333333333
17188 0.6666666666666666
17208 1.0
17213 1.0
17536 1.0
17661 0.6666666666666666
17662 0.3333333333333333
17682 0.3333333333333333
17683 0.6666666666666666
17687 0.8
17688 0.2
17708 1.0
17713 1.0
17812 0.8
17813 0.2
17833 1.0
17838 1.0
18281 1.0
18286 1.0
18307 1.0
18312 0.75
18313 0.25
18333 1.0
18338 1.0
18432 1.0
18437 0.8461538461538461
18438 0.15384615384615385
18458 1.0
18463 1.0
18786 1.0
18791 1.0
18812 1.0
18817 1.0
18911 1.0
18937 0.5
18938 0.5
18943 1.0
18958 0.5
18959 0.5
18963 1.0
18984 1.0
18989 1.0
19088 1.0
19416 1.0
19437 1.0
19536 1.0
19562 0.4
19563 0.6
19567 1.0
19583 0.6666666666666666
19584 0.3333333333333333
19588 0.9166666666666666
19589 0.08333333333333333
19609 1.0
19687 1.0
19713 1.0
20036 1.0
20062 1.0
20161 1.0
20187 0.7142857142857143
20188 0.2857142857142857
20208 1.0
20213 1.0
20312 0.3333333333333333
20313 0.6666666666666666
20333 1.0
20338 1.0
20661 1.0
20666 1.0
20687 1.0
20786 1.0
20807 1.0
20812 0.8
20813 0.2
20833 1.0
20838 1.0
20932 1.0
20937 1.0
20958 1.0
20963 1.0
21286 1.0
21411 1.0
21437 0.7
21438 0.3
21458 1.0
21463 1.0
21557 1.0
21562 1.0
21583 1.0
21588 1.0
21911 0.5
21912 0.5
21916 1.0
21937 1.0
21942 1.0
22036 1.0
22062 0.8333333333333334
22063 0.16666666666666666
22067 1.0
22083 1.0
22088 0.9655172413793104
22089 0.034482758620689655
22093 1.0
22114 1.0
22187 1.0
22213 1.0
22562 1.0
22567 1.0
22661 1.0
22687 0.8571428571428571
22688 0.14285714285714285
22692 1.0
22708 1.0
22713 1.0
22718 1.0
22739 1.0
22812 1.0
22833 1.0
22838 1.0
23161 1.0
23187 1.0
23286 1.0
23291 1.0
23307 1.0
23312 0.875
23313 0.125
23333 1.0
23338 1.0
23437 0.8
23438 0.2
23458 1.0
23463 1.0
23786 1.0
23812 1.0
23817 1.0
23911 1.0
23916 1.0
23932 1.0
23937 1.0
23963 1.0
24062 1.0
24067 1.0
24083 1.0
24088 1.0
24411 1.0
24536 1.0
24541 1.0
24557 1.0
24562 1.0
24583 1.0
24588 1.0
24682 1.0
24687 0.9473684210526315
24688 0.05263157894736842
24708 1.0
24713 1.0
25036 1.0
25041 1.0
25062 1.0
25161 1.0
25166 1.0
25187 0.8571428571428571
25188 0.14285714285714285
25192 1.0
25213 1.0
25218 1.0
25239 1.0
25313 1.0
25338 1.0
25343 1.0
25661 1.0
25687 1.0
25692 1.0
25786 1.0
25812 0.875
25813 0.125
25817 1.0
25838 1.0
25937 1.0
25963 1.0
26291 1.0
26312 1.0
26411 1.0
26437 0.7142857142857143
26438 0.2857142857142857
26442 1.0
26463 1.0
26557 1.0
26562 1.0
26567 1.0
26583 1.0
26588 1.0
26911 1.0
27036 1.0
27041 1.0
27062 1.0
27088 1.0
27182 1.0
27187 0.9
27188 0.1
27192 1.0
27208 1.0
27213 1.0
27536 1.0
27661 1.0
27687 1.0
27692 1.0
27713 1.0
27807 1.0
27812 0.9523809523809523
27813 0.047619047619047616
27833 1.0
27838 1.0
28161 1.0
28166 1.0
28286 1.0
28291 1.0
28312 0.8333333333333334
28313 0.16666666666666666
28317 1.0
28338 1.0
28343 1.0
28364 1.0
28437 1.0
28463 1.0
28468 1.0
28786 1.0
28791 1.0
28812 1.0
28916 1.0
28937 0.9
28938 0.1
28942 1.0
28963 1.0
28968 1.0
28989 1.0
29062 1.0
29067 0.6666666666666666
29068 0.3333333333333333
29088 1.0
29093 1.0
29411 1.0
29442 1.0
29536 1.0
29562 0.75
29563 0.25
29588 1.0
29687 1.0
29693 1.0
29713 1.0
30161 1.0
30187 1.0
30312 0.9696969696969697
30313 0.030303030303030304
30317 1.0
30338 1.0
30786 1.0
30791 1.0
30811 1.0
30911 1.0
30932 1.0
30937 1.0
30942 1.0
30963 1.0
31062 1.0
31286 1.0
31307 1.0
31312 1.0
31333 0.6
31334 0.4
31338 0.8571428571428571
31339 0.14285714285714285
31359 1.0
31364 1.0
31458 1.0
31464 1.0
31484 1.0
31932 1.0
31937 1.0
31958 0.75
31959 0.25
31963 0.6666666666666666
31964 0.3333333333333333
31984 1.0
31989 1.0
32083 0.9
32084 0.1
32109 1.0
32114 1.0
32536 1.0
32557 1.0
32562 0.8571428571428571
32563 0.14285714285714285
32583 1.0
32588 1.0
32609 1.0
32614 1.0
32682 1.0
32708 1.0
32713 0.6666666666666666
32714 0.3333333333333333
32734 1.0
33161 1.0
33182 1.0
33187 1.0
33213 1.0
33307 1.0
33333 1.0
33338 0.6666666666666666
33339 0.3333333333333333
33359 1.0
33781 1.0
33807 1.0
33812 1.0
33838 1.0
33932 1.0
33937 1.0
33958 1.0
33963 1.0
33983 0.5
33984 0.5
34083 1.0
34411 0.5
34412 0.5
34432 1.0
34437 0.6666666666666666
34438 0.3333333333333333
34463 0.8
34464 0.2
34484 1.0
34489 1.0
34583 0.75
34584 0.25
34609 1.0
34614 1.0
35036 1.0
35057 1.0
35062 1.0
35083 0.5
35084 0.5
35088 1.0
35109 1.0
35114 1.0
35208 0.7857142857142857
35209 0.21428571428571427
35213 1.0
35234 1.0
35239 1.0
35661 0.5
35662 0.5
35682 1.0
35687 1.0
35708 1.0
35713 1.0
35807 1.0
35833 0.9285714285714286
35834 0.07142857142857142
35838 1.0
35859 1.0
35864 1.0
36286 1.0
36312 1.0
36432 1.0
36458 1.0
36463 1.0
36484 1.0
36583 1.0
36911 1.0
36937 1.0
37057 1.0
37062 1.0
37083 1.0
37088 1.0
37108 1.0
37208 1.0
37541 1.0
37562 0.875
37563 0.125
37567 1.0
37588 1.0
37614 1.0
37708 1.0
37713 0.875
37714 0.125
37734 1.0
37739 1.0
38161 1.0
38182 1.0
38187 1.0
38213 1.0
38239 1.0
38333 1.0
38338 1.0
38359 1.0
38364 1.0
38786 1.0
38807 1.0
38812 1.0
38838 1.0
38958 1.0
38963 1.0
38984 1.0
38989 1.0
39411 1.0
39432 1.0
39437 1.0
39557 1.0
39583 1.0
39587 0.08333333333333333
39588 0.9166666666666666
39609 1.0
39708 1.0
40036 1.0
40182 1.0
40187 1.0
40208 1.0
40213 1.0
40333 1.0
40666 1.0
40687 1.0
40692 1.0
40713 1.0
40739 1.0
40812 1.0
40833 0.6666666666666666
40834 0.3333333333333333
40838 0.9375
40839 0.0625
40859 1.0
40864 1.0
41286 1.0
41312 1.0
41338 1.0
41437 1.0
41458 1.0
41463 0.8947368421052632
41464 0.10526315789473684
41484 1.0
41489 1.0
41907 1.0
41911 1.0
41937 1.0
41942 1.0
42057 1.0
42083 1.0
42088 1.0
42109 1.0
42114 1.0
42208 1.0
42536 1.0
42682 1.0
42687 1.0
42708 1.0
42712 0.045454545454545456
42713 0.9545454545454546
42807 1.0
42833 1.0
43161 1.0
43187 1.0
43286 1.0
43307 1.0
43312 1.0
43332 0.05555555555555555
43333 0.9444444444444444
43338 1.0
43432 1.0
43458 1.0
43787 1.0
43812 1.0
43838 1.0
43864 1.0
43958 1.0
43963 0.9642857142857143
43964 0.03571428571428571
43984 1.0
43989 1.0
44411 1.0
44437 1.0
44583 1.0
44588 1.0
44614 1.0
44713 1.0
45036 1.0
45062 1.0
45067 1.0
45187 1.0
45208 1.0
45213 1.0
45333 1.0
45656 1.0
45661 1.0
45687 1.0
45807 1.0
45812 1.0
45833 1.0
45837 0.06666666666666667
45838 0.9333333333333333
45958 1.0
45963 1.0
46286 1.0
46312 1.0
46411 1.0
46432 1.0
46437 1.0
46457 0.1111111111111111
46458 0.8888888888888888
46462 0.1
46463 0.9
46557 1.0
46583 1.0
46588 1.0
46933 1.0
46937 1.0
46958 1.0
46963 1.0
46984 1.0
46989 1.0
47557 1.0
47562 1.0
47583 0.75
47584 0.25
47588 1.0
47609 1.0
47614 1.0
47708 1.0
47734 1.0
48182 1.0
48187 1.0
48208 1.0
48234 1.0
48239 1.0
48333 1.0
48354 1.0
48359 1.0
48807 1.0
48812 1.0
48833 1.0
48859 1.0
48953 1.0
48958 1.0
48978 1.0
48984 1.0
49432 1.0
49437 1.0
49458 1.0
49484 1.0
49557 1.0
49578 1.0
49583 1.0
49604 1.0
49608 0.16666666666666666
49609 0.8333333333333334
50057 1.0
50062 1.0
50083 1.0
50088 0.5
50089 0.5
50109 1.0
50114 1.0
50234 1.0
50682 1.0
50687 1.0
50708 0.8
50709 0.2
50713 1.0
50734 1.0
50739 1.0
50859 1.0
51307 1.0
51312 1.0
51333 1.0
51338 1.0
51359 1.0
51364 1.0
51458 1.0
51484 1.0
51932 1.0
51937 1.0
51958 1.0
51963 1.0
52083 1.0
52108 0.2
52109 0.8
52531 1.0
52536 1.0
52557 1.0
52562 1.0
52583 1.0
52708 1.0
52733 0.6
52734 0.4
53182 1.0
53187 1.0
53208 1.0
53213 0.6666666666666666
53214 0.3333333333333333
53234 1.0
53239 1.0
53333 1.0
53359 1.0
53807 1.0
53812 1.0
53833 0.75
53834 0.25
53838 1.0
53859 1.0
53864 1.0
53958 0.8333333333333334
53959 0.16666666666666666
53984 1.0
54406 1.0
54437 1.0
54458 1.0
54484 1.0
54489 1.0
54583 1.0
54588 1.0
54609 1.0
55057 1.0
55062 1.0
55083 1.0
55088 1.0
55208 1.0
55213 1.0
55233 0.2727272727272727
55234 0.7272727272727273
55682 1.0
55687 1.0
55807 1.0
55833 1.0
55838 1.0
55858 1.0
56312 1.0
56333 1.0
56338 0.875
56339 0.125
56359 1.0
56364 1.0
56458 1.0
56464 1.0
56484 1.0
56489 1.0
56911 1.0
56932 1.0
56937 1.0
56958 1.0
56963 1.0
56984 1.0
56989 1.0
57083 1.0
57088 1.0
57109 1.0
57114 1.0
57557 1.0
57562 1.0
57583 1.0
57588 1.0
57708 1.0
57713 1.0
57734 1.0
57738 0.5
57739 0.5
58156 1.0
58161 1.0
58182 1.0
58187 1.0
58213 1.0
58307 1.0
58333 1.0
58338 1.0
58358 0.16666666666666666
58359 0.8333333333333334
58364 1.0
58807 1.0
58812 1.0
58932 1.0
58958 1.0
58983 1.0
59083 1.0
59432 1.0
59437 1.0
59458 1.0
59463 1.0
59489 1.0
59583 1.0
59588 1.0
59609 1.0
59614 1.0
60057 1.0
60062 1.0
60083 1.0
60088 1.0
60208 1.0
60213 1.0
60234 1.0
60239 1.0
60661 1.0
60682 1.0
60687 1.0
60713 1.0
60833 1.0
60838 1.0
60859 1.0
60864 1.0
61307 1.0
61432 1.0
61458 1.0
61462 0.16666666666666666
61463 0.8333333333333334
61483 0.3333333333333333
61484 0.6666666666666666
61583 1.0
61911 1.0
61932 1.0
61936 0.5
61937 0.5
62057 1.0
62083 1.0
62088 1.0
62109 1.0
62208 1.0
62557 1.0
62562 1.0
62583 1.0
62588 1.0
62609 1.0
62614 1.0
63182 1.0
63187 1.0
63208 1.0
63213 1.0
63229 1.0
63234 1.0
63354 1.0
63807 1.0
63812 1.0
63833 1.0
63859 1.0
63979 1.0
63984 1.0
64432 1.0
64458 1.0
64478 1.0
64484 1.0
64583 1.0
64603 0.1111111111111111
64604 0.8888888888888888
64609 1.0
65031 1.0
65052 1.0
65057 1.0
65062 1.0
65083 1.0
65109 1.0
65203 1.0
65208 1.0
65229 1.0
65233 0.08333333333333333
65234 0.9166666666666666
65687 1.0
65708 1.0
65734 1.0
65739 1.0
66307 1.0
66333 1.0
66359 1.0
66484 1.0
66932 1.0
66937 1.0
66958 1.0
66984 1.0
67083 1.0
67104 1.0
67109 1.0
67557 1.0
67562 1.0
67583 1.0
67608 0.09090909090909091
67609 0.9090909090909091
67708 1.0
67729 1.0
67734 1.0
68161 1.0
68182 1.0
68187 1.0
68207 0.16666666666666666
68208 0.8333333333333334
68234 1.0
68328 1.0
68333 1.0
68353 0.6666666666666666
68354 0.3333333333333333
68358 0.23076923076923078
68359 0.7692307692307693
68807 1.0
68812 1.0
68833 1.0
68838 0.3333333333333333
68839 0.6666666666666666
68859 1.0
68864 1.0
68984 1.0
69432 1.0
69437 1.0
69458 1.0
69463 1.0
69484 1.0
69489 1.0
69609 1.0
70036 1.0
70057 1.0
70062 1.0
70083 1.0
70109 1.0
70114 1.0
70208 1.0
70234 1.0
70682 1.0
70687 1.0
70708 1.0
70734 1.0
70828 1.0
70833 1.0
70858 0.07692307692307693
70859 0.9230769230769231
71286 1.0
71307 1.0
71312 1.0
71333 1.0
71359 1.0
71453 1.0
71458 1.0
71483 0.4166666666666667
71484 0.5833333333333334
71911 1.0
71932 1.0
71937 1.0
71958 1.0
71963 1.0
71984 1.0
71989 1.0
72109 1.0
72557 1.0
72562 1.0
72583 1.0
72588 1.0
72609 1.0
72614 1.0
72708 1.0
72734 1.0
73182 1.0
73187 1.0
73208 1.0
73213 1.0
73234 1.0
73239 1.0
73333 1.0
73358 0.15
73359 0.85
73807 1.0
73812 1.0
73833 1.0
73838 1.0
73958 1.0
73983 0.14285714285714285
73984 0.8571428571428571
74406 1.0
74432 1.0
74437 1.0
74583 1.0
74608 0.5
74609 0.5
75036 1.0
75057 1.0
75062 1.0
75083 0.9090909090909091
75084 0.09090909090909091
75088 1.0
75109 1.0
75114 1.0
75208 1.0
75234 1.0
75239 1.0
75656 1.0
75682 1.0
75687 1.0
75708 1.0
75713 1.0
75734 1.0
75739 1.0
75833 1.0
75859 1.0
75864 1.0
76286 1.0
76307 1.0
76312 1.0
76333 1.0
76338 1.0
76364 1.0
76458 1.0
76484 1.0
76489 1.0
76911 1.0
76932 1.0
76958 1.0
77083 1.0
77108 0.16666666666666666
77109 0.8333333333333334
77557 1.0
77562 1.0
77682 1.0
77707 0.058823529411764705
77708 0.9411764705882353
77733 0.75
77734 0.25
