0 1.0
6 1.0
12 1.0
18 1.0
24 1.0
25 0.9090909090909091
26 0.09090909090909091
31 0.9743589743589743
32 0.02564102564102564
37 1.0
43 0.987012987012987
44 0.012987012987012988
49 1.0
50 1.0
56 0.9701492537313433
57 0.029850746268656716
62 1.0
68 1.0
74 1.0
75 1.0
81 1.0
87 0.9811320754716981
88 0.018867924528301886
93 1.0
100 1.0
106 1.0
112 1.0
118 1.0
125 1.0
131 1.0
137 1.0
143 0.9661016949152542
144 0.03389830508474576
149 1.0
156 1.0
162 1.0
168 0.9358974358974359
169 0.0641025641025641
174 1.0
256 1.0
262 1.0
268 1.0
274 1.0
375 1.0
381 1.0
387 1.0
393 0.9090909090909091
394 0.09090909090909091
399 1.0
506 1.0
512 0.75
513 0.25
518 0.9310344827586207
519 0.06896551724137931
524 1.0
