0 1.0
6 1.0
25 0.9767441860465116
26 0.023255813953488372
31 1.0
50 0.9803921568627451
51 0.0196078431372549
56 1.0
62 1.0
75 0.9848484848484849
76 0.015151515151515152
81 0.9887218045112782
82 0.011278195488721804
87 1.0
100 0.9581151832460733
101 0.041884816753926704
106 0.9906103286384976
107 0.009389671361502348
112 1.0
125 1.0
131 1.0
150 1.0
156 0.9459459459459459
157 0.05405405405405406
162 0.9454545454545454
163 0.05454545454545454
168 1.0
181 0.926829268292683
182 0.07317073170731707
187 0.9341085271317829
188 0.06589147286821706
193 1.0
206 0.8514851485148515
207 0.1485148514851485
212 0.9432432432432433
213 0.05675675675675676
218 1.0
231 0.7777777777777778
232 0.2222222222222222
237 1.0
243 1.0
250 1.0
256 1.0
262 1.0
275 1.0
281 0.9565217391304348
282 0.043478260869565216
287 0.9097744360902256
288 0.09022556390977443
293 0.9491525423728814
294 0.05084745762711865
299 1.0
306 0.5
307 0.5
312 0.8208092485549133
313 0.1791907514450867
318 0.9383259911894273
319 0.06167400881057269
324 1.0
337 0.5
338 0.5
343 0.9565217391304348
344 0.043478260869565216
375 1.0
381 1.0
387 0.8125
388 0.1875
393 0.875
394 0.125
399 1.0
406 0.8888888888888888
407 0.1111111111111111
412 0.9
413 0.1
418 0.875
419 0.125
424 1.0
443 0.9230769230769231
444 0.07692307692307693
449 1.0
500 1.0
506 0.9555555555555556
507 0.044444444444444446
512 0.9565217391304348
513 0.043478260869565216
518 0.9230769230769231
519 0.07692307692307693
524 1.0
531 0.5
532 0.5
537 0.9512195121951219
538 0.04878048780487805
543 0.8627450980392157
544 0.13725490196078433
549 1.0
