60 1.0
161 1.0
166 1.0
186 1.0
191 1.0
211 1.0
272 1.0
292 1.0
311 0.5
312 0.5
317 1.0
336 1.0
341 0.5
342 0.5
398 1.0
418 1.0
423 1.0
519 1.0
524 1.0
544 1.0
786 1.0
791 1.0
811 1.0
816 1.0
912 1.0
917 1.0
937 1.0
942 1.0
961 0.42857142857142855
962 0.5714285714285714
1042 0.2222222222222222
1043 0.7777777777777778
1068 1.0
1143 0.5
1144 0.5
1149 1.0
1174 1.0
1411 1.0
1416 1.0
1436 1.0
1541 0.25
1542 0.75
1562 1.0
1567 1.0
1586 0.5
1587 0.5
1662 0.5
1663 0.5
1668 1.0
1688 1.0
1692 0.5
1693 0.5
1774 1.0
1793 1.0
2016 1.0
2036 1.0
2041 1.0
2061 1.0
2162 1.0
2167 1.0
2186 0.13333333333333333
2187 0.8666666666666667
2192 1.0
2212 1.0
2273 1.0
2293 1.0
2312 1.0
2318 1.0
2399 1.0
2419 1.0
2424 1.0
2661 1.0
2666 1.0
2772 1.0
2787 1.0
2812 1.0
2817 1.0
2837 1.0
2893 1.0
2898 1.0
2918 1.0
2923 1.0
2938 1.0
3019 1.0
3024 1.0
3044 1.0
3049 1.0
3165 1.0
3271 1.0
3290 0.125
3291 0.875
3311 1.0
3316 1.0
3336 1.0
3397 1.0
3417 1.0
3436 0.16666666666666666
3437 0.8333333333333334
3442 1.0
3461 0.3333333333333333
3462 0.6666666666666666
3467 1.0
3543 1.0
3567 1.0
3649 1.0
3790 1.0
3891 1.0
3911 1.0
3916 1.0
3936 1.0
3961 1.0
3966 1.0
4022 1.0
4042 1.0
4061 0.08333333333333333
4062 0.9166666666666666
4067 1.0
4086 0.2
4087 0.8
4168 1.0
4173 1.0
4192 0.6666666666666666
4193 0.3333333333333333
4273 0.3333333333333333
4274 0.6666666666666666
4293 0.25
4294 0.75
4298 0.5
4299 0.5
4541 1.0
4566 1.0
4586 1.0
4647 1.0
4662 1.0
4686 0.16666666666666666
4687 0.8333333333333334
4692 1.0
4712 1.0
4773 1.0
4793 1.0
4798 1.0
4818 1.0
4899 1.0
4919 1.0
5141 1.0
5161 1.0
5166 1.0
5287 1.0
5292 1.0
5312 1.0
5317 1.0
5393 1.0
5398 1.0
5413 1.0
5417 0.16666666666666666
5418 0.8333333333333334
5423 1.0
5437 1.0
5519 1.0
5524 1.0
5549 1.0
5771 1.0
5786 1.0
5791 1.0
5892 1.0
5897 1.0
5912 1.0
5917 1.0
5937 1.0
6018 1.0
6023 1.0
6038 1.0
6042 0.125
6043 0.875
6063 1.0
6067 0.6666666666666666
6068 0.3333333333333333
6144 1.0
6149 1.0
6168 0.5
6169 0.5
6174 1.0
6290 1.0
6396 1.0
6411 1.0
6416 1.0
6421 1.0
6436 1.0
6441 1.0
6466 1.0
6517 1.0
6522 1.0
6542 1.0
6546 1.0
6562 1.0
6567 1.0
6586 0.5
6587 0.5
6592 1.0
6668 1.0
6673 1.0
6692 1.0
6774 1.0
6798 1.0
7021 1.0
7036 1.0
7041 1.0
7066 1.0
7142 1.0
7147 1.0
7186 0.16666666666666666
7187 0.8333333333333334
7192 1.0
7212 1.0
7217 1.0
7268 1.0
7273 1.0
7292 0.16666666666666666
7293 0.8333333333333334
7298 1.0
7317 0.5
7318 0.5
7394 1.0
7399 1.0
7666 1.0
7686 1.0
7772 1.0
7787 1.0
7792 1.0
7812 1.0
7817 1.0
7842 1.0
7893 1.0
7898 1.0
7918 1.0
7923 1.0
7943 1.0
8019 1.0
8024 1.0
8286 1.0
8291 1.0
8397 1.0
8417 1.0
8422 1.0
8437 1.0
8442 1.0
8518 1.0
8537 0.5
8538 0.5
8543 1.0
8548 1.0
8563 1.0
8568 1.0
8644 1.0
8649 1.0
8674 1.0
8896 1.0
8911 1.0
8916 1.0
9017 1.0
9022 1.0
9037 1.0
9042 1.0
9062 1.0
9067 1.0
9143 1.0
9163 1.0
9168 1.0
9173 1.0
9188 1.0
9193 1.0
9269 1.0
9274 1.0
9294 1.0
9299 1.0
9415 1.0
9516 1.0
9541 1.0
9561 1.0
9566 1.0
9667 1.0
9686 0.3333333333333333
9687 0.6666666666666666
9692 1.0
9712 1.0
9773 1.0
9793 1.0
9798 1.0
9818 1.0
9899 1.0
9918 0.3333333333333333
9919 0.6666666666666666
10166 1.0
10191 1.0
10267 1.0
10272 1.0
10287 1.0
10292 1.0
10312 1.0
10316 0.14285714285714285
10317 0.8571428571428571
10337 1.0
10341 1.0
10393 1.0
10418 1.0
10423 1.0
10438 1.0
10442 0.25
10443 0.75
10519 1.0
10523 0.25
10524 0.75
10548 0.3333333333333333
10549 0.6666666666666666
10766 1.0
10791 1.0
10796 1.0
10891 1.0
10897 1.0
10912 1.0
10917 1.0
10937 1.0
10942 1.0
11023 1.0
11043 1.0
11063 1.0
11068 1.0
11144 1.0
11148 0.14285714285714285
11149 0.8571428571428571
11416 1.0
11516 0.3333333333333333
11517 0.6666666666666666
11522 1.0
11537 1.0
11542 1.0
11562 1.0
11567 1.0
11643 1.0
11648 1.0
11667 0.1
11668 0.9
11673 1.0
11688 1.0
11693 1.0
11769 1.0
11774 1.0
12016 1.0
12036 1.0
12041 1.0
12147 1.0
12162 1.0
12187 1.0
12192 1.0
12273 1.0
12287 0.16666666666666666
12288 0.8333333333333334
12293 1.0
12313 1.0
12394 1.0
12398 0.16666666666666666
12399 0.8333333333333334
12424 1.0
12641 1.0
12661 1.0
12666 1.0
12772 1.0
12792 1.0
12812 1.0
12817 1.0
12837 1.0
12893 1.0
12898 1.0
12913 1.0
12918 1.0
12923 1.0
12942 0.25
12943 0.75
13023 0.2
13024 0.8
13266 1.0
13271 1.0
13291 1.0
13316 1.0
13392 1.0
13397 1.0
13412 1.0
13416 0.6666666666666666
13417 0.3333333333333333
13437 1.0
13442 1.0
13462 1.0
13543 1.0
13548 1.0
13563 1.0
13643 1.0
13649 1.0
13669 1.0
13674 1.0
13891 1.0
13916 1.0
13941 1.0
14022 1.0
14037 1.0
14042 1.0
14062 1.0
14067 1.0
14143 1.0
14148 1.0
14168 1.0
14173 1.0
14187 1.0
14193 1.0
14274 1.0
14293 0.5
14294 0.5
14299 1.0
14516 1.0
14541 1.0
14642 1.0
14647 1.0
14667 1.0
14687 1.0
14692 1.0
14768 1.0
14773 1.0
14792 0.2
14793 0.8
14798 1.0
14813 1.0
14818 1.0
14899 1.0
14919 1.0
14924 1.0
15141 1.0
15166 1.0
15272 1.0
15292 1.0
15312 1.0
15317 1.0
15393 1.0
15398 1.0
15413 1.0
15418 1.0
15423 1.0
15438 1.0
15443 1.0
15519 1.0
15524 1.0
15544 1.0
15549 1.0
15660 1.0
15685 1.0
15705 1.0
15710 1.0
15730 1.0
15735 1.0
15811 1.0
15830 0.6666666666666666
15831 0.3333333333333333
15835 0.05263157894736842
15836 0.9473684210526315
15855 0.4
15856 0.6
15860 0.25
15861 0.75
16285 1.0
16305 1.0
16310 1.0
16330 1.0
16335 1.0
16435 0.25
16436 0.75
16455 0.058823529411764705
16456 0.9411764705882353
16460 0.05263157894736842
16461 0.9473684210526315
16480 0.1
16481 0.9
16485 0.3333333333333333
16486 0.6666666666666666
16587 1.0
16910 1.0
16935 1.0
17056 1.0
17061 1.0
17081 1.0
17086 1.0
17106 1.0
17111 1.0
17207 1.0
17535 1.0
17661 1.0
17681 1.0
17686 1.0
17706 1.0
17711 1.0
17806 1.0
17812 1.0
17832 1.0
17836 0.3333333333333333
17837 0.6666666666666666
18281 1.0
18306 1.0
18311 1.0
18331 0.9285714285714286
18332 0.07142857142857142
18336 1.0
18432 1.0
18437 1.0
18457 1.0
18462 1.0
18785 1.0
18790 1.0
18810 1.0
18910 1.0
18936 1.0
18955 0.5
18956 0.5
18960 0.047619047619047616
18961 0.9523809523809523
18980 0.3333333333333333
18981 0.6666666666666666
18986 1.0
19086 1.0
19415 1.0
19435 1.0
19460 1.0
19535 1.0
19561 1.0
19581 1.0
19586 1.0
19606 1.0
19611 1.0
19686 1.0
19711 1.0
20035 1.0
20060 1.0
20161 1.0
20186 1.0
20206 1.0
20211 1.0
20311 0.5
20312 0.5
20332 1.0
20337 1.0
20660 1.0
20665 1.0
20685 1.0
20781 1.0
20786 1.0
20806 1.0
20811 1.0
20831 1.0
20836 1.0
20932 1.0
20936 0.14285714285714285
20937 0.8571428571428571
20957 1.0
20962 1.0
21285 1.0
21410 0.25
21411 0.75
21431 1.0
21436 1.0
21456 1.0
21461 1.0
21557 1.0
21562 1.0
21582 1.0
21587 1.0
21910 1.0
21915 1.0
21935 1.0
21940 1.0
21960 1.0
22060 0.2
22061 0.8
22081 1.0
22085 0.06451612903225806
22086 0.9354838709677419
22106 1.0
22111 1.0
22187 1.0
22206 1.0
22560 1.0
22565 1.0
22661 1.0
22686 1.0
22706 1.0
22711 1.0
22736 1.0
22812 1.0
22837 1.0
23160 1.0
23185 1.0
23285 0.3333333333333333
23286 0.6666666666666666
23306 1.0
23311 1.0
23331 1.0
23336 1.0
23436 0.375
23437 0.625
23457 1.0
23462 1.0
23785 1.0
23810 1.0
23911 1.0
23931 1.0
23936 1.0
23956 1.0
23961 1.0
24062 1.0
24067 1.0
24082 1.0
24087 1.0
24410 1.0
24536 1.0
24556 0.8333333333333334
24557 0.16666666666666666
24561 1.0
24581 1.0
24586 0.6
24587 0.4
24682 1.0
24687 1.0
24707 1.0
24712 1.0
25035 1.0
25040 1.0
25060 1.0
25161 1.0
25166 1.0
25186 1.0
25191 1.0
25206 1.0
25211 1.0
25216 1.0
25236 1.0
25336 0.2
25337 0.8
25660 1.0
25685 1.0
25690 1.0
25786 1.0
25811 1.0
25836 1.0
25937 1.0
25957 1.0
25961 0.25
25962 0.75
26290 1.0
26310 1.0
26411 1.0
26431 1.0
26436 1.0
26456 1.0
26461 1.0
26557 1.0
26562 1.0
26566 1.0
26582 1.0
26587 1.0
26910 1.0
27036 1.0
27056 1.0
27061 1.0
27081 1.0
27086 0.8333333333333334
27087 0.16666666666666666
27182 1.0
27187 1.0
27192 1.0
27207 1.0
27212 1.0
27535 1.0
27656 1.0
27661 1.0
27682 1.0
27686 1.0
27711 1.0
27807 1.0
27812 1.0
27832 1.0
27837 1.0
28160 1.0
28165 1.0
28286 1.0
28291 1.0
28311 1.0
28316 1.0
28336 1.0
28341 1.0
28361 1.0
28437 1.0
28457 1.0
28461 0.3333333333333333
28462 0.6666666666666666
28785 1.0
28790 1.0
28810 1.0
28916 1.0
28936 1.0
28961 1.0
28986 1.0
29056 1.0
29061 0.4
29062 0.6
29087 1.0
29091 1.0
29410 1.0
29440 1.0
29536 1.0
29561 1.0
29581 1.0
29586 1.0
29687 1.0
29707 1.0
29711 0.1111111111111111
29712 0.8888888888888888
30161 1.0
30186 1.0
30307 1.0
30312 1.0
30317 1.0
30332 1.0
30337 1.0
30781 1.0
30786 1.0
30912 1.0
30932 1.0
30937 1.0
30942 1.0
30957 1.0
30962 1.0
31063 1.0
31285 1.0
31305 1.0
31310 1.0
31330 1.0
31335 1.0
31355 1.0
31360 1.0
31930 1.0
31935 1.0
31955 1.0
31960 1.0
31980 1.0
31985 1.0
32081 1.0
32105 0.2222222222222222
32106 0.7777777777777778
32535 1.0
32555 1.0
32560 1.0
32580 1.0
32585 1.0
32605 1.0
32610 1.0
32705 0.07692307692307693
32706 0.9230769230769231
32731 1.0
33160 1.0
33180 1.0
33185 1.0
33205 1.0
33306 1.0
33330 0.03333333333333333
33331 0.9666666666666667
33356 1.0
33780 1.0
33805 0.6666666666666666
33806 0.3333333333333333
33810 1.0
33830 1.0
33931 1.0
33956 0.975609756097561
33957 0.024390243902439025
33961 1.0
33981 1.0
34082 1.0
34410 1.0
34430 1.0
34435 1.0
34455 1.0
34460 1.0
34480 1.0
34485 1.0
34581 1.0
34605 0.2727272727272727
34606 0.7272727272727273
34610 1.0
35035 1.0
35055 1.0
35060 1.0
35080 1.0
35085 1.0
35105 1.0
35110 1.0
35205 0.07692307692307693
35206 0.9230769230769231
35211 1.0
35230 0.07142857142857142
35231 0.9285714285714286
35235 0.3333333333333333
35236 0.6666666666666666
35660 1.0
35680 1.0
35685 1.0
35705 1.0
35730 1.0
35806 1.0
35831 1.0
35836 1.0
35856 1.0
36285 1.0
36305 1.0
36310 1.0
36431 1.0
36456 0.972972972972973
36457 0.02702702702702703
36461 1.0
36481 1.0
36910 1.0
36930 1.0
36935 1.0
37056 1.0
37081 0.8518518518518519
37082 0.14814814814814814
37207 1.0
37535 1.0
37555 1.0
37560 1.0
37580 1.0
37585 1.0
37605 1.0
37610 1.0
37705 0.2857142857142857
37706 0.7142857142857143
37710 0.3333333333333333
37711 0.6666666666666666
37730 0.25
37731 0.75
38160 1.0
38180 1.0
38185 1.0
38205 1.0
38210 1.0
38235 1.0
38331 1.0
38336 1.0
38356 1.0
38361 1.0
38785 1.0
38805 1.0
38810 1.0
38835 1.0
38956 1.0
38961 1.0
38981 1.0
39410 1.0
39430 1.0
39435 1.0
39556 1.0
39581 0.8846153846153846
39582 0.11538461538461539
39586 1.0
39606 1.0
39707 1.0
40035 1.0
40181 1.0
40186 1.0
40206 0.9259259259259259
40207 0.07407407407407407
40211 1.0
40332 1.0
40665 1.0
40685 1.0
40690 1.0
40710 1.0
40735 1.0
40831 1.0
40836 1.0
40856 1.0
40860 0.2
40861 0.8
41285 1.0
41310 1.0
41335 1.0
41360 1.0
41436 1.0
41456 1.0
41461 1.0
41481 1.0
41486 1.0
41910 1.0
41930 1.0
41935 1.0
42056 1.0
42081 1.0
42086 1.0
42106 1.0
42111 1.0
42207 1.0
42530 1.0
42535 1.0
42681 1.0
42686 1.0
42706 0.9615384615384616
42707 0.038461538461538464
42711 1.0
42807 1.0
42832 1.0
43160 1.0
43185 1.0
43286 1.0
43306 0.9375
43307 0.0625
43311 1.0
43331 0.875
43332 0.125
43336 1.0
43432 1.0
43457 1.0
43805 1.0
43810 1.0
43835 1.0
43860 1.0
43956 1.0
43960 0.08333333333333333
43961 0.9166666666666666
43981 1.0
43986 1.0
44410 1.0
44435 1.0
44581 1.0
44586 1.0
44611 1.0
44707 1.0
45035 1.0
45060 1.0
45065 1.0
45186 1.0
45206 0.9444444444444444
45207 0.05555555555555555
45211 1.0
45332 1.0
45660 1.0
45685 1.0
45781 1.0
45806 1.0
45811 1.0
45831 1.0
45836 0.8888888888888888
45837 0.1111111111111111
45932 1.0
45957 1.0
45962 1.0
46285 1.0
46310 1.0
46411 1.0
46431 1.0
46436 1.0
46456 0.6363636363636364
46457 0.36363636363636365
46461 0.75
46462 0.25
46557 1.0
46582 1.0
46935 1.0
46955 1.0
46960 1.0
46980 1.0
46985 1.0
47555 1.0
47560 1.0
47580 1.0
47605 1.0
47705 1.0
47731 1.0
48180 1.0
48185 1.0
48205 0.7777777777777778
48206 0.2222222222222222
48226 1.0
48230 1.0
48326 1.0
48331 1.0
48351 1.0
48356 1.0
48805 1.0
48810 1.0
48830 0.8461538461538461
48831 0.15384615384615385
48855 0.7142857142857143
48856 0.2857142857142857
48951 1.0
48956 1.0
48976 1.0
48981 1.0
49430 1.0
49435 1.0
49455 1.0
49551 1.0
49576 1.0
49581 1.0
49601 1.0
49606 1.0
50055 1.0
50060 1.0
50080 1.0
50085 1.0
50105 1.0
50110 1.0
50230 1.0
50680 1.0
50685 1.0
50705 1.0
50730 1.0
50856 1.0
51305 1.0
51310 1.0
51330 1.0
51355 0.7
51356 0.3
51456 1.0
51476 1.0
51481 1.0
51930 1.0
51935 1.0
51955 0.8
51956 0.2
52076 1.0
52081 1.0
52106 1.0
52530 1.0
52535 1.0
52555 0.6666666666666666
52556 0.3333333333333333
52560 1.0
52581 1.0
52701 1.0
52706 1.0
52731 1.0
53180 1.0
53185 1.0
53205 1.0
53210 1.0
53230 1.0
53235 1.0
53355 0.5
53356 0.5
53805 1.0
53810 1.0
53830 1.0
53835 1.0
53855 1.0
53860 1.0
53956 1.0
53980 0.07692307692307693
53981 0.9230769230769231
54405 1.0
54430 1.0
54435 1.0
54455 1.0
54480 0.6666666666666666
54481 0.3333333333333333
54581 1.0
54606 1.0
55055 0.8571428571428571
55056 0.14285714285714285
55060 1.0
55080 0.5
55081 0.5
55206 1.0
55231 1.0
55680 0.875
55681 0.125
55806 1.0
55826 1.0
55831 1.0
55957 1.0
56310 1.0
56330 1.0
56335 1.0
56355 1.0
56360 1.0
56456 1.0
56481 1.0
56486 1.0
56910 1.0
56930 1.0
56935 1.0
56955 1.0
56960 1.0
56980 1.0
56985 1.0
57081 1.0
57086 1.0
57106 1.0
57111 1.0
57555 1.0
57560 1.0
57580 0.6666666666666666
57581 0.3333333333333333
57585 1.0
57706 1.0
57711 1.0
57731 1.0
57736 1.0
58155 1.0
58160 1.0
58180 0.75
58181 0.25
58185 1.0
58210 1.0
58306 1.0
58331 1.0
58336 1.0
58356 1.0
58805 1.0
58931 1.0
58956 0.9032258064516129
58957 0.0967741935483871
59077 1.0
59082 1.0
59430 1.0
59435 1.0
59455 1.0
59460 1.0
59480 1.0
59485 1.0
59581 1.0
59606 1.0
59611 1.0
60055 1.0
60060 1.0
60080 1.0
60085 0.5
60086 0.5
60206 1.0
60211 1.0
60231 1.0
60236 1.0
60660 1.0
60680 1.0
60685 1.0
60705 1.0
60710 1.0
60831 1.0
60836 1.0
60856 1.0
60861 1.0
61305 1.0
61431 1.0
61436 1.0
61456 1.0
61461 1.0
61481 1.0
61582 1.0
61910 1.0
61930 1.0
62056 1.0
62081 0.9090909090909091
62082 0.09090909090909091
62106 1.0
62207 1.0
62555 1.0
62560 1.0
62580 1.0
62585 1.0
62600 1.0
62605 1.0
62610 1.0
63180 1.0
63185 1.0
63205 1.0
63210 1.0
63225 1.0
63230 1.0
63351 1.0
63805 1.0
63810 1.0
63830 1.0
63850 0.5
63851 0.5
63855 0.9393939393939394
63856 0.06060606060606061
63976 1.0
64425 1.0
64430 1.0
64455 1.0
64476 1.0
64480 0.8947368421052632
64481 0.10526315789473684
64576 1.0
64581 1.0
64601 1.0
64606 1.0
65030 1.0
65050 1.0
65055 1.0
65060 1.0
65080 0.6666666666666666
65081 0.3333333333333333
65105 1.0
65201 1.0
65206 1.0
65226 1.0
65231 1.0
65680 1.0
65685 1.0
65705 1.0
65730 1.0
65735 1.0
66305 1.0
66330 1.0
66355 1.0
66476 1.0
66481 1.0
66930 1.0
66935 1.0
66955 1.0
66980 0.8125
66981 0.1875
67076 1.0
67081 1.0
67101 1.0
67106 1.0
67555 1.0
67560 1.0
67580 0.75
67581 0.25
67605 1.0
67701 1.0
67706 1.0
67726 1.0
67731 1.0
68160 1.0
68180 1.0
68205 0.75
68206 0.25
68231 1.0
68326 1.0
68331 1.0
68351 1.0
68356 1.0
68805 1.0
68810 1.0
68830 1.0
68835 1.0
68855 1.0
68860 1.0
68981 1.0
69430 1.0
69435 1.0
69455 1.0
69460 1.0
69480 1.0
69485 1.0
69606 1.0
70035 1.0
70055 1.0
70060 1.0
70080 1.0
70105 0.8
70106 0.2
70110 1.0
70206 1.0
70231 1.0
70676 1.0
70680 1.0
70685 1.0
70705 1.0
70730 0.5
70731 0.5
70826 1.0
70831 1.0
70856 1.0
71285 1.0
71305 1.0
71310 1.0
71330 0.5
71331 0.5
71431 1.0
71451 0.9090909090909091
71452 0.09090909090909091
71456 1.0
71476 1.0
71481 1.0
71910 1.0
71930 1.0
71935 1.0
71955 1.0
71960 1.0
71980 1.0
71985 1.0
72106 1.0
72555 1.0
72560 1.0
72580 1.0
72585 1.0
72605 1.0
72706 1.0
72731 1.0
73180 1.0
73185 1.0
73205 1.0
73210 1.0
73230 0.6
73231 0.4
73331 1.0
73356 1.0
73805 1.0
73810 1.0
73830 1.0
73951 1.0
73956 1.0
73976 1.0
73981 1.0
74405 1.0
74430 1.0
74576 0.75
74577 0.25
74581 1.0
74606 1.0
75035 1.0
75055 1.0
75060 1.0
75080 1.0
75085 1.0
75105 1.0
75110 1.0
75206 1.0
75231 1.0
75236 1.0
75655 1.0
75680 1.0
75685 1.0
75705 1.0
75710 1.0
75730 1.0
75735 1.0
75831 1.0
75856 1.0
75861 1.0
76280 1.0
76285 1.0
76305 1.0
76310 1.0
76330 1.0
76335 1.0
76360 1.0
76456 1.0
76481 1.0
76910 1.0
76930 1.0
76956 1.0
77081 0.9615384615384616
77082 0.038461538461538464
77106 1.0
77555 1.0
77681 1.0
77701 0.6666666666666666
77702 0.3333333333333333
77706 0.9354838709677419
77707 0.06451612903225806
77731 1.0
77827 1.0
