0 1.0
25 0.9914163090128756
26 0.008583690987124463
31 1.0
50 0.978328173374613
51 0.021671826625386997
56 1.0
75 0.979328165374677
76 0.020671834625323
81 1.0
100 0.9710144927536232
101 0.028985507246376812
106 1.0
125 0.989247311827957
126 0.010752688172043012
131 1.0
150 0.9694323144104804
151 0.03056768558951965
156 1.0
175 0.928125
176 0.071875
181 1.0
200 0.9253333333333333
201 0.07466666666666667
206 1.0
225 0.9166666666666666
226 0.08333333333333333
231 1.0
250 0.9878048780487805
251 0.012195121951219513
256 1.0
275 0.9360730593607306
276 0.0639269406392694
281 1.0
300 0.8645833333333334
301 0.13541666666666666
306 1.0
325 0.843501326259947
326 0.15649867374005305
331 1.0
350 0.7407407407407407
351 0.25925925925925924
356 1.0
375 0.9605263157894737
376 0.039473684210526314
381 1.0
400 0.8877551020408163
401 0.11224489795918367
406 1.0
425 0.8555240793201133
426 0.14447592067988668
431 1.0
450 0.7993827160493827
451 0.2006172839506173
456 1.0
475 0.6888888888888889
476 0.3111111111111111
481 1.0
500 0.9504950495049505
501 0.04950495049504951
506 1.0
525 0.8137254901960784
526 0.18627450980392157
531 1.0
550 0.7581699346405228
551 0.24183006535947713
556 1.0
575 0.6761904761904762
576 0.3238095238095238
581 1.0
600 0.6666666666666666
601 0.3333333333333333
606 1.0
