37 1.0
56 1.0
62 1.0
68 1.0
87 1.0
112 1.0
143 1.0
156 1.0
161 0.13333333333333333
162 0.8666666666666667
181 1.0
186 0.13333333333333333
187 0.8666666666666667
192 0.5
193 0.5
206 1.0
212 1.0
231 1.0
237 1.0
274 1.0
281 1.0
286 0.4
287 0.6
293 1.0
306 1.0
311 0.20588235294117646
312 0.7941176470588235
317 0.5
318 0.5
331 1.0
337 1.0
393 1.0
398 0.3333333333333333
399 0.6666666666666666
412 1.0
417 0.058823529411764705
418 0.9411764705882353
424 1.0
431 1.0
437 1.0
518 1.0
524 1.0
543 1.0
549 1.0
668 1.0
687 1.0
693 1.0
768 1.0
781 1.0
787 1.0
793 1.0
806 1.0
811 0.11764705882352941
812 0.8823529411764706
837 1.0
861 0.3333333333333333
862 0.6666666666666666
893 1.0
899 1.0
912 1.0
917 0.2
918 0.8
923 1.0
931 1.0
936 0.08888888888888889
937 0.9111111111111111
942 0.14285714285714285
943 0.8571428571428571
956 1.0
961 0.1
962 0.9
1018 1.0
1023 0.3333333333333333
1024 0.6666666666666666
1037 1.0
1042 0.05
1043 0.95
1049 1.0
1056 1.0
1062 1.0
1143 1.0
1149 1.0
1168 1.0
1173 0.5
1174 0.5
1287 1.0
1393 1.0
1399 1.0
1412 1.0
1417 0.4
1418 0.6
1424 1.0
1437 1.0
1442 1.0
1462 1.0
1518 1.0
1523 0.3333333333333333
1524 0.6666666666666666
1536 0.06666666666666667
1537 0.9333333333333333
1542 0.2
1543 0.8
1549 1.0
1556 1.0
1561 0.06976744186046512
1562 0.9302325581395349
1567 0.3333333333333333
1568 0.6666666666666666
1587 1.0
1643 1.0
1648 0.2
1649 0.8
1661 0.09090909090909091
1662 0.9090909090909091
1667 0.09090909090909091
1668 0.9090909090909091
1673 0.2
1674 0.8
1681 1.0
1686 0.07142857142857142
1687 0.9285714285714286
1693 1.0
1768 1.0
1774 1.0
1787 1.0
1793 1.0
1918 1.0
1943 1.0
2012 1.0
2017 0.3333333333333333
2018 0.6666666666666666
2031 1.0
2037 1.0
2042 0.1
2043 0.9
2062 1.0
2068 1.0
2087 1.0
2137 1.0
2143 1.0
2149 1.0
2156 1.0
2162 1.0
2167 0.3333333333333333
2168 0.6666666666666666
2181 1.0
2186 0.043478260869565216
2187 0.9565217391304348
2192 0.09090909090909091
2193 0.9090909090909091
2212 1.0
2268 1.0
2274 1.0
2281 1.0
2287 1.0
2292 0.1388888888888889
2293 0.8611111111111112
2299 1.0
2306 1.0
2312 1.0
2317 0.16666666666666666
2318 0.8333333333333334
2393 1.0
2399 1.0
2418 1.0
2424 1.0
2637 1.0
2643 1.0
2648 0.3333333333333333
2649 0.6666666666666666
2662 1.0
2668 1.0
2687 1.0
2693 1.0
2768 1.0
2774 1.0
2787 1.0
2792 0.125
2793 0.875
2811 0.05
2812 0.95
2817 0.15384615384615385
2818 0.8461538461538461
2837 1.0
2843 1.0
2893 1.0
2899 1.0
2912 1.0
2918 1.0
2924 1.0
2931 1.0
2936 0.09090909090909091
2937 0.9090909090909091
2942 0.25
2943 0.75
3018 1.0
3023 0.05555555555555555
3024 0.9444444444444444
3037 1.0
3043 1.0
3049 1.0
3156 1.0
3161 0.5
3162 0.5
3181 1.0
3186 0.09090909090909091
3187 0.9090909090909091
3206 1.0
3211 0.25
3212 0.75
3231 1.0
3237 1.0
3280 0.25
3281 0.75
3300 1.0
3305 0.07407407407407407
3306 0.9259259259259259
3325 1.0
3330 0.031914893617021274
3331 0.9680851063829787
3336 0.6666666666666666
3337 0.3333333333333333
3350 1.0
3355 0.15789473684210525
3356 0.8421052631578947
3425 1.0
3430 0.12
3431 0.88
3450 1.0
3455 0.2857142857142857
3456 0.7142857142857143
3781 1.0
3787 1.0
3806 1.0
3812 1.0
3831 1.0
3837 1.0
3856 1.0
3862 1.0
3906 1.0
3911 0.5
3912 0.5
3925 1.0
3930 0.041666666666666664
3931 0.9583333333333334
3937 1.0
3955 0.016129032258064516
3956 0.9838709677419355
3961 0.2
3962 0.8
3981 1.0
3986 0.6666666666666666
3987 0.3333333333333333
4050 1.0
4055 0.034482758620689655
4056 0.9655172413793104
4075 1.0
4080 0.09523809523809523
4081 0.9047619047619048
4406 1.0
4411 0.14285714285714285
4412 0.8571428571428571
4418 1.0
4431 1.0
4437 1.0
4442 0.5
4443 0.5
4456 1.0
4462 1.0
4487 1.0
4531 1.0
4536 0.2
4537 0.8
4556 1.0
4561 0.3333333333333333
4562 0.6666666666666666
4581 1.0
4586 0.20833333333333334
4587 0.7916666666666666
4606 1.0
4611 0.25
4612 0.75
4675 1.0
4680 0.10416666666666667
4681 0.8958333333333334
4686 0.6666666666666666
4687 0.3333333333333333
4700 1.0
4705 0.047619047619047616
4706 0.9523809523809523
4711 1.0
4806 1.0
5037 1.0
5043 1.0
5062 1.0
5156 1.0
5161 0.1
5162 0.9
5181 1.0
5186 0.125
5187 0.875
5206 1.0
5212 1.0
5231 1.0
5237 1.0
5306 1.0
5311 0.5714285714285714
5312 0.42857142857142855
5331 1.0
5337 1.0
5431 1.0
5662 1.0
5668 1.0
5687 1.0
5781 1.0
5787 1.0
5792 1.0
5806 1.0
5811 0.11764705882352941
5812 0.8823529411764706
5817 1.0
5831 1.0
5836 0.125
5837 0.875
5843 1.0
5862 1.0
5906 1.0
5931 1.0
5936 0.3333333333333333
5937 0.6666666666666666
5956 1.0
5961 0.0625
5962 0.9375
6055 0.14285714285714285
6056 0.8571428571428571
6275 1.0
6281 1.0
6300 1.0
6305 0.07692307692307693
6306 0.9230769230769231
6312 1.0
6331 1.0
6337 1.0
6350 1.0
6355 0.03508771929824561
6356 0.9649122807017544
6400 1.0
6406 1.0
6425 1.0
6430 1.0
6450 1.0
6455 0.4666666666666667
6456 0.5333333333333333
6475 1.0
6480 0.2727272727272727
6481 0.7272727272727273
6550 1.0
6575 1.0
6906 1.0
6912 1.0
6931 1.0
6936 0.3333333333333333
6937 0.6666666666666666
6956 1.0
6961 0.3333333333333333
6962 0.6666666666666666
6981 1.0
6987 1.0
7050 1.0
7055 0.2857142857142857
7056 0.7142857142857143
7075 1.0
7080 0.19148936170212766
7081 0.8085106382978723
7100 1.0
7105 0.047619047619047616
7106 0.9523809523809523
7175 1.0
7181 1.0
7200 1.0
7531 1.0
7537 1.0
7556 1.0
7562 1.0
7581 1.0
7586 0.25
7587 0.75
7606 1.0
7612 1.0
7650 1.0
7656 1.0
7675 1.0
7681 1.0
7700 1.0
7705 0.11392405063291139
7706 0.8860759493670886
7711 1.0
7731 1.0
7800 1.0
7805 0.4
7806 0.6
7825 1.0
7830 0.3333333333333333
7831 0.6666666666666666
8156 1.0
8161 0.3333333333333333
8162 0.6666666666666666
8181 1.0
8187 1.0
8206 1.0
8212 1.0
8237 1.0
8275 1.0
8280 0.2
8281 0.8
8300 1.0
8305 0.06451612903225806
8306 0.9354838709677419
8330 0.011764705882352941
8331 0.9882352941176471
8336 0.1
8337 0.9
8356 1.0
8362 1.0
8425 1.0
8430 0.25
8431 0.75
8450 1.0
8455 0.125
8456 0.875
8781 1.0
8787 1.0
8806 1.0
8812 1.0
8836 0.16666666666666666
8837 0.8333333333333334
8862 1.0
8906 1.0
8931 1.0
8956 1.0
8961 0.1
8962 0.9
8981 1.0
8987 1.0
9050 1.0
9055 0.18518518518518517
9056 0.8148148148148148
9081 1.0
9175 1.0
9425 1.0
9430 0.3333333333333333
9431 0.6666666666666666
9437 1.0
9450 1.0
9455 0.3076923076923077
9456 0.6923076923076923
9462 1.0
9475 1.0
9480 0.08620689655172414
9481 0.9137931034482759
9487 1.0
9525 1.0
9550 1.0
9575 1.0
9580 1.0
9600 1.0
9605 1.0
9675 1.0
9700 1.0
10025 1.0
10030 0.25
10031 0.75
10050 1.0
10055 0.1
10056 0.9
10062 1.0
10075 1.0
10081 1.0
10087 1.0
10100 1.0
10105 0.04081632653061224
10106 0.9591836734693877
10111 0.25
10112 0.75
10175 1.0
10200 1.0
10205 0.5625
10206 0.4375
10225 1.0
10230 0.36363636363636365
10231 0.6363636363636364
10300 1.0
10325 1.0
10655 0.3333333333333333
10656 0.6666666666666666
10680 0.1
10681 0.9
10687 1.0
10706 1.0
10712 1.0
10731 1.0
10737 1.0
10775 1.0
10781 1.0
10800 1.0
10805 0.75
10806 0.25
10825 1.0
10830 0.2903225806451613
10831 0.7096774193548387
10850 1.0
10856 1.0
10925 1.0
10950 1.0
11281 1.0
11306 1.0
11311 0.14285714285714285
11312 0.8571428571428571
11331 1.0
11336 0.3333333333333333
11337 0.6666666666666666
11356 1.0
11361 0.14285714285714285
11362 0.8571428571428571
11400 1.0
11405 1.0
11425 1.0
11430 0.5714285714285714
11431 0.42857142857142855
11450 1.0
11455 0.17391304347826086
11456 0.8260869565217391
11480 0.037037037037037035
11481 0.9629629629629629
11550 1.0
11575 1.0
11580 1.0
11906 1.0
11931 1.0
11936 0.3333333333333333
11937 0.6666666666666666
11956 1.0
11962 1.0
11981 1.0
12030 0.5
12031 0.5
12050 1.0
12055 0.13333333333333333
12056 0.8666666666666667
12075 1.0
12080 0.056818181818181816
12081 0.9431818181818182
12087 1.0
12106 1.0
12112 1.0
12175 1.0
12180 1.0
12200 1.0
12205 0.5714285714285714
12206 0.42857142857142855
12525 1.0
12530 1.0
12550 1.0
12555 0.06666666666666667
12556 0.9333333333333333
12562 1.0
12575 1.0
12580 0.4
12581 0.6
12587 1.0
12600 1.0
12605 0.23214285714285715
12606 0.7678571428571429
12612 1.0
12675 1.0
12700 1.0
12725 1.0
12800 1.0
12825 1.0
13150 1.0
13155 0.5
13156 0.5
13175 1.0
13180 0.23529411764705882
13181 0.7647058823529411
13187 1.0
13200 1.0
13205 0.2
13206 0.8
13225 1.0
13230 0.10144927536231885
13231 0.8985507246376812
13237 1.0
13300 1.0
13325 1.0
13330 1.0
13350 1.0
13355 1.0
13425 1.0
13450 1.0
13781 1.0
13787 1.0
13800 1.0
13805 0.1111111111111111
13806 0.8888888888888888
13811 0.2857142857142857
13812 0.7142857142857143
13830 0.07142857142857142
13831 0.9285714285714286
13836 0.5
13837 0.5
13855 0.01694915254237288
13856 0.9830508474576272
13862 1.0
13900 1.0
13925 1.0
13950 1.0
13955 0.45454545454545453
13956 0.5454545454545454
13975 1.0
13980 0.8
13981 0.2
14050 1.0
14075 1.0
14405 0.5
14406 0.5
14412 1.0
14425 1.0
14431 1.0
14436 0.14285714285714285
14437 0.8571428571428571
14456 1.0
14462 1.0
14481 1.0
14486 0.25
14487 0.75
14525 1.0
14550 1.0
14555 1.0
14575 1.0
14580 0.16666666666666666
14581 0.8333333333333334
14600 1.0
14605 0.16666666666666666
14606 0.8333333333333334
14675 1.0
14700 1.0
15031 1.0
15037 1.0
15055 0.058823529411764705
15056 0.9411764705882353
15062 1.0
15081 1.0
15087 1.0
15106 1.0
15111 0.14285714285714285
15112 0.8571428571428571
15175 1.0
15180 0.25
15181 0.75
15200 1.0
15205 0.22727272727272727
15206 0.7727272727272727
15230 0.029411764705882353
15231 0.9705882352941176
15300 1.0
15325 1.0
