62 1.0
166 1.0
187 0.8333333333333334
188 0.16666666666666666
192 1.0
213 1.0
239 1.0
270 1.0
292 1.0
312 1.0
317 1.0
395 1.0
416 1.0
421 1.0
515 1.0
520 1.0
541 1.0
786 1.0
791 1.0
812 0.8333333333333334
813 0.16666666666666666
817 1.0
833 1.0
838 1.0
911 0.5
912 0.5
916 1.0
937 1.0
942 1.0
958 1.0
963 1.0
1041 1.0
1062 1.0
1067 1.0
1140 1.0
1145 1.0
1171 1.0
1411 1.0
1416 1.0
1437 1.0
1463 1.0
1537 1.0
1541 1.0
1562 0.9
1563 0.1
1567 1.0
1588 1.0
1661 1.0
1666 1.0
1692 1.0
1765 1.0
1770 1.0
2015 1.0
2036 1.0
2041 1.0
2062 1.0
2161 1.0
2166 1.0
2182 1.0
2187 1.0
2213 1.0
2270 1.0
2291 1.0
2312 1.0
2395 1.0
2416 1.0
2421 1.0
2661 1.0
2770 1.0
2786 1.0
2807 1.0
2812 1.0
2833 1.0
2890 1.0
2916 1.0
2937 1.0
3015 1.0
3020 1.0
3041 1.0
3166 1.0
3187 1.0
3192 1.0
3286 1.0
3291 1.0
3312 1.0
3317 1.0
3338 0.875
3339 0.125
3416 1.0
3437 0.75
3438 0.25
3442 1.0
3463 0.8333333333333334
3464 0.16666666666666666
3520 1.0
3541 1.0
3645 1.0
3791 0.5
3792 0.5
3817 1.0
3890 1.0
3911 1.0
3916 1.0
3937 0.875
3938 0.125
3963 1.0
4020 1.0
4041 1.0
4058 1.0
4062 1.0
4067 1.0
4088 1.0
4145 1.0
4166 1.0
4171 1.0
4187 1.0
4192 1.0
4270 1.0
4291 1.0
4296 1.0
4562 1.0
4588 1.0
4667 1.0
4671 1.0
4687 0.9166666666666666
4688 0.08333333333333333
4692 1.0
4713 1.0
4765 1.0
4786 1.0
4791 1.0
4817 1.0
4890 1.0
4895 1.0
4916 1.0
5141 1.0
5161 1.0
5166 1.0
5287 1.0
5291 1.0
5307 1.0
5312 1.0
5317 1.0
5390 1.0
5411 1.0
5416 1.0
5421 1.0
5442 1.0
5515 1.0
5520 1.0
5541 1.0
5546 1.0
5765 1.0
5786 1.0
5791 1.0
5890 1.0
5895 1.0
5911 1.0
5916 1.0
5932 1.0
5937 1.0
5942 1.0
6015 1.0
6020 1.0
6036 1.0
6041 1.0
6057 1.0
6062 1.0
6140 1.0
6145 1.0
6166 1.0
6286 1.0
6291 1.0
6395 1.0
6411 1.0
6416 1.0
6421 1.0
6437 1.0
6442 1.0
6463 1.0
6468 1.0
6515 1.0
6520 1.0
6541 1.0
6562 0.6666666666666666
6563 0.3333333333333333
6567 1.0
6588 1.0
6593 1.0
6666 1.0
6671 1.0
6692 1.0
6770 1.0
7020 1.0
7036 1.0
7041 1.0
7062 1.0
7088 1.0
7140 1.0
7145 1.0
7187 1.0
7192 0.8
7193 0.2
7213 1.0
7265 1.0
7270 0.6666666666666666
7271 0.3333333333333333
7291 1.0
7296 1.0
7317 1.0
7390 1.0
7395 1.0
7661 1.0
7666 1.0
7687 1.0
7770 1.0
7786 1.0
7791 1.0
7796 1.0
7812 1.0
7817 1.0
7838 1.0
7890 1.0
7895 1.0
7916 1.0
7921 1.0
7942 1.0
8015 1.0
8020 1.0
8046 1.0
8286 1.0
8291 1.0
8395 1.0
8411 1.0
8416 1.0
8421 1.0
8437 1.0
8442 1.0
8515 1.0
8536 1.0
8541 1.0
8546 1.0
8562 1.0
8640 1.0
8645 1.0
8666 1.0
8890 1.0
8911 1.0
8916 1.0
9015 1.0
9020 1.0
9036 1.0
9041 1.0
9062 1.0
9067 1.0
9140 0.5
9141 0.5
9145 1.0
9161 1.0
9166 1.0
9182 1.0
9187 1.0
9265 1.0
9270 1.0
9286 1.0
9291 1.0
9416 1.0
9515 1.0
9541 0.5
9542 0.5
9562 1.0
9567 1.0
9666 0.75
9667 0.25
9687 0.8333333333333334
9688 0.16666666666666666
9692 1.0
9713 1.0
9765 1.0
9770 1.0
9791 1.0
9796 1.0
9817 1.0
9895 1.0
9916 1.0
10161 1.0
10166 1.0
10192 1.0
10218 1.0
10265 1.0
10270 1.0
10286 0.3333333333333333
10287 0.6666666666666666
10291 1.0
10312 0.8888888888888888
10313 0.1111111111111111
10317 1.0
10338 1.0
10390 1.0
10395 1.0
10416 0.8888888888888888
10417 0.1111111111111111
10421 1.0
10437 1.0
10442 1.0
10515 1.0
10520 1.0
10541 1.0
10546 1.0
10765 1.0
10786 1.0
10791 1.0
10895 1.0
10911 0.5
10912 0.5
10916 1.0
10937 1.0
10942 1.0
11021 1.0
11036 1.0
11041 1.0
11046 1.0
11062 1.0
11067 1.0
11140 1.0
11145 1.0
11166 1.0
11390 1.0
11416 1.0
11510 1.0
11515 1.0
11520 1.0
11541 1.0
11562 1.0
11567 1.0
11640 1.0
11646 1.0
11661 1.0
11666 1.0
11687 1.0
11765 1.0
11770 1.0
12010 1.0
12036 1.0
12041 1.0
12145 1.0
12161 1.0
12187 1.0
12270 1.0
12286 1.0
12291 1.0
12312 1.0
12390 1.0
12395 1.0
12640 1.0
12661 1.0
12666 1.0
12692 1.0
12770 1.0
12792 1.0
12812 0.75
12813 0.25
12817 1.0
12838 1.0
12843 1.0
12891 1.0
12895 1.0
12916 1.0
12921 1.0
12937 1.0
12942 1.0
13020 1.0
13265 1.0
13270 1.0
13286 1.0
13291 1.0
13312 1.0
13390 1.0
13395 1.0
13411 1.0
13437 1.0
13442 1.0
13463 1.0
13515 1.0
13536 1.0
13541 1.0
13546 1.0
13562 1.0
13645 1.0
13666 1.0
13671 1.0
13890 1.0
13895 1.0
13911 1.0
13916 1.0
13942 1.0
14020 1.0
14041 1.0
14062 1.0
14067 1.0
14145 1.0
14161 1.0
14166 1.0
14171 1.0
14192 1.0
14270 1.0
14291 1.0
14296 1.0
14515 1.0
14536 1.0
14640 1.0
14645 1.0
14661 1.0
14666 0.8571428571428571
14667 0.14285714285714285
14687 1.0
14765 1.0
14770 1.0
14786 1.0
14791 1.0
14812 1.0
14817 1.0
14890 1.0
14895 1.0
14916 1.0
15140 1.0
15166 1.0
15265 1.0
15286 1.0
15291 1.0
15312 1.0
15390 1.0
15395 1.0
15411 1.0
15416 1.0
15436 0.14285714285714285
15437 0.8571428571428571
15515 1.0
15520 1.0
15541 1.0
15546 1.0
15687 1.0
15708 1.0
15713 1.0
15734 1.0
15739 1.0
15833 1.0
15838 1.0
15859 1.0
15864 1.0
16286 1.0
16307 1.0
16312 1.0
16333 1.0
16338 1.0
16359 1.0
16364 1.0
16458 1.0
16463 1.0
16484 1.0
16489 1.0
16906 1.0
16911 1.0
16932 1.0
16937 1.0
17057 1.0
17062 0.5
17063 0.5
17083 1.0
17088 1.0
17109 1.0
17114 1.0
17208 1.0
17536 1.0
17656 1.0
17682 1.0
17687 1.0
17707 0.0625
17708 0.9375
17713 1.0
17812 1.0
17833 1.0
17838 1.0
18281 1.0
18307 1.0
18312 1.0
18332 0.11764705882352941
18333 0.8823529411764706
18432 1.0
18453 1.0
18457 0.14285714285714285
18458 0.8571428571428571
18786 1.0
18791 1.0
18807 1.0
18812 1.0
18833 1.0
18859 1.0
18864 1.0
18937 1.0
18958 0.8
18959 0.2
18963 1.0
18984 1.0
18989 1.0
19406 1.0
19411 1.0
19437 1.0
19458 1.0
19562 1.0
19583 1.0
19588 1.0
19609 1.0
19614 1.0
20036 1.0
20062 1.0
20161 1.0
20182 1.0
20187 1.0
20208 1.0
20213 1.0
20307 1.0
20333 1.0
20338 1.0
20661 1.0
20687 1.0
20781 1.0
20786 1.0
20806 0.1111111111111111
20807 0.8888888888888888
20812 1.0
20833 1.0
20838 1.0
20932 1.0
20937 1.0
20958 1.0
20963 1.0
21286 1.0
21406 1.0
21411 1.0
21432 1.0
21437 1.0
21457 0.125
21458 0.875
21462 1.0
21557 1.0
21562 1.0
21582 0.2
21583 0.8
21911 1.0
21916 1.0
21937 1.0
21942 1.0
21963 1.0
21989 1.0
22062 1.0
22083 0.8571428571428571
22084 0.14285714285714285
22088 0.96
22089 0.04
22109 1.0
22114 1.0
22562 1.0
22567 1.0
22661 1.0
22682 1.0
22687 1.0
22708 1.0
22713 1.0
22739 1.0
22812 1.0
22833 1.0
23161 1.0
23187 1.0
23281 1.0
23286 1.0
23307 1.0
23312 1.0
23333 1.0
23338 1.0
23432 1.0
23437 1.0
23458 1.0
23463 1.0
23786 1.0
23807 1.0
23812 1.0
23911 1.0
23932 1.0
23937 1.0
23958 1.0
23963 1.0
24057 1.0
24062 1.0
24083 1.0
24088 1.0
24411 1.0
24536 1.0
24557 1.0
24562 1.0
24583 1.0
24682 1.0
24687 1.0
24707 0.5
24708 0.5
25036 1.0
25041 1.0
25062 1.0
25162 1.0
25187 0.8
25188 0.2
25208 0.75
25209 0.25
25213 1.0
25239 1.0
25338 1.0
25661 1.0
25687 1.0
25786 1.0
25812 1.0
25833 1.0
25838 1.0
25932 1.0
25958 1.0
25963 1.0
26286 1.0
26312 1.0
26411 1.0
26432 1.0
26437 1.0
26458 1.0
26463 1.0
26557 1.0
26562 1.0
26583 1.0
26588 1.0
26911 1.0
27036 1.0
27057 1.0
27062 1.0
27083 1.0
27088 1.0
27182 1.0
27187 1.0
27208 1.0
27212 0.3333333333333333
27213 0.6666666666666666
27536 1.0
27656 1.0
27661 1.0
27682 1.0
27687 1.0
27707 1.0
27713 1.0
27807 1.0
27812 1.0
27832 0.6666666666666666
27833 0.3333333333333333
28161 1.0
28166 1.0
28286 1.0
28291 1.0
28307 1.0
28312 1.0
28317 1.0
28333 1.0
28338 1.0
28343 1.0
28364 1.0
28437 1.0
28463 1.0
28786 1.0
28812 1.0
28911 1.0
28937 1.0
28958 1.0
28963 1.0
28968 1.0
28989 1.0
29057 1.0
29062 1.0
29088 1.0
29411 1.0
29437 1.0
29536 1.0
29557 1.0
29588 1.0
29682 1.0
29687 1.0
29707 0.14285714285714285
29708 0.8571428571428571
29713 1.0
30156 1.0
30182 1.0
30187 1.0
30307 1.0
30312 1.0
30332 0.25
30333 0.75
30337 0.5
30338 0.5
30781 1.0
30786 1.0
30911 1.0
30932 1.0
30937 1.0
30957 0.5
30958 0.5
31057 1.0
31286 1.0
31307 1.0
31312 1.0
31333 1.0
31338 0.6666666666666666
31339 0.3333333333333333
31359 1.0
31932 1.0
31958 0.8888888888888888
31959 0.1111111111111111
31984 1.0
31989 1.0
32083 1.0
32109 1.0
32536 1.0
32557 1.0
32562 1.0
32583 1.0
32609 1.0
32682 1.0
32703 1.0
32708 1.0
32728 1.0
32734 1.0
33156 1.0
33182 1.0
33208 1.0
33307 1.0
33328 1.0
33333 1.0
33354 1.0
33358 0.6
33359 0.4
33781 1.0
33807 1.0
33927 1.0
33932 1.0
33953 1.0
33958 1.0
33978 1.0
33983 1.0
34077 0.16666666666666666
34078 0.8333333333333334
34083 1.0
34432 1.0
34437 1.0
34458 1.0
34463 1.0
34484 1.0
34489 1.0
34583 1.0
34609 1.0
35031 1.0
35036 1.0
35057 1.0
35062 1.0
35083 1.0
35088 1.0
35108 0.07142857142857142
35109 0.9285714285714286
35114 1.0
35208 1.0
35213 1.0
35234 1.0
35656 1.0
35682 1.0
35687 1.0
35708 1.0
35807 1.0
35833 1.0
35838 1.0
35858 0.15384615384615385
35859 0.8461538461538461
36281 1.0
36307 1.0
36312 1.0
36432 1.0
36453 1.0
36457 0.02564102564102564
36458 0.9743589743589743
36483 1.0
36583 1.0
36911 1.0
36931 0.25
36932 0.75
37057 1.0
37078 1.0
37083 1.0
37202 0.3333333333333333
37203 0.6666666666666666
37208 1.0
37536 1.0
37557 1.0
37562 1.0
37583 1.0
37588 1.0
37609 1.0
37614 1.0
37708 1.0
37713 1.0
37734 1.0
38156 1.0
38182 1.0
38187 1.0
38208 1.0
38213 1.0
38233 1.0
38239 1.0
38333 1.0
38338 1.0
38359 1.0
38364 1.0
38781 1.0
38807 1.0
38838 1.0
38958 1.0
38983 0.5
38984 0.5
39406 1.0
39432 1.0
39557 1.0
39583 1.0
39708 1.0
40031 1.0
40036 1.0
40156 1.0
40182 1.0
40207 0.17391304347826086
40208 0.8260869565217391
40307 1.0
40328 1.0
40333 1.0
40661 1.0
40682 1.0
40687 1.0
40708 1.0
40713 1.0
40739 1.0
40833 1.0
40838 1.0
40859 1.0
40864 1.0
41286 1.0
41307 1.0
41312 1.0
41333 1.0
41364 1.0
41457 0.05
41458 0.95
41463 1.0
41483 0.1111111111111111
41484 0.8888888888888888
41488 0.5
41489 0.5
41911 1.0
41931 0.3333333333333333
41932 0.6666666666666666
41937 1.0
42057 1.0
42083 1.0
42088 1.0
42108 0.5
42109 0.5
42208 1.0
42531 1.0
42682 1.0
42687 1.0
42707 0.030303030303030304
42708 0.9696969696969697
42713 1.0
42807 1.0
42832 0.4
42833 0.6
43156 1.0
43161 1.0
43187 1.0
43281 1.0
43286 1.0
43307 1.0
43332 0.25
43333 0.75
43427 1.0
43432 1.0
43452 1.0
43457 0.1111111111111111
43458 0.8888888888888888
43807 1.0
43812 1.0
43838 1.0
43864 1.0
43958 1.0
43963 1.0
43984 1.0
43989 1.0
44411 1.0
44432 1.0
44437 1.0
44583 1.0
44588 1.0
44614 1.0
44708 1.0
45031 1.0
45057 1.0
45062 1.0
45182 1.0
45187 1.0
45207 0.037037037037037035
45208 0.9629629629629629
45213 1.0
45333 1.0
45661 1.0
45687 1.0
45781 1.0
45807 1.0
45812 1.0
45833 1.0
45838 1.0
45932 1.0
45958 1.0
46281 1.0
46286 1.0
46406 1.0
46432 1.0
46437 1.0
46457 0.3333333333333333
46458 0.6666666666666666
46557 1.0
46582 0.5333333333333333
46583 0.4666666666666667
46937 1.0
46958 1.0
46963 1.0
46979 1.0
46984 1.0
46989 1.0
47557 1.0
47578 1.0
47583 1.0
47604 1.0
47609 1.0
47729 1.0
48177 1.0
48182 1.0
48203 1.0
48208 1.0
48228 1.0
48234 1.0
48328 1.0
48333 1.0
48353 0.16666666666666666
48354 0.8333333333333334
48359 1.0
48802 1.0
48807 1.0
48833 1.0
48858 0.25
48859 0.75
48953 1.0
48958 1.0
48978 0.38461538461538464
48979 0.6153846153846154
48983 0.3333333333333333
48984 0.6666666666666666
49427 1.0
49432 1.0
49552 1.0
49578 1.0
49583 1.0
49603 0.8
49604 0.2
49609 1.0
49703 1.0
50057 1.0
50062 1.0
50083 1.0
50088 1.0
50109 1.0
50114 1.0
50682 1.0
50687 1.0
50708 1.0
50734 1.0
50854 1.0
50859 1.0
51307 1.0
51312 1.0
51333 1.0
51359 1.0
51453 1.0
51458 1.0
51479 1.0
51483 0.07142857142857142
51484 0.9285714285714286
51932 1.0
51937 1.0
51958 1.0
52077 0.14285714285714285
52078 0.8571428571428571
52083 1.0
52108 0.25
52109 0.75
52531 1.0
52536 1.0
52557 1.0
52682 1.0
52703 1.0
52707 0.10526315789473684
52708 0.8947368421052632
52728 1.0
52828 1.0
53182 1.0
53187 1.0
53208 1.0
53213 1.0
53234 1.0
53239 1.0
53359 1.0
53807 1.0
53812 1.0
53833 1.0
53838 1.0
53859 1.0
53864 1.0
53958 1.0
53984 1.0
54406 1.0
54432 1.0
54437 1.0
54458 1.0
54484 1.0
54583 1.0
54608 0.3333333333333333
54609 0.6666666666666666
55057 1.0
55062 1.0
55177 1.0
55203 1.0
55208 1.0
55233 0.6666666666666666
55234 0.3333333333333333
55681 0.16666666666666666
55682 0.8333333333333334
55802 1.0
55807 1.0
55827 0.4
55828 0.6
55832 0.13043478260869565
55833 0.8695652173913043
55952 0.25
55953 0.75
55958 1.0
56307 1.0
56312 1.0
56333 1.0
56338 1.0
56359 1.0
56364 1.0
56458 1.0
56484 1.0
56489 1.0
56906 1.0
56932 1.0
56937 1.0
56958 1.0
56963 1.0
56984 1.0
56989 1.0
57083 1.0
57088 1.0
57108 0.07692307692307693
57109 0.9230769230769231
57114 1.0
57557 1.0
57562 1.0
57583 1.0
57708 1.0
57733 0.16666666666666666
57734 0.8333333333333334
58156 1.0
58161 1.0
58182 1.0
58187 1.0
58307 1.0
58328 1.0
58333 1.0
58358 1.0
58806 0.6666666666666666
58807 0.3333333333333333
58927 1.0
58932 1.0
58952 0.3333333333333333
58953 0.6666666666666666
58957 0.11764705882352941
58958 0.8823529411764706
59077 0.13333333333333333
59078 0.8666666666666667
59432 1.0
59437 1.0
59458 1.0
59463 1.0
59484 1.0
59489 1.0
59583 1.0
59609 1.0
59614 1.0
60057 1.0
60062 1.0
60083 1.0
60088 1.0
60208 1.0
60213 1.0
60233 0.06666666666666667
60234 0.9333333333333333
60239 1.0
60656 1.0
60682 1.0
60687 1.0
60708 1.0
60828 1.0
60833 1.0
60838 1.0
60858 0.2857142857142857
60859 0.7142857142857143
61307 1.0
61432 1.0
61458 1.0
61583 1.0
61906 1.0
61932 1.0
62031 1.0
62057 1.0
62077 1.0
62082 0.1875
62083 0.8125
62182 1.0
62202 0.3333333333333333
62203 0.6666666666666666
62207 0.14285714285714285
62208 0.8571428571428571
62557 1.0
62562 0.6666666666666666
62563 0.3333333333333333
62583 1.0
62588 1.0
62604 1.0
62609 1.0
62614 1.0
63182 1.0
63203 1.0
63208 1.0
63229 1.0
63234 1.0
63354 1.0
63802 1.0
63807 1.0
63828 1.0
63832 0.2
63833 0.8
63854 1.0
63858 0.06666666666666667
63859 0.9333333333333333
63979 1.0
63984 1.0
64427 1.0
64432 1.0
64453 1.0
64458 1.0
64478 0.16666666666666666
64479 0.8333333333333334
64483 0.3333333333333333
64484 0.6666666666666666
64578 1.0
64603 0.125
64604 0.875
64609 1.0
65031 1.0
65052 1.0
65056 0.3333333333333333
65057 0.6666666666666666
65083 1.0
65177 1.0
65203 1.0
65208 1.0
65228 0.6666666666666666
65229 0.3333333333333333
65328 1.0
65682 1.0
65687 1.0
65708 1.0
65734 1.0
65739 1.0
66307 1.0
66333 1.0
66354 1.0
66359 1.0
66479 1.0
66484 1.0
66927 1.0
66932 1.0
66937 1.0
66958 1.0
66979 1.0
66984 1.0
67078 1.0
67103 0.14285714285714285
67104 0.8571428571428571
67108 0.4
67109 0.6
67552 1.0
67557 1.0
67583 1.0
67609 1.0
67703 1.0
67729 1.0
67733 0.4
67734 0.6
68156 1.0
68182 1.0
68208 1.0
68302 1.0
68327 0.02857142857142857
68328 0.9714285714285714
68333 1.0
68353 1.0
68453 1.0
68807 1.0
68812 1.0
68833 1.0
68838 1.0
68859 1.0
68864 1.0
68984 1.0
69432 1.0
69437 1.0
69458 1.0
69483 0.041666666666666664
69484 0.9583333333333334
69609 1.0
70036 1.0
70052 1.0
70057 1.0
70062 1.0
70083 1.0
70109 1.0
70203 1.0
70208 1.0
70229 1.0
70233 0.4444444444444444
70234 0.5555555555555556
70677 1.0
70682 1.0
70708 1.0
70802 1.0
70828 1.0
70833 1.0
70854 1.0
70858 0.3333333333333333
70859 0.6666666666666666
71281 1.0
71302 1.0
71306 0.2
71307 0.8
71427 1.0
71453 1.0
71458 1.0
71578 1.0
71911 1.0
71932 1.0
71937 1.0
71958 1.0
71963 1.0
71984 1.0
71989 1.0
72109 1.0
72557 1.0
72562 1.0
72583 1.0
72588 1.0
72608 0.125
72609 0.875
72708 1.0
72734 1.0
73182 1.0
73187 1.0
73208 1.0
73233 0.5
73234 0.5
73333 1.0
73358 0.15384615384615385
73359 0.8461538461538461
73781 1.0
73807 1.0
73953 1.0
73957 0.047619047619047616
73958 0.9523809523809523
73978 0.75
73979 0.25
73983 0.25
73984 0.75
74078 1.0
74406 1.0
74432 1.0
74552 1.0
74577 0.2
74578 0.8
74583 1.0
74703 1.0
75036 1.0
75057 1.0
75062 1.0
75083 1.0
75088 1.0
75109 1.0
75114 1.0
75208 1.0
75234 1.0
75656 1.0
75682 1.0
75687 1.0
75708 1.0
75713 1.0
75733 0.25
75734 0.75
75833 1.0
75859 1.0
76281 1.0
76286 1.0
76306 0.16666666666666666
76307 0.8333333333333334
76311 0.5
76312 0.5
76332 0.3333333333333333
76333 0.6666666666666666
76363 1.0
76453 1.0
76458 1.0
76483 0.4
76484 0.6
76906 1.0
76932 1.0
77057 1.0
77078 1.0
77083 1.0
77108 1.0
77203 1.0
77557 1.0
77677 1.0
77682 1.0
77703 1.0
77707 0.09523809523809523
77708 0.9047619047619048
77802 1.0
77827 0.3333333333333333
77828 0.6666666666666666
