60 1.0
85 1.0
110 1.0
161 1.0
186 1.0
190 0.5
191 0.5
206 1.0
211 1.0
236 1.0
272 1.0
311 0.3333333333333333
312 0.6666666666666666
316 0.3333333333333333
317 0.6666666666666666
398 1.0
417 0.3333333333333333
418 0.6666666666666666
423 1.0
518 0.5
519 0.5
660 1.0
680 1.0
786 1.0
791 1.0
811 1.0
831 1.0
836 1.0
917 1.0
936 0.1111111111111111
937 0.8888888888888888
942 1.0
957 1.0
961 0.3333333333333333
962 0.6666666666666666
1043 1.0
1062 0.5
1063 0.5
1067 1.0
1144 1.0
1149 1.0
1174 1.0
1285 1.0
1406 1.0
1411 1.0
1416 1.0
1431 1.0
1436 1.0
1456 1.0
1461 1.0
1542 1.0
1556 0.25
1557 0.75
1562 1.0
1567 1.0
1587 1.0
1663 1.0
1668 1.0
1693 1.0
1769 1.0
1774 1.0
2016 1.0
2036 1.0
2056 1.0
2061 1.0
2162 1.0
2167 1.0
2182 1.0
2187 1.0
2207 1.0
2212 1.0
2273 1.0
2293 1.0
2313 1.0
2398 0.2
2399 0.8
2419 1.0
2656 1.0
2661 1.0
2772 1.0
2787 1.0
2807 0.7142857142857143
2808 0.2857142857142857
2812 1.0
2832 1.0
2893 1.0
2913 1.0
2918 1.0
3019 1.0
3024 1.0
3044 1.0
3165 1.0
3185 1.0
3190 1.0
3286 1.0
3291 1.0
3311 1.0
3336 1.0
3361 1.0
3412 1.0
3417 1.0
3437 1.0
3442 1.0
3462 1.0
3523 1.0
3542 1.0
3648 1.0
3790 1.0
3810 1.0
3815 1.0
3891 1.0
3911 1.0
3916 1.0
3931 1.0
3936 1.0
3961 1.0
3966 1.0
4022 1.0
4061 0.16666666666666666
4062 0.8333333333333334
4067 1.0
4082 1.0
4086 0.25
4087 0.75
4148 1.0
4168 1.0
4173 1.0
4274 1.0
4299 1.0
4561 1.0
4586 1.0
4672 1.0
4682 1.0
4686 0.09090909090909091
4687 0.9090909090909091
4692 1.0
4712 1.0
4768 1.0
4788 1.0
4793 1.0
4894 1.0
4899 1.0
4919 1.0
5161 1.0
5166 1.0
5287 1.0
5292 1.0
5307 1.0
5312 1.0
5393 1.0
5413 1.0
5418 1.0
5442 1.0
5519 1.0
5524 1.0
5544 1.0
5549 1.0
5766 1.0
5781 1.0
5786 1.0
5791 1.0
5892 1.0
5897 1.0
5912 1.0
5917 1.0
5932 0.5
5933 0.5
5937 0.9
5938 0.1
6018 1.0
6038 1.0
6043 1.0
6058 1.0
6063 1.0
6144 1.0
6149 1.0
6169 1.0
6285 1.0
6396 1.0
6411 1.0
6416 1.0
6421 1.0
6436 1.0
6441 1.0
6461 1.0
6517 1.0
6522 1.0
6537 1.0
6542 1.0
6561 0.16666666666666666
6562 0.8333333333333334
6567 1.0
6587 1.0
6663 1.0
6668 1.0
6673 1.0
6688 1.0
6693 1.0
6774 1.0
7021 1.0
7036 1.0
7041 1.0
7061 1.0
7086 1.0
7142 1.0
7147 1.0
7187 1.0
7192 1.0
7212 1.0
7217 1.0
7268 1.0
7273 1.0
7293 1.0
7298 1.0
7313 1.0
7394 1.0
7398 0.3333333333333333
7399 0.6666666666666666
7661 1.0
7666 1.0
7686 1.0
7772 1.0
7787 1.0
7792 1.0
7807 1.0
7812 1.0
7817 1.0
7837 1.0
7893 1.0
7898 1.0
7918 1.0
7938 1.0
7943 1.0
8019 1.0
8024 1.0
8044 1.0
8286 1.0
8291 1.0
8396 0.5
8397 0.5
8412 1.0
8417 1.0
8422 1.0
8432 1.0
8437 1.0
8518 1.0
8538 1.0
8543 1.0
8548 1.0
8558 1.0
8563 1.0
8643 0.5
8644 0.5
8649 1.0
8669 1.0
8891 1.0
8896 1.0
8911 1.0
8916 1.0
9017 1.0
9037 1.0
9042 1.0
9057 0.5
9058 0.5
9062 0.8571428571428571
9063 0.14285714285714285
9143 1.0
9148 1.0
9163 1.0
9168 1.0
9183 1.0
9188 1.0
9269 1.0
9274 1.0
9289 1.0
9294 1.0
9415 1.0
9516 1.0
9541 1.0
9561 1.0
9565 0.3333333333333333
9566 0.6666666666666666
9666 0.5
9667 0.5
9686 0.14285714285714285
9687 0.8571428571428571
9692 1.0
9712 1.0
9768 1.0
9773 1.0
9793 1.0
9798 1.0
9817 0.5
9818 0.5
9899 1.0
9919 1.0
10161 1.0
10166 1.0
10186 1.0
10211 1.0
10267 1.0
10272 1.0
10287 1.0
10292 1.0
10311 0.08333333333333333
10312 0.9166666666666666
10317 1.0
10337 1.0
10393 1.0
10398 1.0
10418 1.0
10438 1.0
10443 1.0
10519 1.0
10524 1.0
10544 1.0
10549 1.0
10766 1.0
10786 1.0
10791 1.0
10897 1.0
10912 1.0
10917 1.0
10937 1.0
10942 1.0
11038 1.0
11043 1.0
11048 1.0
11063 1.0
11068 1.0
11144 1.0
11149 1.0
11391 1.0
11416 1.0
11512 1.0
11517 1.0
11522 1.0
11542 1.0
11562 1.0
11643 1.0
11663 1.0
11668 1.0
11673 1.0
11683 1.0
11688 1.0
11769 1.0
11774 1.0
12011 1.0
12031 1.0
12036 1.0
12147 1.0
12157 1.0
12162 1.0
12187 1.0
12273 1.0
12288 1.0
12293 0.8333333333333334
12294 0.16666666666666666
12308 1.0
12313 1.0
12394 1.0
12399 1.0
12641 1.0
12646 1.0
12661 1.0
12666 1.0
12691 1.0
12772 1.0
12792 1.0
12812 1.0
12817 1.0
12837 1.0
12842 1.0
12893 1.0
12898 1.0
12913 1.0
12917 0.25
12918 0.75
12923 1.0
12938 1.0
12943 1.0
13024 1.0
13266 1.0
13271 1.0
13286 1.0
13291 1.0
13311 1.0
13392 1.0
13397 1.0
13412 1.0
13437 1.0
13442 1.0
13462 1.0
13518 1.0
13523 1.0
13538 1.0
13543 1.0
13548 1.0
13649 1.0
13669 1.0
13674 1.0
13891 1.0
13896 1.0
13911 1.0
13916 1.0
13936 1.0
14022 1.0
14037 1.0
14042 1.0
14062 1.0
14067 1.0
14143 1.0
14148 1.0
14163 1.0
14168 1.0
14173 1.0
14188 1.0
14193 1.0
14274 1.0
14294 1.0
14299 1.0
14516 1.0
14536 1.0
14642 1.0
14647 1.0
14662 1.0
14667 0.875
14668 0.125
14687 1.0
14692 1.0
14768 1.0
14773 1.0
14788 0.6666666666666666
14789 0.3333333333333333
14793 1.0
14813 1.0
14818 1.0
14894 1.0
14899 1.0
14914 1.0
14919 1.0
15141 1.0
15267 1.0
15287 1.0
15292 1.0
15312 1.0
15393 1.0
15398 1.0
15413 1.0
15418 1.0
15438 1.0
15519 1.0
15524 1.0
15544 1.0
15685 1.0
15705 1.0
15710 1.0
15730 1.0
15735 1.0
15830 0.25
15831 0.75
15835 0.6
15836 0.4
15855 0.2
15856 0.8
15860 1.0
16285 1.0
16305 1.0
16310 1.0
16330 1.0
16335 1.0
16355 1.0
16456 1.0
16461 1.0
16481 1.0
16905 1.0
16910 1.0
16930 0.6666666666666666
16931 0.3333333333333333
17056 1.0
17081 1.0
17086 1.0
17106 1.0
17207 1.0
17530 1.0
17656 1.0
17681 0.9090909090909091
17682 0.09090909090909091
17686 1.0
17701 0.5
17702 0.5
17706 0.96875
17707 0.03125
17807 1.0
17827 1.0
17832 1.0
18281 1.0
18301 1.0
18306 1.0
18326 1.0
18331 0.6666666666666666
18332 0.3333333333333333
18427 1.0
18432 1.0
18452 1.0
18457 1.0
18785 1.0
18790 1.0
18805 1.0
18810 1.0
18830 1.0
18835 1.0
18855 1.0
18860 1.0
18956 1.0
18960 0.18181818181818182
18961 0.8181818181818182
18981 1.0
18986 1.0
19405 1.0
19410 1.0
19430 1.0
19435 1.0
19455 1.0
19480 1.0
19556 1.0
19561 1.0
19581 1.0
19586 1.0
19606 1.0
19611 1.0
20035 1.0
20060 1.0
20161 1.0
20181 1.0
20206 0.9523809523809523
20207 0.047619047619047616
20211 1.0
20307 1.0
20332 1.0
20655 1.0
20660 1.0
20781 1.0
20786 1.0
20806 1.0
20811 1.0
20831 0.6666666666666666
20832 0.3333333333333333
20837 1.0
20932 1.0
20937 1.0
20957 1.0
20962 1.0
21280 1.0
21285 1.0
21406 1.0
21411 1.0
21431 0.75
21432 0.25
21456 1.0
21552 1.0
21557 1.0
21582 1.0
21910 1.0
21915 1.0
21935 1.0
21940 1.0
21960 1.0
21985 1.0
22060 1.0
22081 1.0
22085 0.05
22086 0.95
22106 1.0
22111 1.0
22556 1.0
22560 1.0
22565 1.0
22661 1.0
22681 1.0
22686 1.0
22706 1.0
22711 1.0
22731 1.0
22736 1.0
22832 1.0
23155 1.0
23160 1.0
23180 1.0
23185 1.0
23281 1.0
23286 1.0
23306 0.8888888888888888
23307 0.1111111111111111
23311 1.0
23331 1.0
23336 1.0
23432 1.0
23457 1.0
23462 1.0
23785 1.0
23805 1.0
23810 1.0
23906 1.0
23911 1.0
23931 0.9090909090909091
23932 0.09090909090909091
23936 1.0
23956 0.8333333333333334
23957 0.16666666666666666
24057 1.0
24062 1.0
24082 1.0
24087 1.0
24531 1.0
24536 1.0
24556 1.0
24562 1.0
24582 1.0
24682 0.9629629629629629
24683 0.037037037037037035
24687 1.0
24707 1.0
25035 1.0
25040 1.0
25060 1.0
25181 1.0
25186 1.0
25206 1.0
25211 1.0
25231 1.0
25236 1.0
25337 1.0
25660 1.0
25685 1.0
25781 1.0
25786 1.0
25806 1.0
25811 1.0
25831 1.0
25836 0.8571428571428571
25837 0.14285714285714285
25932 1.0
25957 1.0
25962 1.0
26285 1.0
26310 1.0
26411 1.0
26431 1.0
26436 1.0
26456 0.7142857142857143
26457 0.2857142857142857
26461 1.0
26557 1.0
26562 1.0
26582 1.0
26910 1.0
27036 1.0
27056 0.6666666666666666
27057 0.3333333333333333
27061 1.0
27082 1.0
27086 1.0
27182 1.0
27187 1.0
27207 1.0
27656 1.0
27661 1.0
27681 0.5
27682 0.5
27686 1.0
27707 1.0
27807 1.0
27812 1.0
27832 1.0
27933 1.0
28160 1.0
28165 1.0
28291 1.0
28306 1.0
28311 1.0
28316 1.0
28331 0.5
28332 0.5
28336 1.0
28341 1.0
28361 1.0
28462 1.0
28785 1.0
28810 1.0
28911 1.0
28931 1.0
28936 1.0
28956 1.0
28961 1.0
28986 1.0
29057 1.0
29062 1.0
29082 1.0
29087 1.0
29410 1.0
29435 1.0
29531 1.0
29536 1.0
29556 1.0
29561 1.0
29581 1.0
29586 0.8333333333333334
29587 0.16666666666666666
29682 1.0
29687 1.0
29707 1.0
29712 1.0
30156 1.0
30181 1.0
30186 1.0
30307 1.0
30312 1.0
30332 1.0
30337 1.0
30433 1.0
30781 1.0
30786 1.0
30907 1.0
30932 0.8125
30933 0.1875
30937 1.0
31058 1.0
31285 1.0
31305 1.0
31310 1.0
31330 1.0
31335 1.0
31355 1.0
31930 1.0
31955 1.0
31975 1.0
31980 1.0
32081 1.0
32101 1.0
32106 1.0
32530 1.0
32550 1.0
32555 1.0
32580 1.0
32605 1.0
32676 1.0
32701 1.0
32706 1.0
32726 1.0
32731 1.0
33155 1.0
33180 1.0
33205 1.0
33306 1.0
33326 0.8571428571428571
33327 0.14285714285714285
33331 1.0
33351 1.0
33452 1.0
33457 1.0
33780 0.5
33781 0.5
33805 1.0
33901 1.0
33926 1.0
33931 1.0
33951 0.631578947368421
33952 0.3684210526315789
33956 0.9
33957 0.1
34052 1.0
34077 1.0
34430 1.0
34435 1.0
34455 1.0
34460 1.0
34480 1.0
34485 1.0
34581 1.0
34606 1.0
35030 1.0
35035 1.0
35055 1.0
35060 1.0
35080 1.0
35105 1.0
35110 1.0
35201 1.0
35206 1.0
35226 1.0
35231 1.0
35655 1.0
35676 1.0
35680 0.5
35681 0.5
35685 1.0
35705 0.5
35706 0.5
35806 1.0
35826 1.0
35831 1.0
35851 1.0
35856 1.0
36280 1.0
36305 1.0
36427 1.0
36431 1.0
36451 0.5555555555555556
36452 0.4444444444444444
36456 1.0
36577 1.0
36905 1.0
36930 1.0
37051 0.6666666666666666
37052 0.3333333333333333
37056 1.0
37076 0.75
37077 0.25
37081 0.5714285714285714
37082 0.42857142857142855
37177 1.0
37202 1.0
37207 1.0
37535 1.0
37555 1.0
37560 1.0
37580 1.0
37585 1.0
37605 1.0
37610 1.0
37706 1.0
37711 1.0
37731 1.0
38155 1.0
38180 1.0
38205 1.0
38210 1.0
38230 1.0
38235 1.0
38331 1.0
38336 1.0
38356 1.0
38780 1.0
38805 1.0
38830 1.0
38931 1.0
38951 1.0
38956 1.0
38981 1.0
39077 1.0
39082 1.0
39405 1.0
39431 1.0
39556 1.0
39576 1.0
39581 0.96
39582 0.04
39702 1.0
39707 1.0
40030 1.0
40035 1.0
40151 1.0
40176 1.0
40181 0.5714285714285714
40182 0.42857142857142855
40202 1.0
40206 0.6666666666666666
40207 0.3333333333333333
40302 1.0
40307 1.0
40327 1.0
40332 1.0
40660 1.0
40680 1.0
40685 1.0
40705 1.0
40710 1.0
40735 1.0
40831 1.0
40836 1.0
40856 1.0
40861 1.0
41285 1.0
41305 1.0
41310 1.0
41331 1.0
41431 1.0
41456 1.0
41461 1.0
41481 1.0
41486 1.0
41905 1.0
41910 1.0
41930 1.0
41935 1.0
42056 1.0
42081 0.9117647058823529
42082 0.08823529411764706
42086 1.0
42106 1.0
42182 1.0
42207 1.0
42530 1.0
42681 1.0
42702 1.0
42706 0.84
42707 0.16
42807 1.0
42827 1.0
42832 1.0
43155 0.6
43156 0.4
43160 1.0
43276 1.0
43281 1.0
43306 0.6666666666666666
43307 0.3333333333333333
43331 0.5
43332 0.5
43427 1.0
43432 1.0
43452 1.0
43457 1.0
43805 1.0
43810 1.0
43835 1.0
43860 1.0
43956 1.0
43961 1.0
43981 1.0
43986 1.0
44410 1.0
44430 1.0
44435 1.0
44581 1.0
44586 1.0
44611 1.0
44707 1.0
45030 1.0
45060 1.0
45156 1.0
45181 0.8333333333333334
45182 0.16666666666666666
45206 0.9629629629629629
45207 0.037037037037037035
45211 1.0
45332 1.0
45655 1.0
45685 1.0
45781 1.0
45806 0.7857142857142857
45807 0.21428571428571427
45831 0.8333333333333334
45832 0.16666666666666666
45837 1.0
45932 1.0
45957 1.0
46280 0.6666666666666666
46281 0.3333333333333333
46406 1.0
46411 1.0
46431 1.0
46457 1.0
46552 1.0
46557 1.0
46582 1.0
46678 1.0
46935 1.0
46955 1.0
46960 1.0
46975 1.0
46980 1.0
46985 1.0
47555 1.0
47575 1.0
47580 1.0
47600 0.9090909090909091
47601 0.09090909090909091
47605 1.0
47701 1.0
47726 1.0
48175 1.0
48180 1.0
48205 0.6
48206 0.4
48225 0.4
48226 0.6
48230 0.875
48231 0.125
48326 1.0
48331 1.0
48351 1.0
48356 1.0
48800 0.75
48801 0.25
48805 1.0
48825 1.0
48830 0.6666666666666666
48831 0.3333333333333333
48855 1.0
48926 1.0
48951 0.9393939393939394
48952 0.06060606060606061
48956 1.0
48976 1.0
49425 1.0
49430 1.0
49526 1.0
49551 1.0
49576 0.8571428571428571
49577 0.14285714285714285
49677 1.0
49702 1.0
50055 1.0
50060 1.0
50080 1.0
50085 1.0
50100 1.0
50105 1.0
50110 1.0
50675 1.0
50680 1.0
50705 1.0
50725 1.0
50730 1.0
50851 1.0
50856 1.0
51280 1.0
51305 1.0
51330 1.0
51355 0.5
51356 0.5
51451 1.0
51456 1.0
51476 1.0
51481 1.0
51930 1.0
52051 1.0
52076 0.95
52077 0.05
52081 1.0
52106 1.0
52530 1.0
52555 1.0
52676 1.0
52681 1.0
52701 0.7878787878787878
52702 0.21212121212121213
52706 1.0
52802 1.0
52827 1.0
53180 1.0
53185 1.0
53205 1.0
53210 1.0
53230 1.0
53235 1.0
53356 1.0
53805 1.0
53810 1.0
53830 0.8888888888888888
53831 0.1111111111111111
53835 1.0
53855 0.8181818181818182
53856 0.18181818181818182
53951 1.0
53956 1.0
53976 1.0
53981 1.0
54405 1.0
54430 1.0
54480 1.0
54576 1.0
54581 1.0
54601 1.0
54606 1.0
55030 1.0
55055 0.8333333333333334
55056 0.16666666666666666
55176 1.0
55181 1.0
55201 0.9230769230769231
55202 0.07692307692307693
55206 1.0
55327 1.0
55656 1.0
55680 0.75
55681 0.25
55801 0.75
55802 0.25
55806 1.0
55826 0.875
55827 0.125
55831 1.0
55927 1.0
55952 1.0
56305 1.0
56310 1.0
56330 1.0
56335 1.0
56355 1.0
56360 1.0
56456 1.0
56481 1.0
56905 1.0
56930 1.0
56935 1.0
56955 1.0
56960 1.0
56980 0.8
56981 0.2
56985 1.0
57081 1.0
57086 1.0
57106 1.0
57555 1.0
57560 1.0
57580 1.0
57701 1.0
57706 1.0
57731 1.0
57827 1.0
58155 1.0
58180 0.6666666666666666
58181 0.3333333333333333
58185 1.0
58301 1.0
58306 1.0
58326 0.8888888888888888
58327 0.1111111111111111
58331 1.0
58452 1.0
58457 1.0
58781 1.0
58805 1.0
58926 0.8333333333333334
58927 0.16666666666666666
58931 0.8
58932 0.2
58951 0.6666666666666666
58952 0.3333333333333333
58956 0.8
58957 0.2
59052 1.0
59077 1.0
59082 1.0
59430 1.0
59435 1.0
59455 1.0
59460 1.0
59480 0.6666666666666666
59481 0.3333333333333333
59581 1.0
59606 1.0
59611 1.0
60055 1.0
60060 1.0
60081 1.0
60085 1.0
60206 1.0
60211 1.0
60231 1.0
60236 1.0
60655 1.0
60680 1.0
60685 1.0
60806 1.0
60831 0.975
60832 0.025
60836 1.0
60856 1.0
60952 1.0
61431 1.0
61451 1.0
61456 0.9
61457 0.1
61577 1.0
61582 1.0
61905 1.0
62031 1.0
62051 0.25
62052 0.75
62056 0.875
62057 0.125
62076 1.0
62081 0.75
62082 0.25
62177 1.0
62182 1.0
62202 1.0
62207 1.0
62555 1.0
62560 1.0
62580 1.0
62585 1.0
62600 1.0
62605 1.0
62610 1.0
63180 1.0
63200 1.0
63205 1.0
63225 1.0
63230 1.0
63351 1.0
63800 1.0
63805 1.0
63825 0.6666666666666666
63826 0.3333333333333333
63830 1.0
63850 0.6666666666666666
63851 0.3333333333333333
63855 1.0
63951 1.0
63976 1.0
64425 0.8571428571428571
64426 0.14285714285714285
64430 1.0
64450 1.0
64455 1.0
64476 1.0
64551 1.0
64576 0.9375
64577 0.0625
64601 0.9375
64602 0.0625
65030 1.0
65050 1.0
65055 1.0
65076 1.0
65176 0.8
65177 0.2
65201 0.8636363636363636
65202 0.13636363636363635
65327 1.0
65680 1.0
65685 1.0
65705 1.0
65725 1.0
65730 1.0
65735 1.0
66305 1.0
66325 1.0
66330 1.0
66350 0.7142857142857143
66351 0.2857142857142857
66355 1.0
66476 1.0
66481 1.0
66925 1.0
66930 1.0
66950 0.6666666666666666
66951 0.3333333333333333
66955 1.0
66976 1.0
66980 1.0
67051 1.0
67076 1.0
67101 1.0
67106 1.0
67550 0.6666666666666666
67551 0.3333333333333333
67555 1.0
67580 0.5
67581 0.5
67606 1.0
67676 1.0
67701 0.9629629629629629
67702 0.037037037037037035
67726 1.0
67827 1.0
68155 1.0
68175 0.3333333333333333
68176 0.6666666666666666
68180 1.0
68301 0.5
68302 0.5
68326 0.8333333333333334
68327 0.16666666666666666
68331 1.0
68452 1.0
68805 1.0
68810 1.0
68830 1.0
68835 1.0
68855 1.0
68860 1.0
68981 1.0
69430 1.0
69435 1.0
69455 1.0
69480 1.0
69581 1.0
69606 1.0
70035 1.0
70050 0.6666666666666666
70051 0.3333333333333333
70055 1.0
70080 0.5714285714285714
70081 0.42857142857142855
70105 1.0
70201 1.0
70206 1.0
70226 1.0
70231 1.0
70676 1.0
70680 1.0
70706 1.0
70801 1.0
70826 0.8
70827 0.2
70831 1.0
70851 1.0
70952 1.0
71280 1.0
71301 1.0
71305 1.0
71426 0.875
71427 0.125
71451 0.7916666666666666
71452 0.20833333333333334
71456 1.0
71552 1.0
71577 1.0
71910 1.0
71930 1.0
71935 1.0
71955 1.0
71960 1.0
71980 1.0
71985 1.0
72106 1.0
72555 1.0
72560 1.0
72580 1.0
72605 0.6666666666666666
72606 0.3333333333333333
72706 1.0
72731 1.0
73175 1.0
73180 1.0
73206 1.0
73301 1.0
73306 1.0
73326 1.0
73331 1.0
73351 1.0
73356 1.0
73780 1.0
73800 0.5
73801 0.5
73805 1.0
73926 1.0
73931 1.0
73951 0.85
73952 0.15
73956 1.0
73976 1.0
74052 1.0
74077 1.0
74405 1.0
74430 1.0
74551 0.75
74552 0.25
74556 1.0
74576 0.7222222222222222
74577 0.2777777777777778
74581 1.0
74677 1.0
74702 1.0
75035 1.0
75055 1.0
75060 1.0
75080 1.0
75085 1.0
75105 1.0
75110 0.8888888888888888
75111 0.1111111111111111
75206 1.0
75231 1.0
75655 1.0
75680 1.0
75705 1.0
75730 0.8
75731 0.2
75826 1.0
75831 1.0
75856 1.0
76280 1.0
76285 1.0
76305 1.0
76330 1.0
76431 1.0
76451 0.875
76452 0.125
76456 1.0
76481 1.0
76577 1.0
76905 1.0
76930 0.5
76931 0.5
77051 1.0
77056 1.0
77076 0.25
77077 0.75
77081 1.0
77202 1.0
77555 1.0
77676 0.7272727272727273
77677 0.2727272727272727
77681 1.0
77701 0.5833333333333334
77702 0.4166666666666667
77706 1.0
77802 1.0
77827 1.0
