55 1.0
60 1.0
65 1.0
80 1.0
85 1.0
110 1.0
186 1.0
206 1.0
211 1.0
231 1.0
236 1.0
267 1.0
292 1.0
312 1.0
398 1.0
418 1.0
519 1.0
660 1.0
680 1.0
786 1.0
806 1.0
811 1.0
831 1.0
836 1.0
856 1.0
912 1.0
917 1.0
937 1.0
942 1.0
957 1.0
962 1.0
1038 1.0
1043 1.0
1063 1.0
1149 1.0
1169 1.0
1285 1.0
1305 1.0
1406 1.0
1411 1.0
1431 0.6666666666666666
1432 0.3333333333333333
1456 1.0
1537 1.0
1542 1.0
1557 1.0
1562 1.0
1582 1.0
1587 1.0
1663 1.0
1688 1.0
1693 1.0
1769 1.0
1774 1.0
2016 1.0
2031 1.0
2036 1.0
2056 1.0
2157 1.0
2162 1.0
2182 0.9375
2183 0.0625
2207 1.0
2268 1.0
2273 1.0
2288 1.0
2293 1.0
2308 1.0
2394 1.0
2399 1.0
2419 1.0
2656 0.6666666666666666
2657 0.3333333333333333
2661 1.0
2772 1.0
2782 0.6666666666666666
2783 0.3333333333333333
2807 1.0
2893 1.0
2913 1.0
2918 1.0
2928 1.0
2933 1.0
3019 1.0
3024 1.0
3039 1.0
3044 1.0
3165 1.0
3185 1.0
3210 1.0
3286 1.0
3291 1.0
3306 1.0
3311 1.0
3331 1.0
3336 1.0
3356 1.0
3361 1.0
3417 1.0
3437 1.0
3442 1.0
3457 1.0
3523 1.0
3543 1.0
3785 1.0
3810 1.0
3911 1.0
3931 1.0
3936 1.0
3956 1.0
3961 1.0
4022 1.0
4057 1.0
4062 1.0
4082 1.0
4087 1.0
4148 1.0
4168 1.0
4274 1.0
4536 1.0
4541 1.0
4556 1.0
4561 1.0
4581 1.0
4586 1.0
4682 1.0
4687 1.0
4692 1.0
4707 1.0
4712 1.0
4788 1.0
4793 1.0
4894 1.0
4899 1.0
4919 1.0
5156 1.0
5161 1.0
5166 1.0
5282 1.0
5287 1.0
5307 1.0
5312 0.8333333333333334
5313 0.16666666666666666
5393 1.0
5413 1.0
5418 1.0
5433 1.0
5519 1.0
5524 1.0
5544 1.0
5766 1.0
5781 1.0
5786 1.0
5887 1.0
5897 1.0
5907 1.0
5912 1.0
5932 1.0
6013 1.0
6018 1.0
6033 1.0
6038 1.0
6043 1.0
6058 1.0
6063 1.0
6144 1.0
6149 1.0
6169 1.0
6285 1.0
6396 1.0
6411 1.0
6416 1.0
6421 1.0
6436 1.0
6461 1.0
6517 1.0
6522 1.0
6537 1.0
6542 1.0
6562 1.0
6567 1.0
6587 1.0
6592 1.0
6668 1.0
6693 1.0
6774 1.0
7016 1.0
7036 1.0
7061 1.0
7086 1.0
7142 1.0
7167 1.0
7182 1.0
7187 1.0
7207 1.0
7212 1.0
7268 1.0
7273 1.0
7288 1.0
7293 1.0
7298 1.0
7313 1.0
7394 1.0
7399 1.0
7661 1.0
7686 1.0
7767 1.0
7772 1.0
7782 1.0
7787 1.0
7792 1.0
7807 1.0
7812 1.0
7837 1.0
7893 1.0
7898 1.0
7913 1.0
7918 1.0
7938 1.0
8018 0.25
8019 0.75
8044 1.0
8266 1.0
8281 1.0
8286 1.0
8392 1.0
8407 1.0
8412 1.0
8417 1.0
8432 1.0
8437 0.8
8438 0.2
8518 1.0
8533 1.0
8538 1.0
8543 1.0
8548 1.0
8558 1.0
8563 1.0
8644 1.0
8649 1.0
8669 1.0
8886 1.0
8891 1.0
8906 0.6666666666666666
8907 0.3333333333333333
8911 1.0
9017 1.0
9032 1.0
9037 1.0
9057 0.6666666666666666
9058 0.3333333333333333
9143 1.0
9158 1.0
9163 1.0
9168 1.0
9183 1.0
9188 1.0
9269 1.0
9274 1.0
9289 1.0
9294 1.0
9415 1.0
9440 1.0
9516 1.0
9541 1.0
9561 1.0
9566 1.0
9586 1.0
9687 1.0
9692 1.0
9712 1.0
9773 1.0
9792 0.16666666666666666
9793 0.8333333333333334
9798 1.0
9899 1.0
9919 1.0
10161 1.0
10166 1.0
10186 0.6666666666666666
10187 0.3333333333333333
10211 1.0
10267 1.0
10272 1.0
10287 1.0
10312 1.0
10317 1.0
10337 1.0
10393 1.0
10398 1.0
10413 1.0
10418 1.0
10438 1.0
10443 1.0
10519 1.0
10524 1.0
10544 1.0
10549 1.0
10761 1.0
10766 1.0
10786 1.0
10791 1.0
10892 1.0
10907 1.0
10912 1.0
10918 1.0
10932 1.0
10937 1.0
11038 1.0
11043 1.0
11058 1.0
11063 1.0
11144 1.0
11149 1.0
11174 1.0
11411 1.0
11512 1.0
11522 1.0
11532 1.0
11537 1.0
11557 0.6666666666666666
11558 0.3333333333333333
11562 1.0
11643 1.0
11663 1.0
11668 1.0
11683 1.0
11688 1.0
11764 1.0
11774 1.0
12011 1.0
12031 1.0
12036 1.0
12142 1.0
12157 0.8
12158 0.2
12162 1.0
12182 1.0
12268 1.0
12273 1.0
12283 1.0
12288 1.0
12293 1.0
12308 1.0
12393 0.5
12394 0.5
12399 1.0
12419 1.0
12646 1.0
12661 1.0
12666 1.0
12686 1.0
12691 1.0
12772 1.0
12792 1.0
12812 1.0
12817 1.0
12837 1.0
12842 1.0
12893 1.0
12918 1.0
12938 1.0
12943 1.0
13024 1.0
13266 1.0
13286 1.0
13291 1.0
13311 1.0
13392 1.0
13397 1.0
13412 1.0
13437 1.0
13462 1.0
13518 1.0
13523 1.0
13538 1.0
13543 1.0
13563 1.0
13649 1.0
13668 0.5
13669 0.5
13674 1.0
13886 1.0
13896 1.0
13911 1.0
13936 1.0
14022 1.0
14037 1.0
14042 1.0
14057 1.0
14062 1.0
14143 1.0
14148 1.0
14163 1.0
14168 1.0
14188 1.0
14269 1.0
14274 1.0
14294 1.0
14516 1.0
14642 1.0
14647 1.0
14657 1.0
14662 1.0
14667 1.0
14687 1.0
14768 1.0
14773 1.0
14788 1.0
14793 1.0
14813 1.0
14894 1.0
14899 1.0
14914 1.0
14919 1.0
15136 1.0
15262 1.0
15267 1.0
15282 1.0
15287 1.0
15388 1.0
15393 0.6666666666666666
15394 0.3333333333333333
15408 1.0
15413 1.0
15418 1.0
15433 1.0
15438 1.0
15519 1.0
15524 1.0
15544 1.0
15680 1.0
15685 1.0
15705 1.0
15710 1.0
15725 1.0
15730 1.0
15735 1.0
15831 1.0
15856 1.0
16280 1.0
16305 1.0
16310 1.0
16330 0.8333333333333334
16331 0.16666666666666666
16351 1.0
16355 1.0
16451 1.0
16456 1.0
16476 1.0
16481 1.0
16582 1.0
16905 1.0
16930 1.0
17051 1.0
17056 1.0
17076 1.0
17081 1.0
17106 1.0
17202 1.0
17531 1.0
17656 1.0
17676 0.875
17677 0.125
17681 1.0
17701 0.5
17702 0.5
17706 0.8333333333333334
17707 0.16666666666666666
17802 1.0
17807 1.0
17827 1.0
17928 1.0
18276 1.0
18281 1.0
18302 1.0
18306 1.0
18427 0.925
18428 0.075
18432 1.0
18452 1.0
18553 1.0
18785 1.0
18805 1.0
18810 1.0
18830 1.0
18835 1.0
18855 1.0
18860 1.0
18956 1.0
18961 1.0
18981 1.0
18986 1.0
19405 1.0
19410 1.0
19430 1.0
19455 1.0
19556 1.0
19561 1.0
19576 1.0
19581 1.0
19586 1.0
19606 1.0
19707 1.0
20030 1.0
20035 1.0
20055 1.0
20156 1.0
20181 1.0
20201 1.0
20206 1.0
20302 1.0
20307 1.0
20327 1.0
20332 1.0
20655 0.3333333333333333
20656 0.6666666666666666
20660 1.0
20776 1.0
20781 1.0
20801 1.0
20806 0.75
20807 0.25
20927 1.0
20932 1.0
20952 1.0
20957 1.0
21053 1.0
21280 1.0
21401 1.0
21406 1.0
21431 0.3333333333333333
21432 0.6666666666666666
21552 0.8076923076923077
21553 0.19230769230769232
21557 1.0
21578 1.0
21678 1.0
21910 1.0
21930 1.0
21935 1.0
21955 1.0
21960 1.0
21985 1.0
22081 1.0
22086 1.0
22106 1.0
22111 1.0
22560 1.0
22656 1.0
22681 0.8571428571428571
22682 0.14285714285714285
22686 1.0
22706 0.9615384615384616
22707 0.038461538461538464
22711 1.0
22731 1.0
22807 1.0
22832 1.0
23155 1.0
23160 1.0
23281 1.0
23306 0.9230769230769231
23307 0.07692307692307693
23331 0.7142857142857143
23332 0.2857142857142857
23427 1.0
23432 1.0
23452 1.0
23457 1.0
23780 0.5
23781 0.5
23906 1.0
23931 0.8571428571428571
23932 0.14285714285714285
23956 1.0
24052 1.0
24057 1.0
24062 1.0
24082 1.0
24178 1.0
24526 1.0
24531 1.0
24657 1.0
24677 0.8461538461538461
24678 0.15384615384615385
24682 1.0
24803 1.0
24808 1.0
25035 1.0
25040 1.0
25060 1.0
25181 1.0
25186 1.0
25206 1.0
25211 1.0
25231 1.0
25236 1.0
25332 1.0
25660 1.0
25680 1.0
25685 1.0
25781 1.0
25786 1.0
25806 1.0
25811 1.0
25831 1.0
25932 1.0
25957 1.0
25962 1.0
26285 1.0
26406 1.0
26411 1.0
26431 1.0
26436 1.0
26456 0.5
26457 0.5
26552 1.0
26557 1.0
26562 1.0
26582 1.0
26906 1.0
27031 1.0
27036 1.0
27056 0.5
27057 0.5
27177 1.0
27182 1.0
27187 1.0
27207 1.0
27308 1.0
27651 1.0
27656 0.8571428571428571
27657 0.14285714285714285
27681 1.0
27782 0.75
27783 0.25
27802 0.6666666666666666
27803 0.3333333333333333
27807 0.8636363636363636
27808 0.13636363636363635
27928 1.0
27933 1.0
28160 1.0
28286 1.0
28306 1.0
28311 1.0
28331 1.0
28336 1.0
28341 1.0
28361 1.0
28457 1.0
28462 1.0
28785 1.0
28810 1.0
28911 1.0
28931 1.0
28936 1.0
28956 0.8
28957 0.2
28961 1.0
29057 1.0
29062 1.0
29082 1.0
29087 1.0
29406 1.0
29531 1.0
29556 1.0
29561 1.0
29581 0.5
29582 0.5
29682 1.0
29687 1.0
29707 1.0
29712 1.0
30156 1.0
30181 1.0
30282 0.5
30283 0.5
30307 0.9722222222222222
30308 0.027777777777777776
30312 1.0
30433 1.0
30781 1.0
30907 1.0
30928 1.0
30932 0.9090909090909091
30933 0.09090909090909091
30937 1.0
31053 1.0
31058 1.0
31280 1.0
31305 1.0
31310 1.0
31330 1.0
31350 1.0
31355 1.0
31925 1.0
31930 1.0
31950 0.6
31951 0.4
31955 1.0
31975 0.6
31976 0.4
31980 1.0
32076 1.0
32101 1.0
32106 1.0
32530 1.0
32550 0.6666666666666666
32551 0.3333333333333333
32555 1.0
32576 1.0
32580 0.3333333333333333
32581 0.6666666666666666
32600 1.0
32676 1.0
32701 0.9642857142857143
32702 0.03571428571428571
32706 1.0
32726 1.0
32827 1.0
33150 1.0
33155 1.0
33175 1.0
33301 0.8333333333333334
33302 0.16666666666666666
33326 0.6
33327 0.4
33427 1.0
33452 1.0
33776 1.0
33901 0.8
33902 0.2
33926 0.6666666666666666
33927 0.3333333333333333
34052 0.8064516129032258
34053 0.1935483870967742
34077 1.0
34178 1.0
34430 1.0
34435 1.0
34455 1.0
34460 1.0
34475 1.0
34480 1.0
34485 1.0
34581 1.0
34606 1.0
35030 1.0
35055 1.0
35080 0.875
35081 0.125
35105 0.8
35106 0.2
35201 1.0
35206 1.0
35226 1.0
35231 1.0
35655 1.0
35680 1.0
35801 1.0
35826 1.0
35831 1.0
35851 1.0
35952 1.0
36275 1.0
36280 1.0
36305 1.0
36401 1.0
36406 1.0
36426 0.6666666666666666
36427 0.3333333333333333
36431 1.0
36451 0.625
36452 0.375
36456 1.0
36552 1.0
36577 1.0
36905 1.0
37026 1.0
37052 1.0
37177 0.96
37178 0.04
37303 1.0
37535 1.0
37555 1.0
37560 1.0
37580 0.8571428571428571
37581 0.14285714285714285
37585 1.0
37605 0.9
37606 0.1
37610 1.0
37706 1.0
37731 1.0
38155 1.0
38180 1.0
38205 0.6666666666666666
38206 0.3333333333333333
38230 1.0
38306 1.0
38326 1.0
38331 1.0
38356 1.0
38780 0.5
38781 0.5
38901 1.0
38926 0.8
38927 0.2
38931 1.0
38951 0.7
38952 0.3
38956 0.8823529411764706
38957 0.11764705882352941
38981 1.0
39052 1.0
39077 1.0
39405 1.0
39526 1.0
39551 0.8
39552 0.2
39556 0.8
39557 0.2
39576 0.3333333333333333
39577 0.6666666666666666
39581 1.0
39677 0.9230769230769231
39678 0.07692307692307693
39702 1.0
40151 1.0
40156 1.0
40177 1.0
40181 0.5
40182 0.5
40277 1.0
40302 0.9310344827586207
40303 0.06896551724137931
40307 1.0
40428 1.0
40660 1.0
40680 1.0
40685 1.0
40705 1.0
40710 1.0
40730 1.0
40735 1.0
40831 1.0
40836 1.0
40856 1.0
40861 1.0
41280 1.0
41305 1.0
41431 1.0
41451 1.0
41456 0.9642857142857143
41457 0.03571428571428571
41481 1.0
41582 1.0
41905 0.75
41906 0.25
41910 1.0
41930 1.0
41935 1.0
42031 1.0
42051 1.0
42056 0.7272727272727273
42057 0.2727272727272727
42076 1.0
42081 1.0
42177 1.0
42202 1.0
42207 1.0
42530 1.0
42651 1.0
42656 1.0
42681 0.9230769230769231
42682 0.07692307692307693
42706 0.5
42707 0.5
42802 0.92
42803 0.08
42807 1.0
42827 1.0
42832 1.0
43156 1.0
43276 0.6666666666666666
43277 0.3333333333333333
43281 1.0
43307 1.0
43402 1.0
43427 0.8809523809523809
43428 0.11904761904761904
43432 1.0
43528 1.0
43553 1.0
43805 1.0
43810 1.0
43835 1.0
43860 1.0
43956 1.0
43961 1.0
43981 1.0
43986 1.0
44410 1.0
44430 1.0
44556 1.0
44581 1.0
44586 1.0
44611 1.0
44707 1.0
45061 1.0
45156 1.0
45181 0.9
45182 0.1
45206 0.8181818181818182
45207 0.18181818181818182
45302 1.0
45307 1.0
45332 1.0
45656 1.0
45776 1.0
45781 1.0
45806 1.0
45927 1.0
45932 1.0
45957 1.0
46053 1.0
46401 0.5
46402 0.5
46406 1.0
46432 1.0
46552 0.8260869565217391
46553 0.17391304347826086
46557 1.0
46678 1.0
46930 1.0
46935 1.0
46955 1.0
46960 1.0
46975 1.0
46980 1.0
46985 1.0
47555 1.0
47575 1.0
47580 1.0
47600 1.0
47605 1.0
47701 1.0
47726 1.0
48150 1.0
48155 1.0
48175 0.8
48176 0.2
48180 1.0
48205 1.0
48225 0.5
48226 0.5
48326 0.875
48327 0.125
48351 1.0
48452 1.0
48800 0.8333333333333334
48801 0.16666666666666666
48901 1.0
48926 0.9
48927 0.1
48951 0.7391304347826086
48952 0.2608695652173913
49052 1.0
49077 1.0
49400 1.0
49526 1.0
49551 0.5555555555555556
49552 0.4444444444444444
49577 1.0
49652 1.0
49677 0.825
49678 0.175
49702 1.0
49803 1.0
50055 1.0
50060 1.0
50080 1.0
50100 0.6666666666666666
50101 0.3333333333333333
50105 1.0
50110 1.0
50226 1.0
50680 1.0
50700 0.5
50701 0.5
50705 1.0
50725 1.0
50730 1.0
50801 1.0
50826 1.0
50831 1.0
50851 1.0
50856 1.0
51280 1.0
51300 0.25
51301 0.75
51305 1.0
51326 1.0
51330 1.0
51426 1.0
51451 0.8620689655172413
51452 0.13793103448275862
51476 1.0
51481 1.0
51577 1.0
51900 1.0
51925 1.0
51930 1.0
52051 0.6428571428571429
52052 0.35714285714285715
52076 0.7
52077 0.3
52177 1.0
52202 1.0
52525 1.0
52530 1.0
52651 1.0
52676 0.3333333333333333
52677 0.6666666666666666
52802 0.9512195121951219
52803 0.04878048780487805
52827 1.0
52928 1.0
53180 1.0
53185 1.0
53205 1.0
53230 1.0
53235 1.0
53331 1.0
53356 1.0
53805 1.0
53830 0.75
53831 0.25
53855 1.0
53951 1.0
53956 1.0
53976 1.0
53981 1.0
54405 1.0
54430 1.0
54576 0.9411764705882353
54577 0.058823529411764705
54581 1.0
54601 1.0
54702 1.0
55030 1.0
55056 1.0
55151 1.0
55176 0.8571428571428571
55177 0.14285714285714285
55201 0.625
55202 0.375
55302 0.7857142857142857
55303 0.21428571428571427
55327 1.0
55776 0.8888888888888888
55777 0.1111111111111111
55801 0.5
55802 0.5
55927 0.8260869565217391
55928 0.17391304347826086
56053 1.0
56305 1.0
56310 1.0
56330 1.0
56335 1.0
56355 1.0
56360 1.0
56456 1.0
56481 1.0
56905 1.0
56930 1.0
56935 1.0
56955 1.0
56980 1.0
57056 1.0
57076 1.0
57081 1.0
57106 1.0
57530 1.0
57550 1.0
57555 0.8
57556 0.2
57651 1.0
57676 1.0
57701 0.8461538461538461
57702 0.15384615384615385
57706 1.0
57726 1.0
57802 1.0
57827 1.0
58150 1.0
58155 1.0
58276 1.0
58301 0.8181818181818182
58302 0.18181818181818182
58306 1.0
58326 0.75
58327 0.25
58331 1.0
58427 1.0
58452 1.0
58901 0.6
58902 0.4
59052 0.84
59053 0.16
59178 1.0
59430 1.0
59435 1.0
59455 0.5
59456 0.5
59460 1.0
59480 1.0
59581 1.0
59606 1.0
59611 1.0
60030 1.0
60055 0.8
60056 0.2
60060 1.0
60080 1.0
60181 1.0
60201 0.6666666666666666
60202 0.3333333333333333
60206 1.0
60211 1.0
60231 1.0
60327 1.0
60655 1.0
60680 1.0
60781 1.0
60801 0.5714285714285714
60802 0.42857142857142855
60806 1.0
60826 0.6666666666666666
60827 0.3333333333333333
60831 1.0
60927 1.0
60952 1.0
60957 1.0
61401 1.0
61426 0.75
61427 0.25
61431 0.75
61432 0.25
61552 1.0
61577 1.0
62026 0.75
62027 0.25
62031 1.0
62051 1.0
62177 0.8823529411764706
62178 0.11764705882352941
62303 1.0
62550 1.0
62555 1.0
62560 1.0
62580 1.0
62600 1.0
62605 1.0
63175 1.0
63180 1.0
63200 1.0
63205 1.0
63225 1.0
63230 1.0
63351 1.0
63800 1.0
63805 1.0
63825 1.0
63850 0.5
63851 0.5
63951 0.92
63952 0.08
63976 1.0
64077 1.0
64425 0.8
64426 0.2
64551 0.8571428571428571
64552 0.14285714285714285
64576 0.7333333333333333
64577 0.26666666666666666
64677 0.8
64678 0.2
64702 1.0
64803 1.0
65025 1.0
65151 0.6666666666666666
65152 0.3333333333333333
65176 0.5
65177 0.5
65201 1.0
65302 0.8095238095238095
65303 0.19047619047619047
65327 1.0
65428 1.0
65680 1.0
65685 1.0
65700 1.0
65705 1.0
65725 1.0
65730 1.0
65735 1.0
66300 1.0
66305 1.0
66325 1.0
66330 1.0
66350 0.5
66351 0.5
66355 1.0
66451 1.0
66476 1.0
66905 1.0
66925 1.0
66930 1.0
66950 1.0
66975 1.0
67051 1.0
67076 0.8148148148148148
67077 0.18518518518518517
67101 1.0
67202 1.0
67525 1.0
67550 0.6666666666666666
67551 0.3333333333333333
67555 1.0
67651 1.0
67676 0.8
67677 0.2
67701 1.0
67802 1.0
67827 1.0
67928 1.0
68150 0.5
68151 0.5
68276 1.0
68301 1.0
68427 0.9444444444444444
68428 0.05555555555555555
68553 1.0
68805 1.0
68810 1.0
68830 1.0
68835 1.0
68855 1.0
68860 1.0
68976 1.0
68981 1.0
69425 1.0
69430 1.0
69450 1.0
69455 0.5714285714285714
69456 0.42857142857142855
69475 1.0
69480 1.0
69576 1.0
69581 1.0
69601 1.0
69606 1.0
70026 1.0
70030 1.0
70050 1.0
70055 1.0
70080 1.0
70176 1.0
70201 0.9090909090909091
70202 0.09090909090909091
70206 1.0
70226 1.0
70327 1.0
70675 1.0
70776 1.0
70801 0.7777777777777778
70802 0.2222222222222222
70826 0.8
70827 0.2
70927 1.0
70952 1.0
71275 1.0
71401 1.0
71426 0.75
71427 0.25
71452 1.0
71527 1.0
71552 0.8666666666666667
71553 0.13333333333333333
71577 1.0
71678 1.0
71910 1.0
71930 1.0
71935 1.0
71955 1.0
71960 1.0
71980 1.0
71985 1.0
72076 1.0
72081 1.0
72106 1.0
72555 1.0
72560 1.0
72580 1.0
72605 1.0
72701 1.0
72706 1.0
72726 0.6666666666666666
72727 0.3333333333333333
72731 1.0
73175 0.5
73176 0.5
73180 1.0
73276 1.0
73301 1.0
73326 0.9615384615384616
73327 0.038461538461538464
73331 1.0
73351 1.0
73452 1.0
73775 1.0
73805 1.0
73901 1.0
73926 0.8571428571428571
73927 0.14285714285714285
73951 0.6666666666666666
73952 0.3333333333333333
74052 1.0
74077 0.8888888888888888
74078 0.1111111111111111
74178 1.0
74400 1.0
74526 1.0
74551 0.5
74552 0.5
74677 0.9354838709677419
74678 0.06451612903225806
74702 1.0
74803 1.0
75035 1.0
75055 1.0
75060 1.0
75080 1.0
75085 1.0
75105 0.9444444444444444
75106 0.05555555555555555
75110 1.0
75206 1.0
75231 1.0
75655 1.0
75680 0.8
75681 0.2
75705 0.25
75706 0.75
75826 1.0
75831 1.0
75851 1.0
75856 1.0
75952 1.0
76280 1.0
76305 1.0
76426 0.6
76427 0.4
76431 1.0
76451 0.8333333333333334
76452 0.16666666666666666
76456 1.0
76577 1.0
76901 1.0
76905 1.0
77026 1.0
77051 0.5714285714285714
77052 0.42857142857142855
77076 0.8571428571428571
77077 0.14285714285714285
77177 1.0
77202 1.0
77303 1.0
77651 1.0
77677 1.0
77777 1.0
77802 0.8333333333333334
77803 0.16666666666666666
77928 1.0
