0 1.0
6 1.0
25 0.9705882352941176
26 0.029411764705882353
31 1.0
37 1.0
50 0.9736842105263158
51 0.02631578947368421
56 0.9782608695652174
57 0.021739130434782608
62 1.0
75 0.9900990099009901
76 0.009900990099009901
81 0.9736842105263158
82 0.02631578947368421
87 0.9927007299270073
88 0.0072992700729927005
100 0.958041958041958
101 0.04195804195804196
106 0.9779005524861878
107 0.022099447513812154
112 0.9791666666666666
113 0.020833333333333332
118 1.0
125 1.0
131 1.0
150 1.0
156 0.9682539682539683
157 0.031746031746031744
162 0.9782608695652174
163 0.021739130434782608
168 0.9692307692307692
169 0.03076923076923077
174 1.0
181 0.851063829787234
182 0.14893617021276595
187 0.9238754325259516
188 0.07612456747404844
193 0.978125
194 0.021875
199 1.0
206 0.8571428571428571
207 0.14285714285714285
212 0.9337016574585635
213 0.06629834254143646
218 0.9871794871794872
219 0.01282051282051282
224 1.0
237 1.0
250 1.0
256 1.0
262 1.0
268 1.0
274 1.0
281 0.9473684210526315
282 0.05263157894736842
287 0.8279569892473119
288 0.17204301075268819
293 0.9421052631578948
294 0.05789473684210526
299 1.0
312 0.8
313 0.2
318 0.9
319 0.1
324 1.0
375 1.0
381 0.9523809523809523
382 0.047619047619047616
387 0.9166666666666666
388 0.08333333333333333
393 0.8620689655172413
394 0.13793103448275862
399 1.0
406 0.5
407 0.5
412 0.7741935483870968
413 0.22580645161290322
418 0.9210526315789473
419 0.07894736842105263
424 1.0
500 1.0
506 0.9583333333333334
507 0.041666666666666664
512 0.9423076923076923
513 0.057692307692307696
518 0.9428571428571428
519 0.05714285714285714
524 1.0
537 0.5
538 0.5
543 0.9230769230769231
544 0.07692307692307693
549 1.0
