57 1.0
62 1.0
83 0.5
84 0.5
88 0.6666666666666666
89 0.3333333333333333
109 1.0
114 1.0
187 1.0
208 1.0
213 1.0
234 1.0
239 1.0
265 1.0
291 1.0
312 1.0
395 1.0
416 1.0
541 1.0
661 1.0
682 1.0
786 1.0
807 1.0
812 1.0
833 1.0
838 1.0
916 1.0
937 1.0
942 1.0
958 1.0
1036 1.0
1041 1.0
1062 1.0
1145 1.0
1166 1.0
1281 1.0
1406 1.0
1411 1.0
1432 1.0
1458 1.0
1536 1.0
1557 1.0
1562 1.0
1583 1.0
1661 1.0
1687 1.0
1765 1.0
1770 1.0
2010 1.0
2031 1.0
2036 1.0
2057 1.0
2156 1.0
2161 1.0
2177 1.0
2182 1.0
2208 1.0
2265 1.0
2270 1.0
2286 1.0
2291 1.0
2307 1.0
2391 1.0
2395 1.0
2416 1.0
2656 1.0
2765 1.0
2770 1.0
2781 1.0
2806 0.16666666666666666
2807 0.8333333333333334
2890 1.0
2906 1.0
2911 1.0
2916 1.0
2926 0.3333333333333333
2927 0.6666666666666666
2932 1.0
3015 1.0
3020 1.0
3036 1.0
3041 1.0
3166 1.0
3187 1.0
3213 1.0
3286 1.0
3291 1.0
3307 1.0
3312 0.6666666666666666
3313 0.3333333333333333
3333 1.0
3338 1.0
3359 1.0
3364 1.0
3416 1.0
3437 1.0
3442 1.0
3458 1.0
3520 1.0
3541 1.0
3786 1.0
3812 1.0
3911 1.0
3932 1.0
3937 1.0
3958 1.0
3963 1.0
4020 1.0
4057 1.0
4062 1.0
4083 1.0
4088 1.0
4145 1.0
4161 1.0
4166 1.0
4270 1.0
4536 1.0
4541 1.0
4557 1.0
4582 1.0
4587 1.0
4682 1.0
4687 1.0
4692 1.0
4708 1.0
4786 1.0
4791 1.0
4890 1.0
4895 1.0
5156 1.0
5161 1.0
5281 1.0
5286 1.0
5307 1.0
5312 1.0
5390 1.0
5406 1.0
5411 1.0
5416 1.0
5427 1.0
5437 1.0
5515 1.0
5520 1.0
5541 1.0
5765 1.0
5781 1.0
5786 1.0
5885 1.0
5895 1.0
5906 1.0
5911 1.0
5932 1.0
6010 1.0
6015 1.0
6031 1.0
6036 1.0
6041 1.0
6052 1.0
6057 1.0
6062 1.0
6140 1.0
6145 1.0
6161 1.0
6166 1.0
6286 1.0
6395 1.0
6411 1.0
6416 1.0
6421 1.0
6437 1.0
6463 1.0
6515 1.0
6520 1.0
6536 1.0
6541 1.0
6562 1.0
6567 1.0
6588 1.0
6593 1.0
6661 1.0
6666 1.0
6692 1.0
6770 1.0
7015 1.0
7036 1.0
7062 1.0
7140 1.0
7166 1.0
7182 1.0
7187 1.0
7208 1.0
7213 1.0
7265 1.0
7270 1.0
7286 1.0
7291 1.0
7296 1.0
7312 1.0
7390 1.0
7395 1.0
7656 1.0
7661 1.0
7765 1.0
7770 1.0
7781 1.0
7786 1.0
7791 1.0
7807 1.0
7812 1.0
7838 1.0
7890 1.0
7895 1.0
7911 1.0
7916 1.0
7937 1.0
8015 1.0
8041 1.0
8265 1.0
8281 1.0
8286 1.0
8390 1.0
8406 1.0
8411 1.0
8416 1.0
8432 1.0
8437 1.0
8515 1.0
8531 1.0
8536 1.0
8541 1.0
8556 0.6666666666666666
8557 0.3333333333333333
8562 1.0
8640 1.0
8645 1.0
8666 1.0
8885 1.0
8890 1.0
8906 1.0
9015 1.0
9031 1.0
9036 1.0
9140 1.0
9156 1.0
9161 1.0
9166 1.0
9181 1.0
9186 1.0
9265 1.0
9270 1.0
9281 1.0
9291 1.0
9416 1.0
9515 1.0
9541 1.0
9562 1.0
9567 1.0
9588 1.0
9666 1.0
9687 1.0
9692 1.0
9713 1.0
9770 1.0
9791 1.0
9796 1.0
9895 1.0
9916 1.0
10161 1.0
10166 1.0
10187 1.0
10213 1.0
10265 1.0
10270 1.0
10286 1.0
10307 1.0
10312 1.0
10317 1.0
10338 1.0
10390 1.0
10395 1.0
10411 1.0
10416 1.0
10437 1.0
10515 1.0
10520 1.0
10541 1.0
10760 1.0
10765 1.0
10786 1.0
10791 1.0
10890 1.0
10906 1.0
10911 1.0
10931 0.14285714285714285
10932 0.8571428571428571
10937 1.0
11036 1.0
11041 1.0
11057 1.0
11062 1.0
11140 1.0
11145 1.0
11166 1.0
11171 1.0
11411 1.0
11510 1.0
11520 1.0
11531 1.0
11536 1.0
11556 0.6666666666666666
11557 0.3333333333333333
11640 1.0
11656 1.0
11661 1.0
11666 1.0
11682 1.0
11760 1.0
11770 1.0
12010 1.0
12031 1.0
12036 1.0
12140 1.0
12156 1.0
12181 1.0
12265 1.0
12270 1.0
12281 1.0
12286 1.0
12307 1.0
12390 1.0
12395 1.0
12416 1.0
12645 1.0
12661 1.0
12666 1.0
12687 1.0
12692 1.0
12713 1.0
12770 1.0
12791 1.0
12812 1.0
12817 1.0
12838 1.0
12843 1.0
12890 1.0
12916 1.0
12937 1.0
12942 1.0
13020 1.0
13265 1.0
13286 1.0
13291 1.0
13312 1.0
13390 1.0
13395 1.0
13411 1.0
13437 1.0
13462 1.0
13515 1.0
13520 1.0
13536 1.0
13541 1.0
13562 1.0
13645 1.0
13666 1.0
13671 1.0
13885 1.0
13890 1.0
13911 1.0
13937 1.0
14015 1.0
14036 1.0
14041 1.0
14057 1.0
14062 1.0
14140 1.0
14145 1.0
14161 1.0
14166 1.0
14182 1.0
14187 1.0
14265 1.0
14270 1.0
14286 1.0
14291 1.0
14515 1.0
14640 1.0
14645 1.0
14656 1.0
14661 1.0
14666 1.0
14681 1.0
14687 1.0
14765 1.0
14770 1.0
14781 1.0
14786 1.0
14791 1.0
14807 1.0
14890 1.0
14895 1.0
14911 1.0
14916 1.0
15135 1.0
15260 1.0
15265 1.0
15281 1.0
15286 1.0
15385 1.0
15390 1.0
15406 1.0
15411 1.0
15416 1.0
15431 0.6
15432 0.4
15515 1.0
15520 1.0
15536 1.0
15541 1.0
15682 1.0
15687 1.0
15708 1.0
15713 1.0
15729 1.0
15734 1.0
15739 1.0
15828 1.0
15833 1.0
15859 1.0
16281 1.0
16302 1.0
16307 1.0
16328 1.0
16333 1.0
16359 1.0
16453 1.0
16458 1.0
16479 1.0
16484 1.0
16583 1.0
16906 1.0
16932 1.0
17052 1.0
17057 1.0
17077 0.23076923076923078
17078 0.7692307692307693
17083 1.0
17177 1.0
17203 1.0
17651 1.0
17656 1.0
17677 1.0
17682 1.0
17702 1.0
17802 1.0
17807 1.0
17827 0.42857142857142855
17828 0.5714285714285714
17927 1.0
18276 1.0
18302 1.0
18401 1.0
18426 0.14705882352941177
18427 0.8529411764705882
18432 1.0
18526 1.0
18551 0.0625
18552 0.9375
18786 1.0
18807 1.0
18812 1.0
18833 1.0
18838 1.0
18859 1.0
18864 1.0
18958 1.0
18963 1.0
18984 1.0
18989 1.0
19406 1.0
19411 1.0
19432 1.0
19458 1.0
19557 1.0
19578 1.0
19582 0.03333333333333333
19583 0.9666666666666667
19604 1.0
19608 0.3333333333333333
19609 0.6666666666666666
19708 1.0
20031 1.0
20036 1.0
20057 1.0
20156 1.0
20177 1.0
20182 1.0
20203 1.0
20207 0.058823529411764705
20208 0.9411764705882353
20302 1.0
20307 1.0
20328 1.0
20332 0.3333333333333333
20333 0.6666666666666666
20656 1.0
20776 1.0
20781 1.0
20807 1.0
20927 1.0
20932 1.0
20953 1.0
21052 1.0
21401 1.0
21406 1.0
21432 1.0
21526 1.0
21551 0.09090909090909091
21552 0.9090909090909091
21557 1.0
21651 1.0
21676 0.3333333333333333
21677 0.6666666666666666
21911 1.0
21932 1.0
21937 1.0
21958 1.0
21963 1.0
21989 1.0
22083 1.0
22088 1.0
22109 1.0
22114 1.0
22557 1.0
22562 1.0
22656 1.0
22682 1.0
22687 1.0
22707 0.043478260869565216
22708 0.9565217391304348
22713 1.0
22734 1.0
22807 1.0
22833 1.0
23156 1.0
23161 1.0
23281 1.0
23306 0.1
23307 0.9
23333 1.0
23427 1.0
23432 1.0
23452 0.5
23453 0.5
23458 1.0
23906 1.0
23931 0.25
23932 0.75
24026 1.0
24052 1.0
24057 1.0
24177 1.0
24526 1.0
24531 1.0
24651 1.0
24656 1.0
24676 0.125
24677 0.875
24682 1.0
24776 1.0
24801 0.3333333333333333
24802 0.6666666666666666
24807 1.0
25036 1.0
25041 1.0
25062 1.0
25182 1.0
25187 1.0
25208 1.0
25213 1.0
25234 1.0
25239 1.0
25333 1.0
25656 1.0
25661 1.0
25682 1.0
25687 1.0
25781 1.0
25786 1.0
25807 1.0
25812 1.0
25833 1.0
25932 1.0
25957 0.2222222222222222
25958 0.7777777777777778
25963 1.0
26286 1.0
26406 1.0
26411 1.0
26432 1.0
26437 1.0
26458 1.0
26552 1.0
26557 1.0
26562 1.0
26583 1.0
27031 1.0
27057 1.0
27177 1.0
27181 0.04
27182 0.96
27302 1.0
27306 1.0
27651 1.0
27656 1.0
27776 1.0
27781 1.0
27801 0.2222222222222222
27802 0.7777777777777778
27806 0.125
27807 0.875
27901 1.0
27906 1.0
27926 0.2
27927 0.8
27931 0.4
27932 0.6
28161 1.0
28286 1.0
28307 1.0
28312 1.0
28333 1.0
28338 1.0
28343 1.0
28363 0.5
28364 0.5
28437 1.0
28458 1.0
28463 1.0
28781 1.0
28786 1.0
28812 1.0
28911 1.0
28932 1.0
28937 1.0
28958 1.0
28963 1.0
29057 1.0
29062 1.0
29082 0.14285714285714285
29083 0.8571428571428571
29088 1.0
29531 1.0
29557 1.0
29562 1.0
29682 1.0
29687 1.0
29707 0.3333333333333333
29708 0.6666666666666666
29712 1.0
30156 1.0
30182 1.0
30281 1.0
30302 1.0
30306 0.03571428571428571
30307 0.9642857142857143
30312 1.0
30406 1.0
30427 1.0
30432 1.0
30776 1.0
30781 1.0
30901 1.0
30906 1.0
30926 0.5
30927 0.5
30931 0.7142857142857143
30932 0.2857142857142857
31026 1.0
31031 1.0
31051 0.16666666666666666
31052 0.8333333333333334
31056 0.3333333333333333
31057 0.6666666666666666
31281 1.0
31307 1.0
31312 1.0
31333 1.0
31354 1.0
31359 1.0
31927 1.0
31932 1.0
31953 1.0
31958 1.0
31979 1.0
31984 1.0
32052 1.0
32078 1.0
32103 0.3
32104 0.7
32531 1.0
32552 1.0
32557 1.0
32583 1.0
32677 1.0
32702 0.034482758620689655
32703 0.9655172413793104
32708 1.0
32827 0.14285714285714285
32828 0.8571428571428571
33151 1.0
33276 1.0
33301 0.1
33302 0.9
33328 1.0
33427 1.0
33452 0.6666666666666666
33453 0.3333333333333333
33901 1.0
33927 1.0
34026 1.0
34051 0.07692307692307693
34052 0.9230769230769231
34151 1.0
34177 1.0
34432 1.0
34437 1.0
34458 1.0
34463 1.0
34479 1.0
34484 1.0
34489 1.0
34583 1.0
34609 1.0
35031 1.0
35057 1.0
35083 1.0
35109 1.0
35203 1.0
35208 1.0
35228 0.5
35229 0.5
35234 1.0
35328 1.0
35656 1.0
35681 0.5
35682 0.5
35776 1.0
35801 0.125
35802 0.875
35828 1.0
35833 1.0
35952 0.1111111111111111
35953 0.8888888888888888
36276 1.0
36301 1.0
36401 1.0
36406 1.0
36427 1.0
36453 1.0
36552 1.0
36577 0.5
36578 0.5
36906 1.0
37026 1.0
37151 1.0
37176 0.17647058823529413
37177 0.8235294117647058
37276 1.0
37302 1.0
37536 1.0
37557 1.0
37562 1.0
37583 1.0
37588 1.0
37609 1.0
37614 1.0
37708 1.0
37734 1.0
38156 1.0
38182 1.0
38208 1.0
38234 1.0
38302 1.0
38307 1.0
38328 1.0
38333 1.0
38358 0.2
38359 0.8
38781 1.0
38901 1.0
38906 1.0
38927 1.0
38932 1.0
38952 0.3
38953 0.7
38958 1.0
39052 1.0
39077 0.16666666666666666
39078 0.8333333333333334
39406 1.0
39526 1.0
39531 1.0
39552 1.0
39557 1.0
39677 1.0
39682 1.0
39702 0.5
39703 0.5
39802 1.0
40151 1.0
40156 1.0
40177 1.0
40276 1.0
40301 0.04
40302 0.96
40426 0.6
40427 0.4
40661 1.0
40682 1.0
40687 1.0
40708 1.0
40713 1.0
40734 1.0
40739 1.0
40833 1.0
40838 1.0
40858 0.1111111111111111
40859 0.8888888888888888
40864 1.0
41281 1.0
41307 1.0
41432 1.0
41458 1.0
41484 1.0
41578 1.0
41583 1.0
41906 1.0
41932 1.0
41937 1.0
42031 1.0
42052 1.0
42057 1.0
42078 1.0
42083 1.0
42177 1.0
42182 1.0
42203 1.0
42208 1.0
42531 1.0
42651 1.0
42656 1.0
42677 1.0
42682 1.0
42702 1.0
42776 1.0
42802 1.0
42807 1.0
42927 1.0
43276 1.0
43281 1.0
43401 1.0
43426 0.21428571428571427
43427 0.7857142857142857
43526 1.0
43551 0.25
43552 0.75
43807 1.0
43812 1.0
43838 1.0
43864 1.0
43958 1.0
43963 1.0
43984 1.0
43988 0.2
43989 0.8
44411 1.0
44432 1.0
44531 1.0
44557 1.0
44582 0.047619047619047616
44583 0.9523809523809523
44588 1.0
44609 1.0
44708 1.0
45156 1.0
45182 1.0
45187 1.0
45207 0.16666666666666666
45208 0.8333333333333334
45302 1.0
45307 1.0
45327 0.3333333333333333
45328 0.6666666666666666
45332 0.15384615384615385
45333 0.8461538461538461
45776 1.0
45781 1.0
45802 1.0
45807 1.0
45927 1.0
45932 1.0
45957 1.0
46052 1.0
46401 1.0
46406 1.0
46526 1.0
46551 0.19047619047619047
46552 0.8095238095238095
46557 1.0
46651 1.0
46676 0.25
46677 0.75
46932 1.0
46937 1.0
46958 1.0
46963 1.0
46979 1.0
46984 1.0
46989 1.0
47104 1.0
47552 1.0
47557 1.0
47578 1.0
47603 0.14285714285714285
47604 0.8571428571428571
47609 1.0
47703 1.0
47729 1.0
48151 1.0
48156 1.0
48177 1.0
48182 1.0
48203 1.0
48302 1.0
48328 1.0
48353 0.3333333333333333
48354 0.6666666666666666
48427 1.0
48452 0.3
48453 0.7
48776 1.0
48801 0.5
48802 0.5
48901 1.0
48926 0.15384615384615385
48927 0.8461538461538461
48952 0.25
48953 0.75
49052 1.0
49077 0.2
49078 0.8
49177 1.0
49401 1.0
49526 1.0
49552 1.0
49651 1.0
49676 0.12121212121212122
49677 0.8787878787878788
49776 1.0
49801 0.3333333333333333
49802 0.6666666666666666
50057 1.0
50062 1.0
50083 1.0
50104 1.0
50109 1.0
50114 1.0
50229 1.0
50682 1.0
50703 1.0
50708 1.0
50729 1.0
50734 1.0
50802 1.0
50828 1.0
50853 0.14285714285714285
50854 0.8571428571428571
50859 1.0
51281 1.0
51302 1.0
51307 1.0
51328 1.0
51427 1.0
51453 1.0
51478 1.0
51577 0.14285714285714285
51578 0.8571428571428571
51901 1.0
51926 0.5
51927 0.5
51932 1.0
52026 1.0
52052 1.0
52078 1.0
52177 1.0
52202 0.6666666666666666
52203 0.3333333333333333
52526 1.0
52651 1.0
52677 1.0
52801 0.17142857142857143
52802 0.8285714285714286
52901 1.0
52926 0.2222222222222222
52927 0.7777777777777778
53182 1.0
53187 1.0
53208 1.0
53234 1.0
53239 1.0
53333 1.0
53359 1.0
53807 1.0
53833 1.0
53859 1.0
53953 1.0
53958 1.0
53979 1.0
53983 0.14285714285714285
53984 0.8571428571428571
54406 1.0
54432 1.0
54577 0.047619047619047616
54578 0.9523809523809523
54702 0.125
54703 0.875
55026 1.0
55151 1.0
55176 0.16666666666666666
55177 0.8333333333333334
55181 1.0
55203 1.0
55302 1.0
55327 0.5
55328 0.5
55427 1.0
55776 1.0
55802 1.0
55901 1.0
55926 0.14285714285714285
55927 0.8571428571428571
56026 1.0
56051 0.14285714285714285
56052 0.8571428571428571
56307 1.0
56312 1.0
56333 1.0
56338 1.0
56359 1.0
56364 1.0
56458 1.0
56484 1.0
56906 1.0
56932 1.0
56937 1.0
56958 1.0
56984 1.0
57052 1.0
57057 1.0
57078 1.0
57083 1.0
57109 1.0
57531 1.0
57557 1.0
57651 1.0
57676 0.16666666666666666
57677 0.8333333333333334
57702 0.2727272727272727
57703 0.7272727272727273
57708 1.0
57802 1.0
57827 0.1111111111111111
57828 0.8888888888888888
58151 1.0
58156 1.0
58276 1.0
58301 0.125
58302 0.875
58328 1.0
58427 1.0
58452 0.4
58453 0.6
58901 1.0
59026 1.0
59051 0.17647058823529413
59052 0.8235294117647058
59151 1.0
59176 0.5625
59177 0.4375
59432 1.0
59437 1.0
59458 1.0
59463 1.0
59583 1.0
59609 1.0
59614 1.0
60031 1.0
60057 1.0
60062 1.0
60182 1.0
60203 1.0
60207 0.034482758620689655
60208 0.9655172413793104
60234 1.0
60328 1.0
60656 1.0
60682 1.0
60781 1.0
60802 1.0
60807 1.0
60827 0.14285714285714285
60828 0.8571428571428571
60832 0.07142857142857142
60833 0.9285714285714286
60927 1.0
60952 0.07692307692307693
60953 0.9230769230769231
61401 1.0
61426 0.25
61427 0.75
61432 1.0
61552 1.0
61577 1.0
61677 1.0
62026 1.0
62151 1.0
62176 0.4
62177 0.6
62276 1.0
62301 0.42857142857142855
62302 0.5714285714285714
62552 1.0
62557 1.0
62562 1.0
62583 1.0
62604 1.0
62609 1.0
63177 1.0
63182 1.0
63203 1.0
63208 1.0
63228 0.0625
63229 0.9375
63234 1.0
63328 1.0
63353 0.125
63354 0.875
63802 1.0
63807 1.0
63827 0.3333333333333333
63828 0.6666666666666666
63854 1.0
63927 1.0
63952 0.037037037037037035
63953 0.9629629629629629
63979 1.0
64077 0.14285714285714285
64078 0.8571428571428571
64401 1.0
64426 0.3333333333333333
64427 0.6666666666666666
64526 1.0
64551 0.1
64552 0.9
64577 0.5
64578 0.5
64677 1.0
64702 0.5714285714285714
64703 0.42857142857142855
64802 1.0
65026 1.0
65151 1.0
65177 1.0
65276 1.0
65301 0.25
65302 0.75
65401 1.0
65426 0.5555555555555556
65427 0.4444444444444444
65682 1.0
65687 1.0
65703 1.0
65708 1.0
65729 1.0
65734 1.0
65739 1.0
66302 1.0
66307 1.0
66328 1.0
66333 1.0
66353 0.125
66354 0.875
66359 1.0
66453 1.0
66478 0.09523809523809523
66479 0.9047619047619048
66906 1.0
66926 0.2
66927 0.8
66932 1.0
66953 1.0
67052 1.0
67077 0.047619047619047616
67078 0.9523809523809523
67104 1.0
67177 1.0
67202 0.1111111111111111
67203 0.8888888888888888
67526 1.0
67552 1.0
67651 1.0
67677 1.0
67702 0.1111111111111111
67703 0.8888888888888888
67802 1.0
67827 0.5
67828 0.5
67927 1.0
68151 1.0
68276 1.0
68302 1.0
68401 1.0
68426 0.23809523809523808
68427 0.7619047619047619
68526 1.0
68551 0.5
68552 0.5
68807 1.0
68812 1.0
68833 1.0
68838 1.0
68859 1.0
68864 1.0
68979 1.0
69427 1.0
69432 1.0
69453 1.0
69458 1.0
69478 1.0
69484 1.0
69578 1.0
69583 1.0
69604 1.0
69609 1.0
70026 1.0
70031 1.0
70052 1.0
70056 0.5
70057 0.5
70078 1.0
70151 1.0
70176 0.25
70177 0.75
70203 1.0
70208 1.0
70302 1.0
70327 0.2
70328 0.8
70651 1.0
70677 1.0
70776 1.0
70802 1.0
70827 0.75
70828 0.25
70901 1.0
70927 1.0
70952 0.6666666666666666
70953 0.3333333333333333
71052 1.0
71276 1.0
71401 1.0
71427 1.0
71526 1.0
71551 0.17391304347826086
71552 0.8260869565217391
71651 1.0
71676 0.18181818181818182
71677 0.8181818181818182
71911 1.0
71932 1.0
71937 1.0
71958 1.0
71963 1.0
71984 1.0
71989 1.0
72078 1.0
72083 1.0
72104 1.0
72109 1.0
72552 1.0
72557 1.0
72583 1.0
72677 1.0
72703 1.0
72708 1.0
72729 1.0
72734 1.0
72828 1.0
73177 1.0
73182 1.0
73276 1.0
73301 0.125
73302 0.875
73327 0.07692307692307693
73328 0.9230769230769231
73333 1.0
73427 1.0
73452 0.1
73453 0.9
73776 1.0
73901 1.0
73926 0.14285714285714285
73927 0.8571428571428571
73952 0.3333333333333333
73953 0.6666666666666666
74052 1.0
74077 0.4
74078 0.6
74177 1.0
74401 1.0
74526 1.0
74651 1.0
74676 0.18181818181818182
74677 0.8181818181818182
74776 1.0
74801 0.4444444444444444
74802 0.5555555555555556
75036 1.0
75057 1.0
75062 1.0
75083 1.0
75088 1.0
75109 1.0
75114 1.0
75208 1.0
75233 0.0625
75234 0.9375
75656 1.0
75682 1.0
75708 1.0
75802 1.0
75828 1.0
75833 1.0
75853 1.0
75858 0.3333333333333333
75859 0.6666666666666666
75953 1.0
76281 1.0
76307 1.0
76401 1.0
76427 1.0
76432 1.0
76452 0.06666666666666667
76453 0.9333333333333333
76458 1.0
76552 1.0
76577 0.1111111111111111
76578 0.8888888888888888
76906 1.0
77026 1.0
77052 1.0
77077 1.0
77177 1.0
77202 0.6666666666666666
77203 0.3333333333333333
77302 1.0
77651 1.0
77776 1.0
77801 0.19047619047619047
77802 0.8095238095238095
77901 1.0
77926 0.25
77927 0.75
