0 1.0
6 1.0
12 1.0
25 1.0
31 1.0
37 0.9629629629629629
38 0.037037037037037035
43 0.9618320610687023
44 0.03816793893129771
49 1.0
50 0.9583333333333334
51 0.041666666666666664
56 0.9855072463768116
57 0.014492753623188406
62 0.9572649572649573
63 0.042735042735042736
68 0.9881656804733728
69 0.011834319526627219
74 1.0
75 0.9523809523809523
76 0.047619047619047616
81 0.968421052631579
82 0.031578947368421054
87 1.0
93 1.0
100 0.9661016949152542
101 0.03389830508474576
106 1.0
112 1.0
118 1.0
125 1.0
131 0.9473684210526315
132 0.05263157894736842
137 1.0
143 0.9454545454545454
144 0.05454545454545454
149 1.0
156 1.0
162 0.9565217391304348
163 0.043478260869565216
168 0.9809523809523809
169 0.01904761904761905
174 1.0
199 1.0
256 1.0
262 0.95
263 0.05
268 0.975609756097561
269 0.024390243902439025
274 1.0
375 1.0
381 1.0
387 1.0
393 0.9615384615384616
394 0.038461538461538464
399 1.0
506 1.0
512 1.0
518 1.0
524 1.0
