52 1.0
57 1.0
62 1.0
83 1.0
88 1.0
104 1.0
109 1.0
114 1.0
177 1.0
182 1.0
187 1.0
203 1.0
208 1.0
213 1.0
229 1.0
234 1.0
239 1.0
265 1.0
307 1.0
312 1.0
317 1.0
395 1.0
416 1.0
437 1.0
656 1.0
776 1.0
781 1.0
807 1.0
828 1.0
833 1.0
901 1.0
906 1.0
911 1.0
916 1.0
927 1.0
931 0.09090909090909091
932 0.9090909090909091
953 1.0
1036 1.0
1041 1.0
1052 1.0
1057 1.0
1062 1.0
1145 1.0
1161 1.0
1401 1.0
1406 1.0
1500 1.0
1526 1.0
1531 1.0
1552 1.0
1651 1.0
1656 1.0
1676 0.5
1677 0.5
1681 0.5
1682 0.5
1765 1.0
2000 1.0
2005 1.0
2125 1.0
2151 1.0
2155 1.0
2250 1.0
2265 1.0
2276 1.0
2281 1.0
2286 1.0
2375 1.0
2385 1.0
2390 1.0
2395 1.0
2400 0.125
2401 0.875
2406 1.0
2750 1.0
2765 1.0
2770 1.0
2875 1.0
2880 1.0
2885 1.0
2906 1.0
3000 1.0
3005 1.0
3010 1.0
3015 1.0
3020 1.0
3026 1.0
3161 1.0
3187 1.0
3213 1.0
3281 1.0
3286 1.0
3291 1.0
3307 1.0
3312 1.0
3333 1.0
3338 1.0
3359 1.0
3364 1.0
3411 1.0
3416 1.0
3432 1.0
3437 1.0
3458 1.0
3520 1.0
3541 1.0
3781 1.0
3906 1.0
3910 0.5
3911 0.5
3932 1.0
3958 1.0
4015 1.0
4020 1.0
4052 1.0
4057 1.0
4061 1.0
4077 1.0
4140 1.0
4151 1.0
4156 1.0
4161 1.0
4166 1.0
4177 1.0
4182 1.0
4270 1.0
4526 1.0
4635 1.0
4651 1.0
4676 0.5
4677 0.5
4776 1.0
4781 1.0
4786 1.0
4890 1.0
4895 1.0
4906 1.0
5130 1.0
5250 1.0
5255 1.0
5276 1.0
5375 1.0
5385 1.0
5401 1.0
5406 1.0
5411 1.0
5500 1.0
5510 1.0
5520 1.0
5526 1.0
5531 1.0
5536 1.0
5750 1.0
5755 1.0
5875 1.0
5880 1.0
5890 1.0
6000 1.0
6005 1.0
6010 1.0
6026 1.0
6125 1.0
6130 1.0
6135 1.0
6140 1.0
6145 1.0
6150 0.3333333333333333
6151 0.6666666666666666
6156 1.0
6286 1.0
6390 1.0
6406 1.0
6411 1.0
6416 1.0
6437 1.0
6458 1.0
6463 1.0
6515 1.0
6536 1.0
6557 1.0
6562 1.0
6567 1.0
6583 1.0
6588 1.0
6645 1.0
6661 1.0
6666 1.0
6687 1.0
6692 1.0
6770 1.0
7015 1.0
7031 1.0
7140 1.0
7151 1.0
7166 1.0
7182 1.0
7187 1.0
7265 1.0
7270 1.0
7281 1.0
7286 1.0
7291 1.0
7302 1.0
7306 0.25
7307 0.75
7390 1.0
7395 1.0
7630 1.0
7651 1.0
7656 1.0
7760 1.0
7765 1.0
7776 1.0
7781 1.0
7786 1.0
7885 1.0
7890 1.0
7895 1.0
7901 1.0
7906 1.0
7911 1.0
7932 1.0
8010 1.0
8015 1.0
8255 1.0
8375 1.0
8380 1.0
8385 1.0
8390 1.0
8505 1.0
8510 1.0
8525 0.1
8526 0.9
8531 1.0
8625 1.0
8635 1.0
8640 1.0
8645 1.0
8650 0.2
8651 0.8
8656 1.0
8661 1.0
8885 1.0
9000 1.0
9005 1.0
9010 1.0
9125 1.0
9135 1.0
9156 1.0
9250 1.0
9255 1.0
9260 1.0
9265 1.0
9270 1.0
9276 1.0
9281 1.0
9411 1.0
9515 1.0
9536 1.0
9541 1.0
9562 1.0
9588 1.0
9682 1.0
9687 1.0
9692 1.0
9713 1.0
9770 1.0
9786 1.0
9791 1.0
9796 1.0
9895 1.0
9916 1.0
10135 1.0
10160 0.3333333333333333
10161 0.6666666666666666
10260 1.0
10265 1.0
10270 1.0
10281 1.0
10286 1.0
10307 1.0
10312 1.0
10390 1.0
10406 1.0
10411 1.0
10416 1.0
10431 0.25
10432 0.75
10515 1.0
10520 1.0
10541 1.0
10755 1.0
10760 1.0
10780 1.0
10880 1.0
10890 1.0
10901 1.0
10906 1.0
10932 1.0
11026 1.0
11031 1.0
11036 1.0
11041 1.0
11140 1.0
11145 1.0
11156 1.0
11161 1.0
11380 1.0
11505 1.0
11515 1.0
11635 1.0
11651 1.0
11656 1.0
11660 0.5
11661 0.5
11760 1.0
11770 1.0
11776 1.0
11781 1.0
12005 1.0
12125 1.0
12130 1.0
12135 1.0
12250 1.0
12255 1.0
12265 1.0
12375 1.0
12380 1.0
12385 1.0
12390 1.0
12395 1.0
12401 1.0
12406 1.0
12640 1.0
12645 1.0
12661 1.0
12666 1.0
12687 1.0
12692 1.0
12713 1.0
12765 1.0
12770 1.0
12791 1.0
12807 1.0
12812 1.0
12817 1.0
12838 1.0
12890 1.0
12916 1.0
12936 0.25
12937 0.75
13020 1.0
13265 1.0
13285 1.0
13385 1.0
13390 1.0
13406 1.0
13411 1.0
13432 1.0
13437 1.0
13515 1.0
13520 1.0
13531 1.0
13536 1.0
13541 1.0
13557 1.0
13562 1.0
13640 1.0
13645 1.0
13661 1.0
13666 1.0
13880 1.0
13890 1.0
14005 1.0
14015 1.0
14031 1.0
14036 1.0
14135 1.0
14140 1.0
14151 1.0
14156 1.0
14161 1.0
14166 1.0
14260 1.0
14265 1.0
14270 1.0
14276 1.0
14281 1.0
14285 0.16666666666666666
14286 0.8333333333333334
14510 1.0
14630 1.0
14635 1.0
14640 1.0
14656 1.0
14760 1.0
14765 1.0
14776 1.0
14781 1.0
14880 1.0
14885 1.0
14890 1.0
14895 1.0
14901 1.0
14906 1.0
14911 1.0
15255 1.0
15260 1.0
15375 1.0
15380 1.0
15406 1.0
15500 1.0
15505 1.0
15510 1.0
15515 1.0
15656 1.0
15677 1.0
15682 1.0
15687 1.0
15703 1.0
15708 1.0
15729 1.0
15734 1.0
15739 1.0
15828 1.0
15833 1.0
15853 0.2
15854 0.8
16276 1.0
16281 1.0
16302 1.0
16401 1.0
16426 0.14285714285714285
16427 0.8571428571428571
16452 0.18181818181818182
16453 0.8181818181818182
16551 0.034482758620689655
16552 0.9655172413793104
16577 0.25
16578 0.75
16677 1.0
17000 1.0
17026 1.0
17125 1.0
17151 1.0
17177 1.0
17276 1.0
17301 0.2
17302 0.8
17401 1.0
17625 1.0
17750 1.0
17875 1.0
17900 0.16666666666666666
17901 0.8333333333333334
18000 1.0
18025 0.1
18026 0.9
18375 1.0
18500 1.0
18625 1.0
18781 1.0
18786 1.0
18802 1.0
18807 1.0
18812 1.0
18833 1.0
18859 1.0
18906 1.0
18953 1.0
18958 1.0
18984 1.0
19083 1.0
19406 1.0
19526 1.0
19531 1.0
19552 1.0
19557 1.0
19578 1.0
19583 1.0
19677 1.0
19703 1.0
19802 1.0
20125 1.0
20151 1.0
20156 1.0
20276 1.0
20301 0.15384615384615385
20302 0.8461538461538461
20401 1.0
20426 0.6666666666666666
20427 0.3333333333333333
20526 1.0
20750 1.0
20875 1.0
20901 1.0
21000 1.0
21025 0.18181818181818182
21026 0.8181818181818182
21125 1.0
21151 1.0
21375 1.0
21500 1.0
21625 1.0
21650 1.0
21750 1.0
21906 1.0
21911 1.0
21932 1.0
21937 1.0
21958 1.0
21963 1.0
22057 1.0
22062 1.0
22077 0.5
22078 0.5
22083 1.0
22088 1.0
22109 1.0
22114 1.0
22182 1.0
22208 1.0
22531 1.0
22651 1.0
22656 1.0
22682 1.0
22703 1.0
22776 1.0
22802 1.0
22807 1.0
22828 1.0
22926 0.3333333333333333
22927 0.6666666666666666
23275 0.14285714285714285
23276 0.8571428571428571
23281 1.0
23375 1.0
23401 1.0
23426 1.0
23526 1.0
23552 1.0
23651 1.0
23875 1.0
23900 0.5
23901 0.5
24000 1.0
24026 1.0
24125 1.0
24151 1.0
24250 1.0
24275 0.1111111111111111
24276 0.8888888888888888
24500 1.0
24625 1.0
24750 1.0
24875 1.0
25031 1.0
25036 1.0
25062 1.0
25161 1.0
25182 1.0
25187 1.0
25208 1.0
25213 1.0
25302 1.0
25307 1.0
25332 0.2
25333 0.8
25776 1.0
25781 1.0
25802 1.0
25807 1.0
25901 1.0
25927 1.0
25932 1.0
26026 1.0
26051 0.14285714285714285
26052 0.8571428571428571
26057 1.0
26401 1.0
26406 1.0
26526 1.0
26531 1.0
26552 1.0
26651 1.0
26677 1.0
26776 1.0
27000 1.0
27125 1.0
27151 1.0
27250 1.0
27275 0.1111111111111111
27276 0.8888888888888888
27375 1.0
27400 0.2222222222222222
27401 0.7777777777777778
27625 1.0
27750 1.0
27875 1.0
27900 1.0
28000 1.0
28026 1.0
28156 1.0
28161 1.0
28281 1.0
28286 1.0
28307 1.0
28312 1.0
28333 1.0
28338 1.0
28343 1.0
28432 1.0
28457 0.14285714285714285
28458 0.8571428571428571
28463 1.0
28906 1.0
28932 1.0
29026 1.0
29031 1.0
29052 1.0
29057 1.0
29083 1.0
29151 1.0
29176 0.25
29177 0.75
29182 1.0
29500 1.0
29526 1.0
29651 1.0
29682 1.0
29776 1.0
29802 1.0
29901 1.0
30250 1.0
30276 1.0
30375 1.0
30400 0.05
30401 0.95
30500 1.0
30525 0.2777777777777778
30526 0.7222222222222222
30875 1.0
31000 1.0
31026 1.0
31125 1.0
31150 1.0
31281 1.0
31302 1.0
31307 1.0
31312 1.0
31328 1.0
31333 1.0
31354 1.0
31359 1.0
31453 1.0
31478 0.3333333333333333
31479 0.6666666666666666
31901 1.0
31927 1.0
32026 1.0
32052 1.0
32077 0.14285714285714285
32078 0.8571428571428571
32177 1.0
32202 0.2
32203 0.8
32301 0.25
32302 0.75
32625 1.0
32651 1.0
32750 1.0
32776 1.0
32801 0.2
32802 0.8
32875 1.0
32901 1.0
32926 1.0
33025 0.14285714285714285
33026 0.8571428571428571
33250 1.0
33375 1.0
33500 1.0
33525 0.6666666666666666
33526 0.3333333333333333
33625 1.0
34000 1.0
34125 1.0
34250 1.0
34406 1.0
34431 0.2
34432 0.8
34453 1.0
34458 1.0
34479 1.0
34483 0.1
34484 0.9
34489 1.0
34578 1.0
34604 1.0
35026 1.0
35051 0.5
35052 0.5
35151 1.0
35177 1.0
35202 0.07142857142857142
35203 0.9285714285714286
35302 1.0
35327 0.3333333333333333
35328 0.6666666666666666
35401 1.0
35426 0.25
35427 0.75
35750 1.0
35775 0.3333333333333333
35776 0.6666666666666666
35875 1.0
35901 1.0
35927 1.0
36026 1.0
36051 1.0
36151 1.0
36375 1.0
36500 1.0
36625 1.0
36651 1.0
36750 1.0
36775 0.75
36776 0.25
37000 1.0
37125 1.0
37250 1.0
37375 1.0
37531 1.0
37536 1.0
37557 1.0
37562 1.0
37583 1.0
37588 1.0
37609 1.0
37651 1.0
37677 1.0
37703 1.0
37708 1.0
37729 1.0
37734 1.0
37828 1.0
38151 1.0
38276 1.0
38302 1.0
38328 1.0
38333 1.0
38401 1.0
38426 0.07692307692307693
38427 0.9230769230769231
38452 0.2
38453 0.8
38552 1.0
38875 1.0
38901 1.0
39000 1.0
39026 1.0
39052 1.0
39151 1.0
39177 1.0
39276 1.0
39500 1.0
39625 1.0
39750 1.0
39775 0.25
39776 0.75
39875 1.0
39901 1.0
40250 1.0
40375 1.0
40500 1.0
40656 1.0
40661 1.0
40682 1.0
40687 1.0
40708 1.0
40713 1.0
40739 1.0
40807 1.0
40828 1.0
40833 1.0
40838 1.0
40859 1.0
40864 1.0
40953 1.0
41276 1.0
41401 1.0
41427 1.0
41453 1.0
41526 1.0
41551 0.047619047619047616
41552 0.9523809523809523
41577 0.2
41578 0.8
41651 1.0
41677 1.0
41901 1.0
42000 1.0
42026 1.0
42125 1.0
42151 1.0
42176 0.3333333333333333
42177 0.6666666666666666
42276 1.0
42301 0.3333333333333333
42302 0.6666666666666666
42401 1.0
42625 1.0
42750 1.0
42875 1.0
42900 0.23529411764705882
42901 0.7647058823529411
43000 1.0
43025 0.3333333333333333
43026 0.6666666666666666
43250 1.0
43375 1.0
43500 1.0
43625 1.0
43781 1.0
43807 1.0
43812 1.0
43833 1.0
43838 1.0
43864 1.0
43932 1.0
43958 1.0
43963 1.0
43984 1.0
43989 1.0
44078 1.0
44083 1.0
44406 1.0
44526 1.0
44552 1.0
44557 1.0
44583 1.0
44676 0.05263157894736842
44677 0.9473684210526315
44682 1.0
44703 1.0
44708 1.0
44802 1.0
45125 1.0
45151 1.0
45276 1.0
45302 1.0
45401 1.0
45427 1.0
45526 1.0
45776 1.0
45875 1.0
46000 1.0
46026 1.0
46125 1.0
46150 0.4
46151 0.6
46375 1.0
46500 1.0
46625 1.0
46750 1.0
46927 1.0
46932 1.0
46953 1.0
46958 1.0
46963 1.0
46979 1.0
46984 1.0
46989 1.0
47078 1.0
47103 0.5
47104 0.5
47203 1.0
47552 1.0
47651 1.0
47677 1.0
47703 1.0
47776 1.0
47801 0.125
47802 0.875
47828 1.0
47901 1.0
47927 1.0
48250 1.0
48275 0.3333333333333333
48276 0.6666666666666666
48375 1.0
48401 1.0
48427 1.0
48526 1.0
48551 1.0
48625 1.0
48650 0.15384615384615385
48651 0.8461538461538461
49000 1.0
49125 1.0
49150 0.5
49151 0.5
49250 1.0
49276 1.0
49625 1.0
49750 1.0
49875 1.0
50052 1.0
50057 1.0
50062 1.0
50078 1.0
50083 1.0
50104 1.0
50109 1.0
50114 1.0
50203 1.0
50229 1.0
50651 1.0
50776 1.0
50802 1.0
50828 1.0
50901 1.0
50927 1.0
50953 1.0
51026 1.0
51051 0.14285714285714285
51052 0.8571428571428571
51401 1.0
51500 1.0
51526 1.0
51551 0.6666666666666666
51552 0.3333333333333333
51625 1.0
51650 0.043478260869565216
51651 0.9565217391304348
51750 1.0
51775 0.125
51776 0.875
52000 1.0
52025 1.0
52125 1.0
52250 1.0
52276 1.0
52375 1.0
52401 1.0
52625 1.0
52750 1.0
52875 1.0
53000 1.0
53182 1.0
53208 1.0
53234 1.0
53239 1.0
53302 1.0
53328 1.0
53333 1.0
53354 1.0
53359 1.0
53776 1.0
53802 1.0
53901 1.0
53927 1.0
53952 0.1111111111111111
53953 0.8888888888888888
54026 1.0
54052 1.0
54078 1.0
54151 1.0
54177 1.0
54526 1.0
54651 1.0
54776 1.0
54802 1.0
54901 1.0
55250 1.0
55375 1.0
55400 0.2857142857142857
55401 0.7142857142857143
55500 1.0
55525 0.3333333333333333
55526 0.6666666666666666
55875 1.0
56000 1.0
56125 1.0
56307 1.0
56333 1.0
56338 1.0
56359 1.0
56364 1.0
56453 1.0
56458 1.0
56479 1.0
56483 0.25
56484 0.75
56578 1.0
56901 1.0
56906 1.0
57026 1.0
57052 1.0
57057 1.0
57077 0.14285714285714285
57078 0.8571428571428571
57151 1.0
57176 0.0625
57177 0.9375
57202 0.2
57203 0.8
57276 1.0
57301 0.4
57302 0.6
57650 0.16666666666666666
57651 0.8333333333333334
57750 1.0
57776 1.0
57802 1.0
57901 1.0
57927 1.0
58026 1.0
58250 1.0
58375 1.0
58500 1.0
58525 0.2
58526 0.8
58625 1.0
58650 0.42857142857142855
58651 0.5714285714285714
59000 1.0
59125 1.0
59250 1.0
59437 1.0
59463 1.0
59552 1.0
59557 1.0
59578 1.0
59583 1.0
59609 1.0
59703 1.0
59708 1.0
60031 1.0
60057 1.0
60151 1.0
60177 1.0
60203 1.0
60208 1.0
60302 1.0
60327 0.3333333333333333
60328 0.6666666666666666
60426 0.09090909090909091
60427 0.9090909090909091
60750 1.0
60776 1.0
60875 1.0
60901 1.0
60926 0.2
60927 0.8
61026 1.0
61051 0.5
61052 0.5
61125 1.0
61151 1.0
61500 1.0
61526 1.0
61625 1.0
61651 1.0
61750 1.0
61775 0.6666666666666666
61776 0.3333333333333333
62125 1.0
62250 1.0
62375 1.0
62552 1.0
62557 1.0
62562 1.0
62578 1.0
62604 1.0
62609 1.0
62703 1.0
62729 1.0
63151 1.0
63177 1.0
63203 1.0
63276 1.0
63328 1.0
63353 1.0
63401 1.0
63427 1.0
63452 0.3333333333333333
63453 0.6666666666666666
63551 0.3333333333333333
63552 0.6666666666666666
63651 1.0
63901 1.0
64000 1.0
64026 1.0
64051 1.0
64150 0.041666666666666664
64151 0.9583333333333334
64176 1.0
64250 1.0
64275 0.1
64276 0.9
64625 1.0
64750 1.0
64875 1.0
65250 1.0
65375 1.0
65500 1.0
65677 1.0
65682 1.0
65703 1.0
65708 1.0
65729 1.0
65734 1.0
65828 1.0
65854 1.0
66276 1.0
66401 1.0
66427 1.0
66453 1.0
66526 1.0
66552 1.0
66577 0.375
66578 0.625
66651 1.0
66677 1.0
66901 1.0
67000 1.0
67026 1.0
67125 1.0
67151 1.0
67177 1.0
67275 0.0625
67276 0.9375
67302 1.0
67375 1.0
67401 1.0
67625 1.0
67750 1.0
67875 1.0
67900 0.5
67901 0.5
68000 1.0
68025 0.5
68026 0.5
68250 1.0
68375 1.0
68500 1.0
68625 1.0
68802 1.0
68807 1.0
68812 1.0
68828 1.0
68833 1.0
68838 1.0
68853 0.5
68854 0.5
68859 1.0
68953 1.0
68979 1.0
68984 1.0
69078 1.0
69401 1.0
69427 1.0
69526 1.0
69552 1.0
69578 1.0
69651 1.0
69677 1.0
69702 0.2857142857142857
69703 0.7142857142857143
69802 1.0
70026 1.0
70125 1.0
70150 0.3333333333333333
70151 0.6666666666666666
70250 1.0
70276 1.0
70301 0.5
70302 0.5
70401 1.0
70426 1.0
70526 1.0
70875 1.0
71000 1.0
71026 1.0
71125 1.0
71151 1.0
71375 1.0
71500 1.0
71625 1.0
71750 1.0
71906 1.0
71911 1.0
71932 1.0
71937 1.0
71958 1.0
71963 1.0
71979 1.0
71984 1.0
71989 1.0
72052 1.0
72078 1.0
72083 1.0
72104 1.0
72109 1.0
72203 1.0
72526 1.0
72552 1.0
72651 1.0
72677 1.0
72702 0.2
72703 0.8
72776 1.0
72801 0.06666666666666667
72802 0.9333333333333333
72827 0.3333333333333333
72828 0.6666666666666666
72927 1.0
73276 1.0
73375 1.0
73400 0.125
73401 0.875
73427 1.0
73526 1.0
73551 0.6666666666666666
73552 0.3333333333333333
73651 1.0
73875 1.0
74000 1.0
74125 1.0
74151 1.0
74250 1.0
74276 1.0
74625 1.0
74750 1.0
74875 1.0
75031 1.0
75036 1.0
75052 1.0
75057 1.0
75083 1.0
75088 1.0
75109 1.0
75114 1.0
75177 1.0
75203 1.0
75208 1.0
75229 1.0
75234 1.0
75328 1.0
75776 1.0
75802 1.0
75827 0.3333333333333333
75828 0.6666666666666666
75901 1.0
75927 1.0
75952 0.14285714285714285
75953 0.8571428571428571
76026 1.0
76052 1.0
76375 1.0
76400 0.16666666666666666
76401 0.8333333333333334
76500 1.0
76525 0.2
76526 0.8
76552 1.0
76625 1.0
76651 1.0
76676 0.5
76677 0.5
76776 1.0
77000 1.0
77125 1.0
77250 1.0
77275 0.2
77276 0.8
77375 1.0
77401 1.0
77750 1.0
77875 1.0
78000 1.0
