55 1.0
60 1.0
80 1.0
85 1.0
105 1.0
110 1.0
181 1.0
186 1.0
206 1.0
211 1.0
231 1.0
236 1.0
267 1.0
307 1.0
312 1.0
317 1.0
398 1.0
413 1.0
418 1.0
655 1.0
776 1.0
781 1.0
806 1.0
826 1.0
831 1.0
912 1.0
917 1.0
927 1.0
932 1.0
937 1.0
952 1.0
957 1.0
1038 1.0
1058 1.0
1144 1.0
1149 1.0
1169 1.0
1401 1.0
1406 1.0
1527 1.0
1532 0.8
1533 0.2
1537 1.0
1552 0.9166666666666666
1553 0.08333333333333333
1557 1.0
1653 1.0
1658 1.0
1663 1.0
1678 1.0
1683 1.0
1769 1.0
2001 1.0
2011 1.0
2026 1.0
2132 1.0
2152 1.0
2157 1.0
2177 1.0
2268 1.0
2278 0.8421052631578947
2279 0.15789473684210525
2283 1.0
2288 1.0
2303 1.0
2394 1.0
2399 1.0
2409 1.0
2414 1.0
2626 1.0
2752 1.0
2767 1.0
2772 1.0
2888 1.0
2903 0.9090909090909091
2904 0.09090909090909091
2908 1.0
3014 1.0
3019 1.0
3024 1.0
3029 1.0
3034 1.0
3039 1.0
3160 1.0
3185 1.0
3210 1.0
3281 1.0
3286 1.0
3291 1.0
3306 1.0
3311 1.0
3331 1.0
3336 1.0
3356 1.0
3361 1.0
3412 1.0
3417 1.0
3437 1.0
3457 1.0
3523 1.0
3543 1.0
3785 1.0
3810 1.0
3906 1.0
3911 1.0
3931 0.5
3932 0.5
3936 1.0
3956 1.0
4017 1.0
4022 1.0
4052 1.0
4057 1.0
4062 1.0
4082 1.0
4143 1.0
4163 1.0
4168 1.0
4183 1.0
4188 1.0
4274 1.0
4531 1.0
4652 1.0
4657 1.0
4667 1.0
4677 1.0
4682 0.8333333333333334
4683 0.16666666666666666
4778 1.0
4783 1.0
4788 1.0
4803 1.0
4808 1.0
4894 1.0
4899 1.0
4914 1.0
4919 1.0
5136 1.0
5151 1.0
5156 1.0
5257 1.0
5277 1.0
5282 1.0
5388 1.0
5403 1.0
5408 1.0
5413 1.0
5514 1.0
5524 1.0
5529 1.0
5539 1.0
5756 1.0
5761 1.0
5877 1.0
5882 1.0
5887 1.0
5897 1.0
5902 1.0
5907 1.0
6008 1.0
6013 1.0
6018 1.0
6028 0.9285714285714286
6029 0.07142857142857142
6033 1.0
6129 1.0
6139 1.0
6144 1.0
6149 1.0
6154 1.0
6159 1.0
6164 1.0
6285 1.0
6391 1.0
6411 1.0
6416 1.0
6431 1.0
6436 1.0
6461 1.0
6517 1.0
6537 1.0
6557 1.0
6562 1.0
6567 1.0
6582 1.0
6587 1.0
6648 1.0
6663 1.0
6668 1.0
6693 1.0
6774 1.0
7016 1.0
7031 1.0
7036 1.0
7142 1.0
7167 1.0
7182 1.0
7187 1.0
7207 1.0
7268 1.0
7273 1.0
7283 1.0
7288 1.0
7293 1.0
7308 1.0
7313 1.0
7394 1.0
7399 1.0
7656 1.0
7767 1.0
7772 1.0
7782 1.0
7787 1.0
7792 1.0
7888 1.0
7893 1.0
7898 1.0
7903 1.0
7908 1.0
7913 1.0
7933 1.0
8019 1.0
8044 1.0
8251 1.0
8256 1.0
8382 1.0
8387 1.0
8392 1.0
8407 1.0
8513 1.0
8518 1.0
8528 0.9
8529 0.1
8533 0.9375
8534 0.0625
8538 1.0
8644 1.0
8649 1.0
8654 1.0
8659 1.0
8664 1.0
8669 1.0
8876 1.0
8886 1.0
9002 1.0
9007 1.0
9012 1.0
9017 1.0
9032 1.0
9133 1.0
9138 1.0
9143 1.0
9153 1.0
9158 0.875
9159 0.125
9264 1.0
9269 1.0
9274 1.0
9279 1.0
9284 1.0
9289 1.0
9415 1.0
9516 1.0
9536 1.0
9541 1.0
9561 1.0
9586 1.0
9667 1.0
9682 1.0
9687 1.0
9692 1.0
9712 1.0
9773 1.0
9788 1.0
9793 1.0
9798 1.0
9899 1.0
9919 1.0
10156 1.0
10161 1.0
10267 1.0
10272 1.0
10282 1.0
10287 0.75
10288 0.25
10307 1.0
10312 1.0
10332 1.0
10393 1.0
10413 1.0
10418 1.0
10433 1.0
10438 1.0
10519 1.0
10524 1.0
10544 1.0
10761 1.0
10781 1.0
10786 1.0
10892 1.0
10907 1.0
10932 0.6666666666666666
10933 0.3333333333333333
11033 1.0
11038 1.0
11043 1.0
11058 1.0
11144 1.0
11149 1.0
11406 1.0
11507 1.0
11517 1.0
11532 1.0
11538 1.0
11638 1.0
11643 1.0
11653 1.0
11658 1.0
11663 1.0
11764 1.0
11774 1.0
11779 1.0
11784 1.0
12006 1.0
12127 1.0
12132 1.0
12137 1.0
12157 1.0
12253 1.0
12258 1.0
12268 1.0
12278 1.0
12283 0.875
12284 0.125
12288 1.0
12379 1.0
12384 1.0
12394 1.0
12399 1.0
12404 1.0
12409 1.0
12414 1.0
12641 1.0
12646 1.0
12661 1.0
12666 1.0
12686 1.0
12691 1.0
12711 1.0
12767 1.0
12772 1.0
12792 1.0
12807 1.0
12812 1.0
12817 1.0
12837 1.0
12893 1.0
12918 1.0
12938 1.0
13024 1.0
13266 1.0
13286 0.5
13287 0.5
13392 1.0
13407 1.0
13412 1.0
13432 1.0
13437 1.0
13518 1.0
13523 1.0
13533 1.0
13538 1.0
13543 1.0
13558 1.0
13644 1.0
13649 1.0
13669 1.0
13886 1.0
13891 1.0
14017 1.0
14032 1.0
14037 1.0
14143 1.0
14158 1.0
14163 1.0
14168 1.0
14183 1.0
14188 1.0
14269 1.0
14274 1.0
14284 1.0
14289 1.0
14294 1.0
14511 1.0
14632 1.0
14637 1.0
14642 1.0
14657 1.0
14662 1.0
14763 1.0
14768 1.0
14783 0.8571428571428571
14784 0.14285714285714285
14788 1.0
14889 1.0
14894 1.0
14899 1.0
14909 1.0
14914 1.0
15131 1.0
15257 1.0
15262 1.0
15388 1.0
15403 1.0
15408 1.0
15509 1.0
15514 1.0
15519 1.0
15524 1.0
15529 1.0
15534 1.0
15539 1.0
15680 1.0
15685 1.0
15700 1.0
15705 1.0
15710 1.0
15725 1.0
15730 1.0
15735 1.0
15826 1.0
15831 1.0
15851 1.0
16275 1.0
16280 1.0
16301 1.0
16305 1.0
16330 1.0
16350 1.0
16426 0.9285714285714286
16427 0.07142857142857142
16451 0.9523809523809523
16452 0.047619047619047616
16456 1.0
16476 1.0
16552 0.8888888888888888
16553 0.1111111111111111
16577 1.0
16678 1.0
16900 1.0
17026 0.8
17027 0.2
17051 1.0
17152 1.0
17177 0.9666666666666667
17178 0.03333333333333333
17202 1.0
17278 0.6666666666666666
17279 0.3333333333333333
17303 1.0
17651 1.0
17752 1.0
17777 0.6923076923076923
17778 0.3076923076923077
17903 0.9487179487179487
17904 0.05128205128205128
18004 1.0
18029 1.0
18377 0.8
18378 0.2
18503 1.0
18528 0.95
18529 0.05
18629 1.0
18654 1.0
18780 1.0
18785 1.0
18805 1.0
18810 1.0
18830 1.0
18855 1.0
18951 1.0
18956 1.0
18961 1.0
18981 1.0
18986 1.0
19405 1.0
19430 1.0
19526 1.0
19551 1.0
19556 1.0
19576 0.75
19577 0.25
19581 1.0
19677 1.0
19682 1.0
19702 1.0
20151 1.0
20156 1.0
20176 0.5
20177 0.5
20277 1.0
20302 1.0
20403 0.875
20404 0.125
20428 1.0
20651 1.0
20751 1.0
20776 1.0
20781 1.0
20877 1.0
20902 0.8
20903 0.2
21028 0.9166666666666666
21029 0.08333333333333333
21154 1.0
21376 1.0
21502 1.0
21527 0.5
21528 0.5
21628 1.0
21653 0.7
21654 0.3
21754 1.0
21779 1.0
21905 1.0
21910 1.0
21930 1.0
21935 1.0
21955 1.0
21960 1.0
22056 1.0
22081 1.0
22086 1.0
22106 1.0
22111 1.0
22182 1.0
22535 1.0
22555 1.0
22656 1.0
22676 0.8
22677 0.2
22681 1.0
22701 1.0
22706 1.0
22802 1.0
22807 1.0
22827 1.0
22832 1.0
23276 1.0
23281 1.0
23402 1.0
23427 0.9444444444444444
23428 0.05555555555555555
23432 1.0
23528 1.0
23553 1.0
23901 1.0
24002 1.0
24027 0.9
24028 0.1
24058 1.0
24153 0.9333333333333333
24154 0.06666666666666667
24279 1.0
24501 1.0
24627 1.0
24753 1.0
24778 0.85
24779 0.15
24879 1.0
24904 1.0
25030 1.0
25035 1.0
25060 1.0
25161 1.0
25181 0.75
25182 0.25
25186 1.0
25206 1.0
25211 1.0
25231 1.0
25307 1.0
25332 1.0
25337 1.0
25656 1.0
25680 1.0
25781 1.0
25806 1.0
25831 1.0
25927 1.0
25932 1.0
25957 1.0
26053 1.0
26058 1.0
26280 1.0
26406 1.0
26527 0.8571428571428571
26528 0.14285714285714285
26532 1.0
26552 1.0
26557 1.0
26653 1.0
26678 1.0
27026 1.0
27152 1.0
27157 1.0
27278 1.0
27404 1.0
27626 1.0
27752 1.0
27777 0.6666666666666666
27778 0.3333333333333333
27878 1.0
27903 0.7894736842105263
27904 0.21052631578947367
28004 1.0
28029 1.0
28155 1.0
28160 1.0
28286 1.0
28306 1.0
28311 1.0
28331 0.8571428571428571
28332 0.14285714285714285
28336 1.0
28341 1.0
28432 1.0
28437 1.0
28457 1.0
28462 1.0
28780 1.0
28906 1.0
28911 1.0
28931 1.0
28956 1.0
29052 1.0
29057 1.0
29062 1.0
29082 1.0
29178 1.0
29183 1.0
29526 1.0
29531 1.0
29652 0.5
29653 0.5
29657 1.0
29677 1.0
29682 1.0
29778 1.0
29803 1.0
29808 1.0
30277 0.8
30278 0.2
30403 0.9444444444444444
30404 0.05555555555555555
30408 1.0
30529 1.0
30751 1.0
30776 1.0
30877 1.0
31003 0.6666666666666666
31004 0.3333333333333333
31028 0.9
31029 0.1
31129 1.0
31154 1.0
31280 1.0
31300 1.0
31305 1.0
31310 1.0
31325 1.0
31330 1.0
31350 1.0
31355 1.0
31451 1.0
31476 1.0
31901 1.0
31925 1.0
31950 0.6666666666666666
31951 0.3333333333333333
31975 1.0
32026 1.0
32051 1.0
32076 1.0
32101 1.0
32177 1.0
32202 1.0
32525 0.75
32526 0.25
32651 1.0
32676 1.0
32777 1.0
32802 0.8888888888888888
32803 0.1111111111111111
32903 0.8888888888888888
32904 0.1111111111111111
32928 1.0
33029 1.0
33251 1.0
33276 1.0
33378 1.0
33402 0.6
33403 0.4
33528 0.8
33529 0.2
33629 1.0
33654 1.0
34002 0.875
34003 0.125
34128 0.8888888888888888
34129 0.1111111111111111
34153 1.0
34254 1.0
34279 1.0
34430 1.0
34435 1.0
34455 1.0
34460 1.0
34475 1.0
34480 1.0
34485 1.0
34576 1.0
34581 1.0
34601 1.0
34606 1.0
35025 0.6666666666666666
35026 0.3333333333333333
35030 1.0
35050 1.0
35055 1.0
35151 1.0
35176 0.9090909090909091
35177 0.09090909090909091
35201 1.0
35206 1.0
35302 0.9
35303 0.1
35327 1.0
35428 1.0
35776 1.0
35802 1.0
35902 1.0
35927 0.9444444444444444
35928 0.05555555555555555
36028 1.0
36053 1.0
36376 1.0
36401 1.0
36502 1.0
36527 0.875
36528 0.125
36653 0.9642857142857143
36654 0.03571428571428571
36754 1.0
36779 1.0
37001 1.0
37127 1.0
37253 0.6666666666666666
37254 0.3333333333333333
37278 1.0
37379 1.0
37404 1.0
37535 1.0
37555 1.0
37560 1.0
37580 0.6666666666666666
37581 0.3333333333333333
37585 1.0
37605 1.0
37701 1.0
37706 1.0
37726 1.0
37731 1.0
38150 1.0
38180 1.0
38276 1.0
38301 0.875
38302 0.125
38326 0.8181818181818182
38327 0.18181818181818182
38331 1.0
38351 1.0
38427 1.0
38452 1.0
38901 0.6666666666666666
38902 0.3333333333333333
38926 1.0
39027 1.0
39052 1.0
39153 1.0
39178 1.0
39279 1.0
39501 1.0
39627 1.0
39652 0.7142857142857143
39653 0.2857142857142857
39778 0.9230769230769231
39779 0.07692307692307693
39904 1.0
40126 1.0
40252 1.0
40378 0.42857142857142855
40379 0.5714285714285714
40403 1.0
40504 1.0
40529 1.0
40655 1.0
40660 1.0
40680 1.0
40685 1.0
40705 1.0
40710 1.0
40735 1.0
40806 1.0
40826 0.5
40827 0.5
40831 1.0
40836 1.0
40856 1.0
41280 1.0
41401 1.0
41406 1.0
41426 1.0
41431 1.0
41451 1.0
41456 1.0
41552 1.0
41577 1.0
41905 1.0
42026 1.0
42031 1.0
42051 1.0
42152 1.0
42177 0.8421052631578947
42178 0.15789473684210525
42278 1.0
42303 1.0
42626 1.0
42651 1.0
42752 1.0
42777 0.6666666666666666
42778 0.3333333333333333
42903 0.9411764705882353
42904 0.058823529411764705
43029 1.0
43251 0.8
43252 0.2
43377 1.0
43503 0.9375
43504 0.0625
43528 0.8666666666666667
43529 0.13333333333333333
43629 1.0
43654 1.0
43780 1.0
43805 1.0
43810 1.0
43835 1.0
43860 1.0
43931 1.0
43956 0.9615384615384616
43957 0.038461538461538464
43961 1.0
43981 1.0
43986 1.0
44077 1.0
44405 1.0
44526 1.0
44531 1.0
44551 0.3333333333333333
44552 0.6666666666666666
44556 1.0
44576 1.0
44581 1.0
44677 1.0
44682 1.0
44702 1.0
44707 1.0
44803 1.0
45151 1.0
45156 1.0
45277 1.0
45302 0.9411764705882353
45303 0.058823529411764705
45403 1.0
45428 1.0
45529 1.0
45751 1.0
45776 1.0
45877 1.0
45902 0.7142857142857143
45903 0.2857142857142857
46028 0.9
46029 0.1
46154 1.0
46376 0.8333333333333334
46377 0.16666666666666666
46502 0.75
46503 0.25
46528 1.0
46628 0.8
46629 0.2
46653 0.9090909090909091
46654 0.09090909090909091
46754 1.0
46779 1.0
46925 1.0
46930 1.0
46950 1.0
46955 1.0
46960 1.0
46975 0.9523809523809523
46976 0.047619047619047616
46980 1.0
46985 1.0
47076 1.0
47101 1.0
47550 1.0
47676 0.5
47677 0.5
47701 0.8461538461538461
47702 0.15384615384615385
47726 1.0
47802 0.9
47803 0.1
47827 1.0
47928 1.0
48276 1.0
48301 1.0
48402 0.8
48403 0.2
48427 0.7692307692307693
48428 0.23076923076923078
48528 1.0
48553 1.0
48654 1.0
48901 0.75
48902 0.25
49002 0.8333333333333334
49003 0.16666666666666666
49027 1.0
49128 1.0
49153 0.8518518518518519
49154 0.14814814814814814
49254 1.0
49279 1.0
49502 1.0
49627 1.0
49753 0.8333333333333334
49754 0.16666666666666666
49778 1.0
49879 1.0
49904 1.0
50050 1.0
50055 1.0
50060 1.0
50075 1.0
50080 1.0
50100 0.875
50101 0.125
50105 1.0
50110 1.0
50201 1.0
50226 1.0
50650 1.0
50675 1.0
50801 0.8
50802 0.2
50826 0.875
50827 0.125
50851 1.0
50902 1.0
50927 0.875
50928 0.125
50952 1.0
51053 1.0
51275 1.0
51401 1.0
51426 1.0
51527 1.0
51552 0.8666666666666667
51553 0.13333333333333333
51653 0.8888888888888888
51654 0.1111111111111111
51678 1.0
51779 1.0
52001 1.0
52026 1.0
52127 1.0
52152 0.6666666666666666
52153 0.3333333333333333
52253 1.0
52278 0.9
52279 0.1
52404 1.0
52626 1.0
52752 0.75
52753 0.25
52878 0.8
52879 0.2
52903 1.0
53004 1.0
53029 1.0
53175 1.0
53180 1.0
53205 1.0
53230 1.0
53235 1.0
53326 1.0
53331 1.0
53351 1.0
53356 1.0
53775 1.0
53800 1.0
53805 1.0
53831 1.0
53901 1.0
53926 1.0
53951 0.9333333333333333
53952 0.06666666666666667
53956 1.0
53976 1.0
54052 1.0
54077 1.0
54400 1.0
54526 1.0
54677 0.7647058823529411
54678 0.23529411764705882
54778 1.0
54803 1.0
54904 1.0
55126 1.0
55151 1.0
55252 1.0
55277 1.0
55378 0.5
55379 0.5
55403 0.88
55404 0.12
55529 1.0
55877 0.875
55878 0.125
56003 0.7777777777777778
56004 0.2222222222222222
56028 0.75
56029 0.25
56129 1.0
56154 1.0
56305 1.0
56330 1.0
56335 1.0
56355 0.875
56356 0.125
56360 1.0
56451 1.0
56456 1.0
56481 1.0
56577 1.0
56900 0.3333333333333333
56901 0.6666666666666666
56930 1.0
57026 1.0
57051 1.0
57056 1.0
57076 0.8
57077 0.2
57081 1.0
57177 0.9090909090909091
57178 0.09090909090909091
57202 1.0
57525 1.0
57651 1.0
57777 1.0
57802 1.0
57903 1.0
57928 1.0
58029 1.0
58251 1.0
58276 1.0
58377 1.0
58402 1.0
58528 0.8387096774193549
58529 0.16129032258064516
58654 1.0
59002 1.0
59128 0.8181818181818182
59129 0.18181818181818182
59153 1.0
59254 1.0
59430 1.0
59435 1.0
59460 1.0
59576 1.0
59581 1.0
59606 1.0
60030 1.0
60055 1.0
60151 1.0
60176 1.0
60181 1.0
60201 0.8
60202 0.2
60206 1.0
60302 1.0
60327 1.0
60428 1.0
60776 1.0
60801 0.5
60802 0.5
60902 0.8
60903 0.2
60927 0.85
60928 0.15
61028 1.0
61053 1.0
61154 1.0
61502 1.0
61527 1.0
61653 0.88
61654 0.12
61779 1.0
62001 1.0
62127 1.0
62253 1.0
62278 1.0
62379 1.0
62404 1.0
62550 1.0
62555 1.0
62560 1.0
62575 1.0
62600 1.0
62605 1.0
62701 1.0
62726 1.0
63175 1.0
63200 0.6666666666666666
63201 0.3333333333333333
63225 0.6
63226 0.4
63301 0.6666666666666666
63302 0.3333333333333333
63326 0.8095238095238095
63327 0.19047619047619047
63351 1.0
63427 1.0
63452 1.0
63553 1.0
63775 1.0
63901 1.0
64027 1.0
64052 0.9411764705882353
64053 0.058823529411764705
64153 1.0
64178 1.0
64279 1.0
64502 1.0
64627 1.0
64652 1.0
64778 0.8620689655172413
64779 0.13793103448275862
64879 1.0
64904 1.0
65126 0.6666666666666666
65127 0.3333333333333333
65252 0.6666666666666666
65253 0.3333333333333333
65378 0.75
65379 0.25
65504 1.0
65675 1.0
65680 1.0
65685 1.0
65700 0.75
65701 0.25
65705 1.0
65725 1.0
65730 1.0
65735 1.0
65826 1.0
65851 1.0
66275 0.5
66276 0.5
66300 1.0
66326 1.0
66401 1.0
66426 1.0
66451 0.85
66452 0.15
66476 1.0
66552 0.8571428571428571
66553 0.14285714285714285
66577 1.0
66678 1.0
66900 1.0
67026 0.8333333333333334
67027 0.16666666666666666
67152 1.0
67177 0.75
67178 0.25
67202 1.0
67278 1.0
67303 1.0
67404 1.0
67651 0.5
67652 0.5
67752 1.0
67777 1.0
67878 0.6666666666666666
67879 0.3333333333333333
67903 1.0
68004 1.0
68029 1.0
68251 1.0
68377 1.0
68503 0.5
68504 0.5
68528 1.0
68629 1.0
68800 1.0
68805 1.0
68810 1.0
68825 1.0
68830 1.0
68835 1.0
68855 0.9444444444444444
68856 0.05555555555555555
68951 1.0
68976 1.0
68981 1.0
69425 0.6666666666666666
69426 0.3333333333333333
69430 1.0
69526 1.0
69551 1.0
69576 0.95
69577 0.05
69601 1.0
69677 1.0
69702 1.0
70025 1.0
70151 1.0
70176 0.5
70177 0.5
70277 1.0
70302 1.0
70403 1.0
70428 1.0
70776 1.0
70877 1.0
70902 1.0
71003 1.0
71028 0.9375
71029 0.0625
71129 1.0
71154 1.0
71376 1.0
71502 1.0
71628 0.9230769230769231
71629 0.07692307692307693
71653 0.6666666666666666
71654 0.3333333333333333
71754 1.0
71779 1.0
71910 1.0
71926 1.0
71930 1.0
71935 1.0
71955 1.0
71960 1.0
71980 1.0
71985 1.0
72076 1.0
72081 1.0
72101 1.0
72106 1.0
72202 1.0
72525 1.0
72530 1.0
72550 1.0
72676 1.0
72701 0.9333333333333333
72702 0.06666666666666667
72802 1.0
72827 1.0
72928 1.0
73276 0.8888888888888888
73277 0.1111111111111111
73402 1.0
73427 0.95
73428 0.05
73528 0.9285714285714286
73529 0.07142857142857142
73553 1.0
73876 1.0
73901 1.0
74002 1.0
74027 0.6
74028 0.4
74153 1.0
74254 1.0
74279 1.0
74501 0.5
74502 0.5
74627 1.0
74753 0.5555555555555556
74754 0.4444444444444444
74778 1.0
74879 1.0
74904 1.0
75035 1.0
75055 1.0
75060 1.0
75080 1.0
75085 1.0
75105 0.9
75106 0.1
75110 1.0
75176 1.0
75201 1.0
75206 1.0
75226 1.0
75231 1.0
75327 1.0
75650 1.0
75776 1.0
75801 1.0
75826 1.0
75831 1.0
75927 1.0
75952 1.0
76053 1.0
76275 1.0
76401 1.0
76427 1.0
76527 1.0
76552 0.75
76553 0.25
76653 1.0
76678 1.0
76779 1.0
77001 1.0
77026 1.0
77127 1.0
77153 1.0
77278 1.0
77379 1.0
77404 1.0
77752 1.0
77878 0.75
77879 0.25
77903 1.0
78004 1.0
78029 1.0
