57 1.0
62 1.0
83 1.0
88 1.0
109 1.0
114 1.0
182 1.0
187 1.0
208 1.0
213 1.0
234 1.0
239 1.0
265 1.0
307 1.0
317 1.0
395 1.0
411 1.0
416 1.0
656 1.0
776 1.0
781 1.0
807 1.0
828 1.0
833 1.0
911 1.0
916 1.0
932 1.0
937 1.0
953 1.0
958 1.0
1036 1.0
1057 1.0
1140 1.0
1145 1.0
1166 1.0
1401 1.0
1406 1.0
1427 1.0
1526 1.0
1531 1.0
1536 1.0
1552 1.0
1556 0.09090909090909091
1557 0.9090909090909091
1656 1.0
1661 1.0
1677 1.0
1682 1.0
1765 1.0
2000 1.0
2010 1.0
2031 1.0
2130 1.0
2151 1.0
2156 1.0
2177 1.0
2182 1.0
2265 1.0
2276 1.0
2281 1.0
2286 1.0
2301 0.5
2302 0.5
2390 1.0
2395 1.0
2411 1.0
2625 1.0
2750 1.0
2765 1.0
2770 1.0
2781 1.0
2885 1.0
2901 1.0
2906 1.0
2911 1.0
3010 1.0
3015 1.0
3020 1.0
3026 1.0
3031 1.0
3036 1.0
3161 1.0
3187 1.0
3213 1.0
3281 1.0
3286 1.0
3291 1.0
3307 1.0
3312 1.0
3333 1.0
3338 1.0
3359 1.0
3364 1.0
3416 1.0
3437 1.0
3458 1.0
3520 1.0
3541 1.0
3786 1.0
3812 1.0
3906 1.0
3911 1.0
3932 1.0
3958 1.0
3962 1.0
4015 1.0
4020 1.0
4052 1.0
4057 1.0
4062 1.0
4082 0.3333333333333333
4083 0.6666666666666666
4145 1.0
4161 1.0
4166 1.0
4182 1.0
4270 1.0
4531 1.0
4651 1.0
4656 1.0
4661 1.0
4666 1.0
4676 0.2
4677 0.8
4681 0.1111111111111111
4682 0.8888888888888888
4781 1.0
4786 1.0
4791 1.0
4801 0.25
4802 0.75
4807 1.0
4890 1.0
4895 1.0
4911 1.0
4916 1.0
5156 1.0
5161 1.0
5260 1.0
5276 1.0
5281 1.0
5385 1.0
5401 1.0
5406 1.0
5411 1.0
5510 1.0
5520 1.0
5536 1.0
5540 0.5
5541 0.5
5755 1.0
5760 1.0
5781 1.0
5875 1.0
5880 1.0
5885 1.0
5895 1.0
5901 1.0
5906 1.0
6010 1.0
6015 1.0
6026 1.0
6031 1.0
6036 1.0
6135 1.0
6140 1.0
6145 1.0
6151 1.0
6156 1.0
6161 1.0
6286 1.0
6390 1.0
6395 1.0
6411 1.0
6416 1.0
6432 1.0
6437 1.0
6463 1.0
6515 1.0
6536 1.0
6557 1.0
6562 1.0
6567 1.0
6583 1.0
6588 1.0
6645 1.0
6661 1.0
6666 1.0
6692 1.0
6770 1.0
7015 1.0
7031 1.0
7036 1.0
7140 1.0
7166 1.0
7182 1.0
7187 1.0
7208 1.0
7265 1.0
7270 1.0
7286 1.0
7291 1.0
7312 1.0
7390 1.0
7395 1.0
7656 1.0
7765 1.0
7770 1.0
7781 1.0
7786 1.0
7791 1.0
7807 1.0
7885 1.0
7890 1.0
7895 1.0
7901 1.0
7906 1.0
7911 1.0
7916 1.0
7931 0.5
7932 0.5
8015 1.0
8041 1.0
8255 1.0
8281 1.0
8385 1.0
8390 1.0
8406 1.0
8515 1.0
8526 1.0
8531 1.0
8536 1.0
8541 1.0
8640 1.0
8645 1.0
8656 1.0
8661 1.0
8885 1.0
8900 0.5
8901 0.5
9005 1.0
9010 1.0
9015 1.0
9026 1.0
9031 1.0
9135 1.0
9140 1.0
9151 1.0
9155 0.08333333333333333
9156 0.9166666666666666
9161 1.0
9260 1.0
9265 1.0
9270 1.0
9276 1.0
9281 1.0
9286 1.0
9416 1.0
9515 1.0
9536 1.0
9541 1.0
9562 1.0
9588 1.0
9666 1.0
9682 1.0
9687 1.0
9692 1.0
9708 1.0
9713 1.0
9770 1.0
9786 1.0
9791 1.0
9796 1.0
9895 1.0
9916 1.0
10156 1.0
10161 1.0
10265 1.0
10270 1.0
10281 1.0
10286 1.0
10307 1.0
10312 1.0
10333 1.0
10390 1.0
10395 1.0
10411 1.0
10416 1.0
10432 1.0
10437 1.0
10515 1.0
10520 1.0
10541 1.0
10760 1.0
10781 1.0
10786 1.0
10890 1.0
10906 1.0
10911 1.0
10931 0.2
10932 0.8
11015 1.0
11031 1.0
11036 1.0
11041 1.0
11057 1.0
11140 1.0
11145 1.0
11411 1.0
11505 1.0
11510 1.0
11515 1.0
11531 1.0
11536 1.0
11635 1.0
11640 1.0
11651 1.0
11656 1.0
11661 1.0
11760 1.0
11770 1.0
11776 1.0
11781 1.0
12005 1.0
12125 1.0
12135 1.0
12156 1.0
12255 1.0
12265 1.0
12276 1.0
12281 1.0
12286 1.0
12390 1.0
12395 1.0
12401 1.0
12406 1.0
12411 1.0
12640 1.0
12645 1.0
12661 1.0
12666 1.0
12687 1.0
12692 1.0
12713 1.0
12765 1.0
12770 1.0
12791 1.0
12812 1.0
12817 1.0
12838 1.0
12843 1.0
12890 1.0
12916 1.0
12937 1.0
12942 1.0
13020 1.0
13265 1.0
13286 1.0
13390 1.0
13406 1.0
13411 1.0
13432 1.0
13437 1.0
13515 1.0
13520 1.0
13531 1.0
13536 1.0
13541 1.0
13557 1.0
13640 1.0
13645 1.0
13666 1.0
13885 1.0
13890 1.0
13906 1.0
14015 1.0
14031 1.0
14036 1.0
14057 1.0
14062 1.0
14140 1.0
14156 1.0
14161 1.0
14166 1.0
14182 1.0
14187 1.0
14265 1.0
14270 1.0
14281 1.0
14286 1.0
14291 1.0
14510 1.0
14630 1.0
14635 1.0
14640 1.0
14656 1.0
14661 1.0
14760 1.0
14765 1.0
14781 1.0
14786 1.0
14885 1.0
14890 1.0
14895 1.0
14906 1.0
14911 1.0
15135 1.0
15255 1.0
15265 1.0
15385 1.0
15390 1.0
15401 1.0
15406 1.0
15411 1.0
15510 1.0
15515 1.0
15520 1.0
15526 1.0
15531 1.0
15536 1.0
15682 1.0
15687 1.0
15708 1.0
15713 1.0
15729 1.0
15734 1.0
15739 1.0
15828 1.0
15833 1.0
15854 1.0
16281 1.0
16302 1.0
16307 1.0
16333 1.0
16354 1.0
16427 1.0
16452 0.06896551724137931
16453 0.9310344827586207
16458 1.0
16478 0.3333333333333333
16479 0.6666666666666666
16552 1.0
16577 0.16666666666666666
16578 0.8333333333333334
16901 1.0
17026 1.0
17052 1.0
17151 1.0
17177 1.0
17202 0.25
17203 0.75
17276 1.0
17302 1.0
17651 1.0
17775 0.0625
17776 0.9375
17801 0.14285714285714285
17802 0.8571428571428571
17901 1.0
17926 1.0
18026 1.0
18250 1.0
18375 1.0
18401 1.0
18500 1.0
18525 0.06666666666666667
18526 0.9333333333333333
18625 1.0
18650 0.23529411764705882
18651 0.7647058823529411
18781 1.0
18786 1.0
18807 1.0
18812 1.0
18833 1.0
18859 1.0
18953 1.0
18958 1.0
18963 1.0
18979 1.0
18984 1.0
18989 1.0
19411 1.0
19432 1.0
19531 1.0
19552 1.0
19557 1.0
19578 1.0
19582 0.1111111111111111
19583 0.8888888888888888
19677 1.0
19702 0.14285714285714285
19703 0.8571428571428571
19708 1.0
20031 1.0
20151 1.0
20177 1.0
20302 1.0
20307 1.0
20327 1.0
20426 0.14285714285714285
20427 0.8571428571428571
20651 1.0
20775 0.25
20776 0.75
20781 1.0
20875 1.0
20901 1.0
20926 1.0
21026 1.0
21051 0.75
21052 0.25
21151 1.0
21375 1.0
21401 1.0
21500 1.0
21526 1.0
21625 1.0
21650 0.12
21651 0.88
21750 1.0
21775 0.09090909090909091
21776 0.9090909090909091
21906 1.0
21911 1.0
21932 1.0
21937 1.0
21958 1.0
21963 1.0
22057 1.0
22083 1.0
22088 1.0
22109 1.0
22114 1.0
22207 1.0
22536 1.0
22557 1.0
22656 1.0
22677 1.0
22682 1.0
22708 1.0
22802 1.0
22807 1.0
22827 0.2857142857142857
22828 0.7142857142857143
22832 0.14285714285714285
22833 0.8571428571428571
23156 1.0
23276 1.0
23281 1.0
23401 1.0
23406 1.0
23426 0.07407407407407407
23427 0.9259259259259259
23432 1.0
23526 1.0
23551 0.1111111111111111
23552 0.8888888888888888
23901 1.0
24026 1.0
24031 1.0
24052 1.0
24057 1.0
24151 1.0
24176 0.6666666666666666
24177 0.3333333333333333
24276 1.0
24500 1.0
24625 1.0
24650 0.3333333333333333
24651 0.6666666666666666
24775 0.06666666666666667
24776 0.9333333333333333
24875 1.0
24901 1.0
25031 1.0
25036 1.0
25062 1.0
25182 1.0
25187 1.0
25208 1.0
25213 1.0
25234 1.0
25307 1.0
25333 1.0
25656 1.0
25682 1.0
25781 1.0
25806 0.25
25807 0.75
25833 1.0
25927 1.0
25932 1.0
25957 0.25
25958 0.75
26052 1.0
26057 1.0
26281 1.0
26406 1.0
26432 1.0
26526 1.0
26531 1.0
26552 1.0
26557 1.0
26651 1.0
26676 0.4
26677 0.6
26682 1.0
27026 1.0
27031 1.0
27151 1.0
27156 1.0
27276 1.0
27281 1.0
27301 0.5
27302 0.5
27625 1.0
27630 1.0
27650 1.0
27750 1.0
27776 1.0
27901 1.0
28025 0.14285714285714285
28026 0.8571428571428571
28156 1.0
28161 1.0
28286 1.0
28307 1.0
28312 1.0
28333 1.0
28338 1.0
28343 1.0
28437 1.0
28458 1.0
28463 1.0
28781 1.0
28906 1.0
28911 1.0
28932 1.0
28957 0.2222222222222222
28958 0.7777777777777778
29052 1.0
29057 1.0
29062 1.0
29083 1.0
29182 1.0
29526 1.0
29531 1.0
29651 1.0
29656 1.0
29677 1.0
29682 1.0
29776 1.0
29802 1.0
29806 0.2
29807 0.8
30151 1.0
30276 1.0
30281 1.0
30401 1.0
30406 1.0
30431 1.0
30526 1.0
30750 1.0
30776 1.0
30875 1.0
30901 1.0
31025 0.06666666666666667
31026 0.9333333333333333
31031 1.0
31125 1.0
31150 0.1111111111111111
31151 0.8888888888888888
31281 1.0
31307 1.0
31312 1.0
31328 1.0
31333 1.0
31353 0.16666666666666666
31354 0.8333333333333334
31359 1.0
31453 1.0
31479 1.0
31926 0.14285714285714285
31927 0.8571428571428571
31932 1.0
31953 1.0
31979 1.0
32052 1.0
32077 0.04
32078 0.96
32103 0.25
32104 0.75
32177 1.0
32202 0.16666666666666666
32203 0.8333333333333334
32526 1.0
32651 1.0
32677 1.0
32702 1.0
32776 1.0
32801 0.045454545454545456
32802 0.9545454545454546
32901 1.0
32926 0.16666666666666666
32927 0.8333333333333334
33276 1.0
33375 1.0
33401 1.0
33426 1.0
33526 1.0
33651 1.0
33875 1.0
34000 1.0
34026 1.0
34125 1.0
34150 0.3333333333333333
34151 0.6666666666666666
34250 1.0
34275 0.45454545454545453
34276 0.5454545454545454
34432 1.0
34437 1.0
34458 1.0
34463 1.0
34479 1.0
34484 1.0
34489 1.0
34578 1.0
34583 1.0
34604 1.0
34609 1.0
35026 1.0
35031 1.0
35051 0.14285714285714285
35052 0.8571428571428571
35057 1.0
35176 0.2
35177 0.8
35202 0.030303030303030304
35203 0.9696969696969697
35208 1.0
35228 0.6666666666666666
35229 0.3333333333333333
35233 1.0
35302 1.0
35327 0.16666666666666666
35328 0.8333333333333334
35651 1.0
35776 1.0
35802 1.0
35901 1.0
35927 1.0
36026 1.0
36051 0.2
36052 0.8
36400 0.16666666666666666
36401 0.8333333333333334
36526 1.0
36551 0.6
36552 0.4
36651 1.0
36776 1.0
37025 0.3333333333333333
37026 0.6666666666666666
37125 1.0
37250 1.0
37275 0.14285714285714285
37276 0.8571428571428571
37375 1.0
37400 0.2777777777777778
37401 0.7222222222222222
37536 1.0
37557 1.0
37562 1.0
37583 1.0
37588 1.0
37609 1.0
37703 1.0
37708 1.0
37729 1.0
37734 1.0
38151 1.0
38182 1.0
38302 1.0
38328 1.0
38333 1.0
38354 1.0
38427 1.0
38453 1.0
38901 1.0
38927 1.0
39026 1.0
39051 0.11538461538461539
39052 0.8846153846153846
39078 1.0
39151 1.0
39176 0.25
39177 0.75
39525 0.3333333333333333
39526 0.6666666666666666
39625 1.0
39651 1.0
39676 1.0
39776 1.0
39801 1.0
39901 1.0
40125 1.0
40151 1.0
40250 1.0
40276 1.0
40375 1.0
40400 0.10526315789473684
40401 0.8947368421052632
40500 1.0
40525 0.1111111111111111
40526 0.8888888888888888
40656 1.0
40661 1.0
40682 1.0
40687 1.0
40708 1.0
40713 1.0
40739 1.0
40807 1.0
40828 1.0
40833 1.0
40838 1.0
40859 1.0
41281 1.0
41406 1.0
41427 1.0
41432 1.0
41453 1.0
41458 1.0
41552 1.0
41557 1.0
41577 0.1
41578 0.9
41583 1.0
41901 1.0
41906 1.0
42026 1.0
42031 1.0
42052 1.0
42151 1.0
42176 0.07692307692307693
42177 0.9230769230769231
42203 1.0
42276 1.0
42302 1.0
42651 1.0
42750 1.0
42776 1.0
42801 0.3333333333333333
42802 0.6666666666666666
42901 1.0
42926 1.0
43026 1.0
43250 1.0
43275 0.3333333333333333
43276 0.6666666666666666
43375 1.0
43401 1.0
43500 1.0
43525 0.16129032258064516
43526 0.8387096774193549
43625 1.0
43650 0.3076923076923077
43651 0.6923076923076923
43781 1.0
43807 1.0
43812 1.0
43838 1.0
43864 1.0
43958 1.0
43963 1.0
43984 1.0
43989 1.0
44406 1.0
44432 1.0
44531 1.0
44552 1.0
44557 1.0
44578 1.0
44583 1.0
44677 1.0
44682 1.0
44703 1.0
44708 1.0
44802 1.0
45151 1.0
45156 1.0
45177 1.0
45276 1.0
45302 1.0
45401 1.0
45427 1.0
45750 1.0
45776 1.0
45901 1.0
45926 1.0
46026 1.0
46052 1.0
46151 1.0
46375 1.0
46401 1.0
46500 1.0
46526 1.0
46651 1.0
46750 1.0
46775 0.42857142857142855
46776 0.5714285714285714
46932 1.0
46953 1.0
46958 1.0
46963 1.0
46979 1.0
46984 1.0
46989 1.0
47078 1.0
47104 1.0
47552 1.0
47578 1.0
47604 1.0
47677 1.0
47703 1.0
47728 0.25
47729 0.75
47802 1.0
47827 0.2
47828 0.8
48151 1.0
48276 1.0
48302 1.0
48328 1.0
48401 1.0
48426 0.14285714285714285
48427 0.8571428571428571
48452 0.6666666666666666
48453 0.3333333333333333
48526 1.0
48551 0.5454545454545454
48552 0.45454545454545453
48900 0.16666666666666666
48901 0.8333333333333334
49000 1.0
49025 0.25
49026 0.75
49051 1.0
49151 1.0
49176 1.0
49275 0.07692307692307693
49276 0.9230769230769231
49500 1.0
49625 1.0
49750 1.0
49775 0.3125
49776 0.6875
49875 1.0
49900 0.3333333333333333
49901 0.6666666666666666
50052 1.0
50057 1.0
50062 1.0
50083 1.0
50104 1.0
50109 1.0
50114 1.0
50203 1.0
50228 0.16666666666666666
50229 0.8333333333333334
50677 1.0
50776 1.0
50802 1.0
50827 0.14285714285714285
50828 0.8571428571428571
50854 1.0
50927 1.0
50952 0.2857142857142857
50953 0.7142857142857143
51276 1.0
51401 1.0
51427 1.0
51452 1.0
51526 1.0
51552 1.0
51578 1.0
51651 1.0
51677 1.0
52026 1.0
52150 0.1111111111111111
52151 0.8888888888888888
52176 1.0
52276 1.0
52401 1.0
52625 1.0
52651 1.0
52750 1.0
52875 1.0
52900 0.3125
52901 0.6875
53000 1.0
53025 0.3333333333333333
53026 0.6666666666666666
53177 1.0
53182 1.0
53208 1.0
53234 1.0
53239 1.0
53328 1.0
53333 1.0
53353 0.5
53354 0.5
53359 1.0
53776 1.0
53802 1.0
53807 1.0
53833 1.0
53901 1.0
53927 1.0
53953 1.0
53958 1.0
53979 1.0
54052 1.0
54078 1.0
54401 1.0
54526 1.0
54552 1.0
54651 1.0
54677 1.0
54702 1.0
54776 1.0
54801 0.16666666666666666
54802 0.8333333333333334
55125 1.0
55150 0.25
55151 0.75
55250 1.0
55276 1.0
55400 0.04
55401 0.96
55426 1.0
55526 1.0
55875 1.0
56000 1.0
56025 0.1875
56026 0.8125
56125 1.0
56150 0.3333333333333333
56151 0.6666666666666666
56307 1.0
56333 1.0
56338 1.0
56359 1.0
56364 1.0
56453 1.0
56458 1.0
56484 1.0
56578 1.0
56901 1.0
56906 1.0
56927 1.0
56932 1.0
57026 1.0
57052 1.0
57057 1.0
57077 0.17647058823529413
57078 0.8235294117647058
57083 1.0
57104 1.0
57177 1.0
57203 1.0
57526 1.0
57651 1.0
57677 1.0
57776 1.0
57801 0.0625
57802 0.9375
57901 1.0
57926 0.3333333333333333
57927 0.6666666666666666
58250 1.0
58276 1.0
58400 0.08333333333333333
58401 0.9166666666666666
58427 1.0
58526 1.0
58551 0.5
58552 0.5
58651 1.0
59000 1.0
59125 1.0
59150 0.3076923076923077
59151 0.6923076923076923
59250 1.0
59275 0.5
59276 0.5
59432 1.0
59437 1.0
59463 1.0
59583 1.0
59609 1.0
60026 1.0
60031 1.0
60057 1.0
60061 1.0
60151 1.0
60176 0.2
60177 0.8
60182 1.0
60202 0.2
60203 0.8
60208 1.0
60302 1.0
60327 0.16666666666666666
60328 0.8333333333333334
60427 1.0
60776 1.0
60802 1.0
60901 1.0
60926 0.038461538461538464
60927 0.9615384615384616
61026 1.0
61051 0.1111111111111111
61052 0.8888888888888888
61525 0.1
61526 0.9
61651 1.0
61776 1.0
62026 1.0
62125 1.0
62250 1.0
62275 0.3333333333333333
62276 0.6666666666666666
62375 1.0
62400 0.4
62401 0.6
62552 1.0
62557 1.0
62562 1.0
62578 1.0
62604 1.0
62609 1.0
62729 1.0
63177 1.0
63203 1.0
63229 1.0
63302 1.0
63328 1.0
63353 0.2857142857142857
63354 0.7142857142857143
63427 1.0
63453 1.0
63552 1.0
63776 1.0
63802 1.0
63901 1.0
63926 0.5
63927 0.5
63953 1.0
64026 1.0
64051 0.05
64052 0.95
64077 0.5
64078 0.5
64151 1.0
64176 0.5555555555555556
64177 0.4444444444444444
64500 1.0
64525 0.25
64526 0.75
64625 1.0
64651 1.0
64776 1.0
64900 0.10526315789473684
64901 0.8947368421052632
65125 1.0
65250 1.0
65375 1.0
65400 0.25
65401 0.75
65500 1.0
65525 0.5
65526 0.5
65677 1.0
65682 1.0
65687 1.0
65703 1.0
65729 1.0
65734 1.0
65739 1.0
65828 1.0
65854 1.0
66276 1.0
66302 1.0
66328 1.0
66354 1.0
66427 1.0
66453 1.0
66478 0.16666666666666666
66479 0.8333333333333334
66552 1.0
66577 0.1111111111111111
66578 0.8888888888888888
66901 1.0
67026 1.0
67051 0.3333333333333333
67052 0.6666666666666666
67078 1.0
67151 1.0
67176 0.1111111111111111
67177 0.8888888888888888
67203 1.0
67276 1.0
67301 0.35714285714285715
67302 0.6428571428571429
67650 0.4
67651 0.6
67750 1.0
67776 1.0
67802 1.0
67901 1.0
67926 0.5
67927 0.5
68026 1.0
68250 1.0
68375 1.0
68500 1.0
68525 0.2
68526 0.8
68625 1.0
68650 0.7142857142857143
68651 0.2857142857142857
68802 1.0
68807 1.0
68812 1.0
68833 1.0
68838 1.0
68853 0.5
68854 0.5
68859 1.0
68864 1.0
68953 1.0
68978 0.125
68979 0.875
68984 1.0
69427 1.0
69432 1.0
69479 1.0
69526 1.0
69552 1.0
69577 0.037037037037037035
69578 0.9629629629629629
69604 1.0
69677 1.0
69702 0.25
69703 0.75
70026 1.0
70151 1.0
70177 1.0
70203 1.0
70276 1.0
70301 0.125
70302 0.875
70401 1.0
70426 0.125
70427 0.875
70776 1.0
70875 1.0
70901 1.0
70926 0.75
70927 0.25
71026 1.0
71051 1.0
71150 0.1111111111111111
71151 0.8888888888888888
71375 1.0
71500 1.0
71625 1.0
71650 0.16666666666666666
71651 0.8333333333333334
71750 1.0
71775 0.5714285714285714
71776 0.42857142857142855
71911 1.0
71927 1.0
71932 1.0
71937 1.0
71958 1.0
71963 1.0
71984 1.0
71989 1.0
72078 1.0
72083 1.0
72103 0.5
72104 0.5
72109 1.0
72531 1.0
72552 1.0
72557 1.0
72677 1.0
72703 1.0
72708 1.0
72802 1.0
72827 0.4
72828 0.6
73276 1.0
73401 1.0
73427 1.0
73452 1.0
73526 1.0
73551 0.1111111111111111
73552 0.8888888888888888
73901 1.0
74000 1.0
74025 0.18181818181818182
74026 0.8181818181818182
74052 1.0
74151 1.0
74176 1.0
74276 1.0
74500 1.0
74625 1.0
74650 1.0
74750 1.0
74775 0.2727272727272727
74776 0.7272727272727273
74875 1.0
74900 0.45454545454545453
74901 0.5454545454545454
75036 1.0
75057 1.0
75062 1.0
75083 1.0
75088 1.0
75109 1.0
75114 1.0
75177 1.0
75203 1.0
75208 1.0
75229 1.0
75234 1.0
75651 1.0
75801 0.1111111111111111
75802 0.8888888888888888
75828 1.0
75833 1.0
75853 1.0
75927 1.0
75952 0.14285714285714285
75953 0.8571428571428571
76052 1.0
76276 1.0
76401 1.0
76427 1.0
76453 1.0
76526 1.0
76551 0.0625
76552 0.9375
76577 1.0
76651 1.0
76676 0.5454545454545454
76677 0.45454545454545453
77025 0.3333333333333333
77026 0.6666666666666666
77125 1.0
77150 0.25
77151 0.75
77276 1.0
77301 0.5
77302 0.5
77401 1.0
77750 1.0
77875 1.0
77900 0.25
77901 0.75
78000 1.0
78025 0.2727272727272727
78026 0.7272727272727273
