62 1.0
67 1.0
83 1.0
88 1.0
114 1.0
162 1.0
187 0.8333333333333334
188 0.16666666666666666
208 0.8
209 0.2
213 1.0
234 1.0
239 1.0
270 1.0
312 1.0
317 1.0
395 1.0
416 1.0
421 1.0
515 1.0
661 1.0
682 1.0
786 1.0
807 1.0
812 0.8571428571428571
813 0.14285714285714285
833 1.0
838 1.0
859 1.0
916 1.0
937 1.0
942 1.0
958 1.0
963 1.0
1041 1.0
1062 1.0
1067 1.0
1141 1.0
1145 1.0
1171 1.0
1286 1.0
1312 1.0
1406 1.0
1411 1.0
1432 1.0
1437 1.0
1458 1.0
1537 1.0
1541 1.0
1557 1.0
1562 1.0
1583 1.0
1588 1.0
1661 1.0
1666 1.0
1687 1.0
1765 1.0
1770 1.0
2015 1.0
2031 1.0
2036 1.0
2057 1.0
2156 1.0
2161 1.0
2166 1.0
2182 1.0
2187 1.0
2208 1.0
2265 1.0
2270 1.0
2286 1.0
2291 1.0
2312 1.0
2395 1.0
2416 1.0
2656 1.0
2661 1.0
2770 1.0
2781 1.0
2807 1.0
2812 1.0
2890 1.0
2911 1.0
2916 1.0
2932 1.0
3015 1.0
3020 1.0
3036 1.0
3041 1.0
3166 1.0
3187 1.0
3286 1.0
3291 1.0
3312 1.0
3333 1.0
3338 0.9285714285714286
3339 0.07142857142857142
3359 1.0
3364 1.0
3416 1.0
3437 1.0
3442 1.0
3463 1.0
3515 1.0
3520 1.0
3791 1.0
3812 1.0
3911 1.0
3916 1.0
3932 1.0
3937 0.8571428571428571
3938 0.14285714285714285
3963 1.0
4020 1.0
4057 1.0
4062 0.9090909090909091
4063 0.09090909090909091
4067 1.0
4083 1.0
4088 1.0
4145 1.0
4166 1.0
4270 1.0
4541 1.0
4557 1.0
4562 1.0
4588 1.0
4682 1.0
4687 1.0
4692 1.0
4707 0.3333333333333333
4708 0.6666666666666666
4713 1.0
4786 1.0
4791 1.0
4890 1.0
4895 1.0
4916 1.0
5156 1.0
5161 1.0
5166 1.0
5281 1.0
5286 1.0
5307 1.0
5312 1.0
5317 1.0
5390 1.0
5411 1.0
5416 1.0
5515 1.0
5520 1.0
5541 1.0
5765 1.0
5781 1.0
5786 1.0
5890 1.0
5895 1.0
5906 1.0
5911 1.0
5932 1.0
5937 1.0
6015 1.0
6031 1.0
6036 1.0
6041 1.0
6057 1.0
6062 1.0
6140 1.0
6145 1.0
6166 1.0
6286 1.0
6395 1.0
6411 1.0
6416 1.0
6421 1.0
6437 1.0
6463 1.0
6515 1.0
6520 1.0
6536 1.0
6541 1.0
6562 1.0
6567 1.0
6588 1.0
6593 1.0
6666 1.0
6687 1.0
6692 1.0
6770 1.0
7020 1.0
7036 1.0
7062 1.0
7088 1.0
7140 1.0
7166 1.0
7187 1.0
7213 1.0
7265 1.0
7270 1.0
7291 1.0
7296 1.0
7312 1.0
7390 1.0
7395 1.0
7661 1.0
7687 1.0
7765 1.0
7770 1.0
7786 1.0
7791 1.0
7807 1.0
7812 1.0
7838 1.0
7890 1.0
7895 1.0
7911 1.0
7916 1.0
7937 1.0
8015 1.0
8020 1.0
8041 1.0
8265 1.0
8281 1.0
8286 1.0
8390 1.0
8406 1.0
8411 1.0
8416 1.0
8432 1.0
8437 1.0
8515 1.0
8531 1.0
8536 1.0
8541 1.0
8546 1.0
8557 1.0
8561 0.25
8562 0.75
8640 1.0
8645 1.0
8666 1.0
8890 1.0
8906 1.0
8911 1.0
9015 1.0
9036 1.0
9056 0.6666666666666666
9057 0.3333333333333333
9062 1.0
9140 1.0
9156 1.0
9161 1.0
9166 1.0
9181 0.3333333333333333
9182 0.6666666666666666
9187 1.0
9265 1.0
9270 1.0
9286 1.0
9291 1.0
9416 1.0
9442 1.0
9515 1.0
9541 1.0
9562 1.0
9567 1.0
9588 1.0
9687 1.0
9692 1.0
9713 1.0
9766 1.0
9770 1.0
9791 1.0
9796 1.0
9895 1.0
9916 1.0
10161 1.0
10166 1.0
10187 1.0
10213 1.0
10265 1.0
10270 1.0
10286 1.0
10312 1.0
10317 1.0
10338 1.0
10390 1.0
10395 1.0
10411 1.0
10416 1.0
10437 1.0
10442 1.0
10515 1.0
10520 1.0
10541 1.0
10546 1.0
10760 1.0
10765 1.0
10786 1.0
10791 1.0
10890 1.0
10911 1.0
10916 1.0
10932 1.0
10936 0.07142857142857142
10937 0.9285714285714286
11036 1.0
11041 1.0
11046 1.0
11062 1.0
11140 1.0
11145 0.8
11146 0.2
11385 1.0
11411 1.0
11510 1.0
11520 1.0
11536 1.0
11541 1.0
11557 1.0
11562 1.0
11640 1.0
11661 1.0
11666 1.0
11682 1.0
11687 1.0
11765 1.0
11770 1.0
12010 1.0
12031 1.0
12036 1.0
12140 1.0
12156 1.0
12161 1.0
12181 0.3333333333333333
12182 0.6666666666666666
12186 0.5
12187 0.5
12270 1.0
12281 1.0
12286 1.0
12291 1.0
12307 1.0
12390 1.0
12395 1.0
12416 1.0
12645 1.0
12661 1.0
12666 1.0
12692 1.0
12770 1.0
12791 1.0
12812 1.0
12817 1.0
12838 1.0
12843 1.0
12890 1.0
12916 1.0
12921 1.0
12937 1.0
12942 1.0
13020 1.0
13265 1.0
13286 1.0
13291 1.0
13312 1.0
13390 1.0
13395 1.0
13411 1.0
13437 1.0
13442 1.0
13463 1.0
13515 1.0
13520 1.0
13536 1.0
13541 1.0
13546 1.0
13562 1.0
13645 1.0
13666 1.0
13671 1.0
13885 1.0
13895 1.0
13911 1.0
13937 1.0
14020 1.0
14036 1.0
14041 1.0
14057 1.0
14061 0.06666666666666667
14062 0.9333333333333333
14140 1.0
14145 1.0
14161 1.0
14166 1.0
14187 1.0
14265 1.0
14270 1.0
14291 1.0
14515 1.0
14536 1.0
14640 1.0
14645 1.0
14661 1.0
14666 1.0
14687 1.0
14765 1.0
14770 1.0
14786 1.0
14791 1.0
14812 1.0
14890 1.0
14895 1.0
14911 1.0
14916 1.0
15140 1.0
15260 1.0
15265 1.0
15281 1.0
15286 1.0
15307 1.0
15311 0.5
15312 0.5
15385 1.0
15390 1.0
15411 1.0
15416 1.0
15431 0.2
15432 0.8
15436 0.5
15437 0.5
15515 1.0
15520 1.0
15541 1.0
15682 1.0
15687 1.0
15708 1.0
15713 1.0
15729 1.0
15734 1.0
15739 1.0
15833 1.0
15859 1.0
16286 1.0
16307 1.0
16312 1.0
16333 1.0
16359 1.0
16453 1.0
16458 1.0
16463 1.0
16479 1.0
16484 1.0
16583 1.0
16906 1.0
16932 1.0
17057 1.0
17078 1.0
17083 1.0
17108 0.5
17109 0.5
17203 1.0
17531 1.0
17656 1.0
17677 1.0
17682 1.0
17702 0.125
17703 0.875
17707 0.21428571428571427
17708 0.7857142857142857
17802 1.0
17807 1.0
17827 0.4
17828 0.6
17832 0.25
17833 0.75
18276 1.0
18281 1.0
18301 0.25
18302 0.75
18307 1.0
18328 1.0
18333 1.0
18427 1.0
18432 1.0
18452 0.7142857142857143
18453 0.2857142857142857
18552 1.0
18557 1.0
18786 1.0
18807 1.0
18812 1.0
18833 1.0
18838 1.0
18859 1.0
18864 1.0
18958 1.0
18963 1.0
18984 1.0
18989 1.0
19406 1.0
19411 1.0
19432 1.0
19458 1.0
19562 1.0
19583 1.0
19588 1.0
19608 0.2857142857142857
19609 0.7142857142857143
20031 1.0
20036 1.0
20057 1.0
20156 1.0
20182 1.0
20203 1.0
20208 1.0
20307 1.0
20328 1.0
20332 0.42857142857142855
20333 0.5714285714285714
20656 1.0
20661 1.0
20781 1.0
20786 1.0
20801 1.0
20807 1.0
20833 1.0
20927 1.0
20932 1.0
20953 1.0
20957 0.3333333333333333
20958 0.6666666666666666
21281 1.0
21406 1.0
21431 0.14285714285714285
21432 0.8571428571428571
21552 1.0
21557 1.0
21578 1.0
21583 1.0
21677 1.0
21911 1.0
21937 1.0
21958 1.0
21963 1.0
21989 1.0
22083 1.0
22088 1.0
22109 1.0
22114 1.0
22557 1.0
22562 1.0
22656 1.0
22682 1.0
22687 1.0
22708 1.0
22713 1.0
22733 0.5
22734 0.5
22833 1.0
23156 1.0
23161 1.0
23182 1.0
23281 1.0
23306 0.09090909090909091
23307 0.9090909090909091
23332 0.16666666666666666
23333 0.8333333333333334
23432 1.0
23458 1.0
23462 1.0
23786 1.0
23906 1.0
23911 1.0
23932 1.0
23937 1.0
23958 1.0
24052 1.0
24057 1.0
24062 1.0
24077 1.0
24082 0.3333333333333333
24083 0.6666666666666666
24177 1.0
24526 1.0
24531 1.0
24556 0.25
24557 0.75
24677 1.0
24681 0.04
24682 0.96
24703 1.0
24802 1.0
24807 1.0
25036 1.0
25041 1.0
25062 1.0
25182 1.0
25187 1.0
25208 1.0
25213 1.0
25234 1.0
25239 1.0
25333 1.0
25661 1.0
25687 1.0
25781 1.0
25786 1.0
25807 1.0
25812 1.0
25833 1.0
25838 1.0
25932 1.0
25958 1.0
25963 1.0
26286 1.0
26411 1.0
26432 1.0
26437 1.0
26458 1.0
26463 1.0
26557 1.0
26562 1.0
26582 0.3333333333333333
26583 0.6666666666666666
26911 1.0
27031 1.0
27036 1.0
27057 1.0
27177 1.0
27182 1.0
27187 1.0
27207 0.5
27208 0.5
27656 1.0
27661 1.0
27682 1.0
27802 1.0
27806 0.03125
27807 0.96875
27812 1.0
27927 1.0
27932 1.0
28161 1.0
28286 1.0
28307 1.0
28312 1.0
28333 1.0
28338 1.0
28343 1.0
28364 1.0
28458 1.0
28463 1.0
28786 1.0
28812 1.0
28911 1.0
28932 1.0
28937 1.0
28958 1.0
28963 1.0
28988 1.0
29057 1.0
29062 1.0
29083 1.0
29088 1.0
29411 1.0
29437 1.0
29531 1.0
29536 1.0
29557 1.0
29582 0.16666666666666666
29583 0.8333333333333334
29682 1.0
29687 1.0
29707 0.5
29708 0.5
29713 1.0
30156 1.0
30182 1.0
30306 0.045454545454545456
30307 0.9545454545454546
30312 1.0
30432 1.0
30781 1.0
30786 1.0
30906 1.0
30931 0.06666666666666667
30932 0.9333333333333333
30937 1.0
31052 1.0
31057 1.0
31281 1.0
31307 1.0
31312 1.0
31333 1.0
31354 1.0
31359 1.0
31927 1.0
31932 1.0
31953 1.0
31958 1.0
31979 1.0
31983 0.05263157894736842
31984 0.9473684210526315
32078 1.0
32103 0.16666666666666666
32104 0.8333333333333334
32109 1.0
32531 1.0
32552 1.0
32557 1.0
32578 1.0
32583 1.0
32604 1.0
32677 1.0
32703 1.0
32708 1.0
32728 0.5
32729 0.5
33156 1.0
33177 1.0
33182 1.0
33302 1.0
33327 0.2
33328 0.8
33333 1.0
33427 1.0
33452 0.08333333333333333
33453 0.9166666666666666
33776 1.0
33901 1.0
33926 0.25
33927 0.75
33952 0.5
33953 0.5
34052 1.0
34077 0.6363636363636364
34078 0.36363636363636365
34432 1.0
34437 1.0
34458 1.0
34463 1.0
34484 1.0
34489 1.0
34583 1.0
34609 1.0
35031 1.0
35036 1.0
35057 1.0
35083 1.0
35109 1.0
35114 1.0
35203 1.0
35208 1.0
35229 1.0
35233 0.29411764705882354
35234 0.7058823529411765
35656 1.0
35681 0.3333333333333333
35682 0.6666666666666666
35703 1.0
35802 1.0
35807 1.0
35827 0.08333333333333333
35828 0.9166666666666666
35833 1.0
35854 1.0
35858 0.5
35859 0.5
35953 1.0
36281 1.0
36306 0.5
36307 0.5
36427 1.0
36431 0.14285714285714285
36432 0.8571428571428571
36452 0.18181818181818182
36453 0.8181818181818182
36458 1.0
36552 1.0
36577 0.7
36578 0.3
36906 1.0
37026 1.0
37052 1.0
37056 1.0
37177 1.0
37202 0.75
37203 0.25
37536 1.0
37557 1.0
37562 1.0
37583 1.0
37588 1.0
37609 1.0
37614 1.0
37708 1.0
37734 1.0
38156 1.0
38182 1.0
38208 1.0
38213 1.0
38234 1.0
38307 1.0
38328 1.0
38333 1.0
38358 0.125
38359 0.875
38781 1.0
38807 1.0
38833 1.0
38927 1.0
38932 1.0
38953 1.0
38957 0.041666666666666664
38958 0.9583333333333334
38984 1.0
39078 1.0
39083 1.0
39406 1.0
39526 1.0
39552 1.0
39557 1.0
39578 1.0
39582 0.2
39583 0.8
39677 1.0
39702 0.5714285714285714
39703 0.42857142857142855
39708 1.0
40031 1.0
40151 1.0
40156 1.0
40176 1.0
40182 1.0
40302 1.0
40307 1.0
40327 1.0
40427 1.0
40661 1.0
40682 1.0
40687 1.0
40708 1.0
40713 1.0
40734 1.0
40739 1.0
40833 1.0
40838 1.0
40859 1.0
40864 1.0
41281 1.0
41307 1.0
41312 1.0
41432 1.0
41458 1.0
41483 0.2857142857142857
41484 0.7142857142857143
41906 1.0
41911 1.0
41932 1.0
41937 1.0
42031 1.0
42052 1.0
42057 1.0
42078 1.0
42082 0.07692307692307693
42083 0.9230769230769231
42109 1.0
42182 1.0
42202 0.5
42203 0.5
42208 1.0
42531 1.0
42651 1.0
42656 1.0
42677 1.0
42682 1.0
42708 1.0
42802 1.0
42807 1.0
42827 0.3333333333333333
42828 0.6666666666666666
42832 0.1111111111111111
42833 0.8888888888888888
43156 1.0
43276 1.0
43281 1.0
43302 1.0
43307 1.0
43427 1.0
43432 1.0
43457 1.0
43552 1.0
43807 1.0
43812 1.0
43838 1.0
43864 1.0
43958 1.0
43963 1.0
43984 1.0
43989 1.0
44411 1.0
44432 1.0
44437 1.0
44557 1.0
44583 1.0
44588 1.0
44608 1.0
44614 1.0
44708 1.0
45031 1.0
45062 1.0
45156 1.0
45182 1.0
45207 0.09523809523809523
45208 0.9047619047619048
45307 1.0
45333 1.0
45661 1.0
45781 1.0
45807 1.0
45833 1.0
45927 1.0
45932 1.0
45953 1.0
45958 1.0
46401 1.0
46406 1.0
46432 1.0
46552 1.0
46557 1.0
46677 1.0
46932 1.0
46937 1.0
46958 1.0
46963 1.0
46979 1.0
46984 1.0
46989 1.0
47557 1.0
47578 1.0
47583 1.0
47603 0.1
47604 0.9
47609 1.0
47703 1.0
47729 1.0
48156 1.0
48177 1.0
48182 1.0
48203 1.0
48208 1.0
48229 1.0
48328 1.0
48353 0.16666666666666666
48354 0.8333333333333334
48802 1.0
48807 1.0
48927 1.0
48952 0.15384615384615385
48953 0.8461538461538461
48978 1.0
49077 0.2
49078 0.8
49401 1.0
49426 1.0
49526 1.0
49552 1.0
49577 0.3076923076923077
49578 0.6923076923076923
49677 1.0
49702 0.9230769230769231
49703 0.07692307692307693
49802 1.0
50057 1.0
50062 1.0
50082 0.25
50083 0.75
50088 1.0
50104 1.0
50109 1.0
50114 1.0
50682 1.0
50703 1.0
50708 1.0
50728 0.5
50729 0.5
50734 1.0
50802 1.0
50828 1.0
50833 1.0
50854 1.0
50859 1.0
51281 1.0
51302 1.0
51307 1.0
51333 1.0
51358 1.0
51452 0.09090909090909091
51453 0.9090909090909091
51458 1.0
51478 0.42857142857142855
51479 0.5714285714285714
51483 0.5
51484 0.5
51578 1.0
51927 1.0
51932 1.0
52052 1.0
52077 0.09523809523809523
52078 0.9047619047619048
52083 1.0
52202 0.5
52203 0.5
52526 1.0
52531 1.0
52556 1.0
52651 1.0
52677 1.0
52702 0.2
52703 0.8
52802 1.0
52827 0.6666666666666666
52828 0.3333333333333333
53182 1.0
53187 1.0
53208 1.0
53234 1.0
53239 1.0
53359 1.0
53807 1.0
53812 1.0
53833 1.0
53859 1.0
53953 1.0
53958 1.0
53979 1.0
53984 1.0
54406 1.0
54432 1.0
54578 1.0
54583 1.0
54609 1.0
54703 1.0
55031 1.0
55057 1.0
55151 1.0
55156 1.0
55176 0.125
55177 0.875
55182 1.0
55202 0.2
55203 0.8
55208 1.0
55302 1.0
55327 0.36363636363636365
55328 0.6363636363636364
55651 1.0
55776 1.0
55781 1.0
55801 0.2
55802 0.8
55827 0.5
55828 0.5
55832 1.0
55927 1.0
55952 1.0
56052 1.0
56307 1.0
56312 1.0
56333 1.0
56338 1.0
56359 1.0
56364 1.0
56458 1.0
56484 1.0
56906 1.0
56932 1.0
56937 1.0
56958 1.0
56963 1.0
56984 1.0
57057 1.0
57078 1.0
57083 1.0
57103 1.0
57108 0.09090909090909091
57109 0.9090909090909091
57557 1.0
57651 1.0
57677 1.0
57702 0.08333333333333333
57703 0.9166666666666666
57708 1.0
57733 0.5
57734 0.5
57828 1.0
57833 1.0
58156 1.0
58281 1.0
58301 0.1
58302 0.9
58307 1.0
58327 0.2
58328 0.8
58332 0.4
58333 0.6
58427 1.0
58452 0.25
58453 0.75
58901 1.0
58906 1.0
58927 1.0
59052 1.0
59077 1.0
59177 1.0
59432 1.0
59437 1.0
59458 1.0
59463 1.0
59484 1.0
59583 1.0
59608 0.1111111111111111
59609 0.8888888888888888
59614 1.0
60031 1.0
60057 1.0
60062 1.0
60083 1.0
60203 1.0
60208 1.0
60213 1.0
60233 0.4
60234 0.6
60656 1.0
60682 1.0
60802 1.0
60807 1.0
60827 0.4
60828 0.6
60832 0.03333333333333333
60833 0.9666666666666667
60858 1.0
60927 1.0
60952 0.5
60953 0.5
60958 1.0
61401 1.0
61406 1.0
61427 1.0
61432 1.0
61453 1.0
61457 0.5
61458 0.5
61552 1.0
61557 1.0
61577 0.18181818181818182
61578 0.8181818181818182
61583 1.0
61906 1.0
62026 1.0
62031 1.0
62051 0.2
62052 0.8
62177 1.0
62182 1.0
62203 1.0
62302 1.0
62557 1.0
62562 1.0
62583 1.0
62588 1.0
62604 1.0
62609 1.0
63177 1.0
63182 1.0
63203 1.0
63208 1.0
63229 1.0
63234 1.0
63354 1.0
63802 1.0
63807 1.0
63828 1.0
63854 1.0
63953 1.0
63978 0.5555555555555556
63979 0.4444444444444444
64427 1.0
64453 1.0
64552 1.0
64577 0.02564102564102564
64578 0.9743589743589743
64603 1.0
64702 0.08333333333333333
64703 0.9166666666666666
65026 1.0
65151 1.0
65177 1.0
65202 0.25
65203 0.75
65302 1.0
65327 0.8
65328 0.2
65427 1.0
65682 1.0
65687 1.0
65708 1.0
65728 0.5
65729 0.5
65734 1.0
65739 1.0
66302 1.0
66307 1.0
66328 1.0
66333 1.0
66353 0.05263157894736842
66354 0.9473684210526315
66359 1.0
66453 1.0
66479 1.0
66906 1.0
66927 1.0
66932 1.0
66952 0.25
66953 0.75
66984 1.0
67052 1.0
67078 1.0
67103 0.3333333333333333
67104 0.6666666666666666
67552 1.0
67557 1.0
67677 1.0
67702 0.047619047619047616
67703 0.9523809523809523
67728 1.0
67802 1.0
67827 0.14285714285714285
67828 0.8571428571428571
68151 1.0
68156 1.0
68177 1.0
68301 0.09090909090909091
68302 0.9090909090909091
68327 0.5
68328 0.5
68427 1.0
68452 0.8
68453 0.2
68552 1.0
68807 1.0
68812 1.0
68833 1.0
68838 1.0
68854 1.0
68858 0.029411764705882353
68859 0.9705882352941176
68864 1.0
68979 1.0
69427 1.0
69432 1.0
69437 1.0
69458 1.0
69483 0.0625
69484 0.9375
69578 1.0
69604 1.0
69609 1.0
70031 1.0
70052 1.0
70056 0.2
70057 0.8
70078 1.0
70083 1.0
70177 1.0
70203 1.0
70208 1.0
70228 0.5
70229 0.5
70234 1.0
70677 1.0
70682 1.0
70801 0.14285714285714285
70802 0.8571428571428571
70827 0.15
70828 0.85
70833 1.0
70927 1.0
70952 0.42857142857142855
70953 0.5714285714285714
71276 1.0
71281 1.0
71307 1.0
71401 1.0
71426 0.14285714285714285
71427 0.8571428571428571
71452 0.6666666666666666
71453 0.3333333333333333
71552 1.0
71577 0.6666666666666666
71578 0.3333333333333333
71677 1.0
71911 1.0
71932 1.0
71937 1.0
71958 1.0
71963 1.0
71984 1.0
71989 1.0
72083 1.0
72109 1.0
72557 1.0
72562 1.0
72583 1.0
72608 0.5
72609 0.5
72703 1.0
72708 1.0
72729 1.0
72734 1.0
73177 1.0
73182 1.0
73302 1.0
73307 1.0
73328 1.0
73333 1.0
73354 1.0
73358 0.5
73359 0.5
73453 1.0
73781 1.0
73802 1.0
73807 1.0
73901 1.0
73927 1.0
73952 0.17647058823529413
73953 0.8235294117647058
73958 1.0
74052 1.0
74077 0.2222222222222222
74078 0.7777777777777778
74401 1.0
74406 1.0
74427 1.0
74526 1.0
74551 0.14285714285714285
74552 0.8571428571428571
74677 1.0
74702 0.7142857142857143
74703 0.2857142857142857
74802 1.0
75036 1.0
75057 1.0
75062 1.0
75083 1.0
75088 1.0
75109 1.0
75114 1.0
75208 1.0
75234 1.0
75656 1.0
75682 1.0
75708 1.0
75734 1.0
75828 1.0
75833 1.0
75854 1.0
75858 0.05555555555555555
75859 0.9444444444444444
76281 1.0
76307 1.0
76432 1.0
76452 0.058823529411764705
76453 0.9411764705882353
76457 0.07142857142857142
76458 0.9285714285714286
76484 1.0
76578 1.0
76906 1.0
77026 1.0
77052 1.0
77077 0.18181818181818182
77078 0.8181818181818182
77083 1.0
77177 1.0
77202 0.42857142857142855
77203 0.5714285714285714
77651 1.0
77656 1.0
77676 0.5
77677 0.5
77702 1.0
77802 1.0
77827 0.8
77828 0.2
77927 1.0
