0 1.0
6 1.0
25 0.9666666666666667
26 0.03333333333333333
31 1.0
37 1.0
50 0.9807692307692307
51 0.019230769230769232
56 0.9754098360655737
57 0.02459016393442623
62 0.9807692307692307
63 0.019230769230769232
68 1.0
75 0.9736842105263158
76 0.02631578947368421
81 0.9738219895287958
82 0.02617801047120419
87 0.9633507853403142
88 0.03664921465968586
93 1.0
100 0.972972972972973
101 0.02702702702702703
106 0.9797297297297297
107 0.02027027027027027
112 1.0
118 1.0
125 0.9230769230769231
126 0.07692307692307693
131 1.0
137 1.0
143 1.0
149 1.0
150 1.0
156 0.95
157 0.05
162 0.9339622641509434
163 0.0660377358490566
168 0.9510204081632653
169 0.04897959183673469
174 1.0
181 0.8333333333333334
182 0.16666666666666666
187 0.9177215189873418
188 0.08227848101265822
193 0.9618768328445748
194 0.03812316715542522
199 1.0
212 0.95
213 0.05
218 1.0
250 0.8
251 0.2
256 0.9583333333333334
257 0.041666666666666664
262 1.0
268 0.8888888888888888
269 0.1111111111111111
274 1.0
281 1.0
287 0.9696969696969697
288 0.030303030303030304
293 0.9285714285714286
294 0.07142857142857142
299 1.0
375 1.0
381 1.0
387 0.9142857142857143
388 0.08571428571428572
393 0.890625
394 0.109375
399 1.0
412 1.0
418 1.0
424 1.0
500 1.0
506 0.9411764705882353
507 0.058823529411764705
512 1.0
518 0.9444444444444444
519 0.05555555555555555
524 1.0
