37 1.0
56 1.0
62 1.0
87 1.0
143 1.0
156 1.0
162 1.0
168 1.0
186 0.11764705882352941
187 0.8823529411764706
192 0.5
193 0.5
206 1.0
211 0.15789473684210525
212 0.8421052631578947
237 1.0
274 1.0
287 1.0
293 1.0
306 1.0
311 0.26666666666666666
312 0.7333333333333333
317 0.2222222222222222
318 0.7777777777777778
331 1.0
336 0.1
337 0.9
393 1.0
399 1.0
412 1.0
417 0.1
418 0.9
424 1.0
437 1.0
443 1.0
518 1.0
523 0.06666666666666667
524 0.9333333333333333
543 1.0
549 1.0
668 1.0
687 1.0
692 0.3333333333333333
693 0.6666666666666666
768 1.0
781 1.0
787 1.0
792 0.1111111111111111
793 0.8888888888888888
806 1.0
812 1.0
818 1.0
837 1.0
862 1.0
893 1.0
899 1.0
912 1.0
917 0.2
918 0.8
924 1.0
931 1.0
936 0.09615384615384616
937 0.9038461538461539
942 0.5454545454545454
943 0.45454545454545453
956 1.0
961 0.13333333333333333
962 0.8666666666666667
1018 1.0
1023 0.3333333333333333
1024 0.6666666666666666
1037 1.0
1042 0.043478260869565216
1043 0.9565217391304348
1048 0.6666666666666666
1049 0.3333333333333333
1056 1.0
1062 1.0
1068 1.0
1143 1.0
1148 0.09090909090909091
1149 0.9090909090909091
1168 1.0
1174 1.0
1287 1.0
1393 1.0
1399 1.0
1412 1.0
1417 0.2222222222222222
1418 0.7777777777777778
1423 0.5
1424 0.5
1437 1.0
1443 1.0
1462 1.0
1467 1.0
1518 1.0
1524 1.0
1537 1.0
1542 0.3
1543 0.7
1548 0.5
1549 0.5
1556 1.0
1561 0.08888888888888889
1562 0.9111111111111111
1567 0.45454545454545453
1568 0.5454545454545454
1587 1.0
1593 1.0
1643 1.0
1649 1.0
1662 1.0
1667 0.12
1668 0.88
1673 0.2857142857142857
1674 0.7142857142857143
1681 1.0
1686 0.16666666666666666
1687 0.8333333333333334
1693 1.0
1768 1.0
1774 1.0
1787 1.0
1793 1.0
1798 1.0
1918 1.0
2012 1.0
2018 1.0
2036 0.1111111111111111
2037 0.8888888888888888
2043 1.0
2062 1.0
2067 0.3333333333333333
2068 0.6666666666666666
2092 1.0
2137 1.0
2143 1.0
2149 1.0
2156 1.0
2162 1.0
2168 1.0
2187 1.0
2192 0.16666666666666666
2193 0.8333333333333334
2212 1.0
2268 1.0
2274 1.0
2287 1.0
2292 0.05128205128205128
2293 0.9487179487179487
2298 0.25
2299 0.75
2311 0.2857142857142857
2312 0.7142857142857143
2317 0.25
2318 0.75
2393 1.0
2399 1.0
2418 1.0
2424 1.0
2643 1.0
2649 1.0
2662 1.0
2668 1.0
2687 1.0
2693 1.0
2768 1.0
2774 1.0
2787 1.0
2793 1.0
2812 1.0
2817 0.11764705882352941
2818 0.8823529411764706
2837 1.0
2842 1.0
2893 1.0
2898 0.2
2899 0.8
2912 1.0
2917 0.1
2918 0.9
2923 0.2
2924 0.8
2937 1.0
2943 1.0
3018 1.0
3024 1.0
3042 0.1111111111111111
3043 0.8888888888888888
3049 1.0
3156 1.0
3161 0.4
3162 0.6
3181 1.0
3186 0.09090909090909091
3187 0.9090909090909091
3206 1.0
3212 1.0
3231 1.0
3236 0.5454545454545454
3237 0.45454545454545453
3281 1.0
3305 0.037037037037037035
3306 0.9629629629629629
3311 0.3333333333333333
3312 0.6666666666666666
3325 1.0
3330 0.009708737864077669
3331 0.9902912621359223
3336 0.23809523809523808
3337 0.7619047619047619
3356 1.0
3361 0.3333333333333333
3362 0.6666666666666666
3430 0.0625
3431 0.9375
3450 1.0
3455 0.22580645161290322
3456 0.7741935483870968
3461 1.0
3781 1.0
3786 0.18181818181818182
3787 0.8181818181818182
3793 1.0
3806 1.0
3811 0.125
3812 0.875
3831 1.0
3837 1.0
3856 1.0
3861 0.5
3862 0.5
3906 1.0
3911 0.14285714285714285
3912 0.8571428571428571
3931 1.0
3936 0.625
3937 0.375
3956 1.0
3961 0.14285714285714285
3962 0.8571428571428571
3981 1.0
3986 0.16666666666666666
3987 0.8333333333333334
4055 0.08695652173913043
4056 0.9130434782608695
4062 1.0
4075 1.0
4080 0.041666666666666664
4081 0.9583333333333334
4086 0.75
4087 0.25
4406 1.0
4412 1.0
4418 1.0
4431 1.0
4436 0.15
4437 0.85
4443 1.0
4462 1.0
4487 1.0
4531 1.0
4537 1.0
4556 1.0
4561 0.3684210526315789
4562 0.631578947368421
4581 1.0
4586 0.2
4587 0.8
4606 1.0
4612 1.0
4681 1.0
4686 0.375
4687 0.625
4706 1.0
4711 0.25
4712 0.75
5037 1.0
5043 1.0
5062 1.0
5156 1.0
5162 1.0
5181 1.0
5186 0.16
5187 0.84
5206 1.0
5211 0.1702127659574468
5212 0.8297872340425532
5231 1.0
5237 1.0
5306 1.0
5311 0.3684210526315789
5312 0.631578947368421
5331 1.0
5336 0.2727272727272727
5337 0.7272727272727273
5662 1.0
5668 1.0
5687 1.0
5781 1.0
5786 0.1111111111111111
5787 0.8888888888888888
5793 1.0
5806 1.0
5811 0.058823529411764705
5812 0.9411764705882353
5818 1.0
5831 1.0
5836 0.018518518518518517
5837 0.9814814814814815
5842 0.5
5843 0.5
5862 1.0
5911 1.0
5931 1.0
5936 0.2972972972972973
5937 0.7027027027027027
5956 1.0
5961 0.14285714285714285
5962 0.8571428571428571
6056 1.0
6281 1.0
6286 0.5
6287 0.5
6300 1.0
6306 1.0
6311 0.3333333333333333
6312 0.6666666666666666
6330 0.04
6331 0.96
6337 1.0
6350 1.0
6356 1.0
6361 1.0
6425 1.0
6430 0.7142857142857143
6431 0.2857142857142857
6450 1.0
6455 0.34545454545454546
6456 0.6545454545454545
6475 1.0
6481 1.0
6550 1.0
6575 1.0
6906 1.0
6912 1.0
6925 1.0
6931 1.0
6936 0.3333333333333333
6937 0.6666666666666666
6956 1.0
6961 0.5
6962 0.5
6981 1.0
6987 1.0
7055 0.09090909090909091
7056 0.9090909090909091
7075 1.0
7080 0.12987012987012986
7081 0.8701298701298701
7100 1.0
7105 0.03333333333333333
7106 0.9666666666666667
7175 1.0
7200 1.0
7205 0.8888888888888888
7206 0.1111111111111111
7531 1.0
7537 1.0
7556 1.0
7562 1.0
7581 1.0
7586 0.25
7587 0.75
7606 1.0
7611 0.125
7612 0.875
7655 1.0
7675 1.0
7680 0.14285714285714285
7681 0.8571428571428571
7700 1.0
7705 0.050505050505050504
7706 0.9494949494949495
7712 1.0
7731 1.0
7736 1.0
7806 1.0
7825 1.0
7830 0.4
7831 0.6
8156 1.0
8161 0.16666666666666666
8162 0.8333333333333334
8181 1.0
8186 0.05555555555555555
8187 0.9444444444444444
8206 1.0
8211 0.16666666666666666
8212 0.8333333333333334
8236 0.3333333333333333
8237 0.6666666666666666
8281 1.0
8305 0.05128205128205128
8306 0.9487179487179487
8330 0.010416666666666666
8331 0.9895833333333334
8336 0.2777777777777778
8337 0.7222222222222222
8356 1.0
8362 1.0
8425 1.0
8430 0.1
8431 0.9
8450 1.0
8455 0.3333333333333333
8456 0.6666666666666666
8781 1.0
8786 0.6
8787 0.4
8806 1.0
8812 1.0
8837 1.0
8862 1.0
8906 1.0
8931 1.0
8936 1.0
8956 1.0
8961 0.13793103448275862
8962 0.8620689655172413
8981 1.0
8986 0.1
8987 0.9
9050 1.0
9055 0.17647058823529413
9056 0.8235294117647058
9075 1.0
9081 1.0
9425 1.0
9430 0.05555555555555555
9431 0.9444444444444444
9437 1.0
9450 1.0
9455 0.0625
9456 0.9375
9462 1.0
9475 1.0
9480 0.10526315789473684
9481 0.8947368421052632
9486 0.5
9487 0.5
9550 1.0
9575 1.0
9580 0.5555555555555556
9581 0.4444444444444444
9600 1.0
9605 0.6666666666666666
9606 0.3333333333333333
9700 1.0
10031 1.0
10050 1.0
10056 1.0
10061 0.4
10062 0.6
10081 1.0
10087 1.0
10105 0.03773584905660377
10106 0.9622641509433962
10112 1.0
10175 1.0
10180 1.0
10200 1.0
10205 0.3333333333333333
10206 0.6666666666666666
10225 1.0
10230 0.3157894736842105
10231 0.6842105263157895
10325 1.0
10656 1.0
10675 1.0
10681 1.0
10686 0.16666666666666666
10687 0.8333333333333334
10706 1.0
10711 0.25
10712 0.75
10731 1.0
10737 1.0
10800 1.0
10806 1.0
10825 1.0
10830 0.29310344827586204
10831 0.7068965517241379
10850 1.0
10855 0.10526315789473684
10856 0.8947368421052632
10925 1.0
10950 1.0
11281 1.0
11286 1.0
11306 1.0
11311 0.3076923076923077
11312 0.6923076923076923
11331 1.0
11337 1.0
11356 1.0
11361 0.2222222222222222
11362 0.7777777777777778
11425 1.0
11430 0.5454545454545454
11431 0.45454545454545453
11450 1.0
11455 0.1485148514851485
11456 0.8514851485148515
11462 1.0
11475 1.0
11481 1.0
11486 1.0
11550 1.0
11575 1.0
11580 1.0
11906 1.0
11931 1.0
11936 0.1111111111111111
11937 0.8888888888888888
11956 1.0
11962 1.0
11981 1.0
11986 1.0
12031 1.0
12050 1.0
12055 0.13333333333333333
12056 0.8666666666666667
12075 1.0
12080 0.07142857142857142
12081 0.9285714285714286
12086 0.3333333333333333
12087 0.6666666666666666
12106 1.0
12111 0.4
12112 0.6
12175 1.0
12200 1.0
12205 0.5
12206 0.5
12531 1.0
12550 1.0
12555 0.2727272727272727
12556 0.7272727272727273
12562 1.0
12575 1.0
12580 0.45454545454545453
12581 0.5454545454545454
12587 1.0
12600 1.0
12605 0.11594202898550725
12606 0.8840579710144928
12612 1.0
12675 1.0
12700 1.0
12705 1.0
12725 1.0
12825 1.0
13156 1.0
13175 1.0
13180 0.19047619047619047
13181 0.8095238095238095
13186 0.25
13187 0.75
13200 1.0
13205 0.3333333333333333
13206 0.6666666666666666
13225 1.0
13230 0.07228915662650602
13231 0.927710843373494
13236 0.3333333333333333
13237 0.6666666666666666
13300 1.0
13325 1.0
13330 0.6
13331 0.4
13350 1.0
13355 0.8333333333333334
13356 0.16666666666666666
13450 1.0
13781 1.0
13787 1.0
13800 1.0
13805 0.1
13806 0.9
13811 0.3
13812 0.7
13831 1.0
13837 1.0
13856 1.0
13862 1.0
13925 1.0
13950 1.0
13955 0.5
13956 0.5
13975 1.0
13980 0.3076923076923077
13981 0.6923076923076923
14075 1.0
14406 1.0
14412 1.0
14430 0.13793103448275862
14431 0.8620689655172413
14436 0.125
14437 0.875
14456 1.0
14462 1.0
14481 1.0
14487 1.0
14550 1.0
14555 0.5
14556 0.5
14575 1.0
14580 0.2857142857142857
14581 0.7142857142857143
14600 1.0
14605 0.14705882352941177
14606 0.8529411764705882
14675 1.0
14700 1.0
15031 1.0
15037 1.0
15056 1.0
15061 0.5
15062 0.5
15081 1.0
15086 0.14285714285714285
15087 0.8571428571428571
15106 1.0
15111 0.25
15112 0.75
15175 1.0
15180 0.6666666666666666
15181 0.3333333333333333
15200 1.0
15205 0.21875
15206 0.78125
15231 1.0
15300 1.0
15325 1.0
