57 1.0
62 1.0
67 1.0
83 0.5
84 0.5
88 1.0
114 1.0
187 0.75
188 0.25
208 1.0
213 0.8888888888888888
214 0.1111111111111111
234 1.0
239 1.0
265 1.0
291 1.0
312 1.0
395 1.0
416 1.0
515 1.0
661 1.0
682 1.0
786 1.0
807 1.0
812 1.0
833 1.0
838 1.0
859 1.0
912 1.0
916 1.0
937 1.0
942 1.0
958 1.0
963 1.0
1036 1.0
1041 1.0
1062 1.0
1145 1.0
1166 1.0
1286 1.0
1306 1.0
1406 1.0
1411 1.0
1432 1.0
1458 1.0
1536 1.0
1541 1.0
1557 1.0
1562 1.0
1582 0.2857142857142857
1583 0.7142857142857143
1588 1.0
1661 1.0
1687 1.0
1692 1.0
1765 1.0
1770 1.0
2015 1.0
2031 1.0
2036 1.0
2056 0.25
2057 0.75
2156 1.0
2161 1.0
2181 0.0625
2182 0.9375
2208 1.0
2265 1.0
2270 1.0
2286 1.0
2291 1.0
2307 1.0
2390 1.0
2395 1.0
2416 1.0
2656 1.0
2661 1.0
2770 1.0
2781 1.0
2806 0.1111111111111111
2807 0.8888888888888888
2890 1.0
2911 1.0
2916 1.0
2927 1.0
2932 1.0
3015 1.0
3020 1.0
3036 1.0
3041 1.0
3166 1.0
3187 1.0
3213 1.0
3286 1.0
3291 1.0
3307 1.0
3312 1.0
3333 1.0
3338 1.0
3359 1.0
3364 1.0
3416 0.6666666666666666
3417 0.3333333333333333
3437 1.0
3442 1.0
3458 1.0
3520 1.0
3541 1.0
3786 1.0
3812 1.0
3911 1.0
3932 1.0
3937 1.0
3958 1.0
3963 1.0
4020 1.0
4057 1.0
4062 1.0
4083 1.0
4088 1.0
4145 1.0
4166 1.0
4270 1.0
4536 1.0
4541 1.0
4557 1.0
4562 1.0
4583 1.0
4588 1.0
4682 1.0
4687 1.0
4692 1.0
4708 1.0
4712 1.0
4786 1.0
4791 1.0
4890 1.0
4895 1.0
4916 1.0
5156 1.0
5161 1.0
5166 1.0
5281 1.0
5286 1.0
5307 1.0
5312 1.0
5390 1.0
5411 1.0
5416 1.0
5431 0.5
5432 0.5
5515 1.0
5520 1.0
5541 1.0
5765 1.0
5781 1.0
5786 1.0
5885 1.0
5895 1.0
5906 1.0
5911 1.0
5931 0.25
5932 0.75
6010 1.0
6015 1.0
6031 1.0
6036 1.0
6041 1.0
6057 1.0
6062 1.0
6140 1.0
6145 1.0
6166 1.0
6286 1.0
6395 1.0
6411 1.0
6416 1.0
6421 1.0
6437 1.0
6463 1.0
6515 1.0
6520 1.0
6536 1.0
6541 1.0
6562 1.0
6567 1.0
6588 1.0
6593 1.0
6666 1.0
6692 1.0
6770 1.0
7015 1.0
7036 1.0
7062 1.0
7088 1.0
7140 1.0
7166 1.0
7182 1.0
7187 1.0
7208 1.0
7213 1.0
7265 1.0
7270 1.0
7286 1.0
7291 1.0
7296 1.0
7312 1.0
7390 1.0
7395 1.0
7661 1.0
7687 1.0
7765 1.0
7770 1.0
7781 1.0
7786 1.0
7791 1.0
7807 1.0
7812 1.0
7838 1.0
7890 1.0
7895 1.0
7911 1.0
7916 1.0
7937 1.0
8015 1.0
8041 1.0
8265 1.0
8281 1.0
8286 1.0
8390 1.0
8406 1.0
8411 1.0
8416 1.0
8431 0.14285714285714285
8432 0.8571428571428571
8437 1.0
8515 1.0
8531 1.0
8536 1.0
8541 1.0
8546 1.0
8557 1.0
8562 1.0
8640 1.0
8645 1.0
8666 1.0
8885 1.0
8890 1.0
8906 1.0
8911 1.0
9015 1.0
9031 1.0
9036 1.0
9056 0.3333333333333333
9057 0.6666666666666666
9140 1.0
9156 1.0
9161 1.0
9166 1.0
9182 1.0
9187 1.0
9265 1.0
9270 1.0
9286 1.0
9291 1.0
9416 1.0
9442 1.0
9515 1.0
9541 1.0
9562 1.0
9567 1.0
9588 1.0
9687 1.0
9692 1.0
9713 1.0
9770 1.0
9791 1.0
9796 1.0
9895 1.0
9916 1.0
10161 1.0
10166 1.0
10187 1.0
10213 1.0
10265 1.0
10270 1.0
10286 1.0
10312 1.0
10317 1.0
10338 1.0
10390 1.0
10395 1.0
10411 1.0
10416 1.0
10437 1.0
10442 1.0
10515 1.0
10520 1.0
10541 1.0
10546 1.0
10760 1.0
10765 1.0
10786 1.0
10791 1.0
10890 1.0
10906 1.0
10911 1.0
10916 1.0
10932 1.0
10937 1.0
11036 1.0
11041 1.0
11057 1.0
11062 1.0
11140 1.0
11145 1.0
11171 1.0
11411 1.0
11510 1.0
11520 1.0
11531 1.0
11536 1.0
11557 1.0
11561 0.3333333333333333
11562 0.6666666666666666
11640 1.0
11661 1.0
11666 1.0
11682 1.0
11686 1.0
11760 1.0
11770 1.0
12010 1.0
12031 1.0
12036 1.0
12140 1.0
12156 1.0
12161 1.0
12182 1.0
12265 1.0
12270 1.0
12281 1.0
12286 1.0
12291 1.0
12307 1.0
12390 1.0
12395 1.0
12416 1.0
12645 1.0
12661 1.0
12666 1.0
12687 1.0
12692 1.0
12770 1.0
12791 1.0
12812 1.0
12817 1.0
12838 1.0
12843 1.0
12890 1.0
12916 1.0
12937 1.0
12942 1.0
13020 1.0
13265 1.0
13286 1.0
13291 1.0
13312 1.0
13390 1.0
13395 1.0
13411 1.0
13437 1.0
13463 1.0
13515 1.0
13520 1.0
13536 1.0
13541 1.0
13562 1.0
13645 1.0
13666 1.0
13671 1.0
13885 1.0
13895 1.0
13911 1.0
13937 1.0
14020 1.0
14036 1.0
14041 1.0
14057 1.0
14062 1.0
14140 1.0
14145 1.0
14161 1.0
14166 1.0
14187 1.0
14265 1.0
14270 1.0
14291 1.0
14515 1.0
14640 1.0
14645 1.0
14656 1.0
14661 1.0
14666 1.0
14687 1.0
14765 1.0
14770 1.0
14786 1.0
14791 1.0
14811 0.25
14812 0.75
14890 1.0
14895 1.0
14911 1.0
14916 1.0
15135 1.0
15260 1.0
15265 1.0
15281 1.0
15286 1.0
15385 1.0
15390 1.0
15406 1.0
15411 1.0
15416 1.0
15432 1.0
15436 1.0
15515 1.0
15520 1.0
15541 1.0
15682 1.0
15687 1.0
15708 1.0
15713 1.0
15729 1.0
15734 1.0
15739 1.0
15833 1.0
15859 1.0
16281 1.0
16306 0.14285714285714285
16307 0.8571428571428571
16312 1.0
16332 0.16666666666666666
16333 0.8333333333333334
16354 1.0
16358 0.2
16359 0.8
16453 1.0
16458 1.0
16478 0.16666666666666666
16479 0.8333333333333334
16483 0.4
16484 0.6
16583 1.0
16906 1.0
16932 1.0
17052 1.0
17057 1.0
17078 1.0
17082 0.05
17083 0.95
17108 0.5
17109 0.5
17203 1.0
17531 1.0
17656 1.0
17677 1.0
17682 1.0
17702 0.25
17703 0.75
17708 1.0
17802 1.0
17807 1.0
17827 0.4
17828 0.6
17927 1.0
18276 1.0
18281 1.0
18302 1.0
18307 1.0
18426 0.025
18427 0.975
18432 1.0
18452 0.5
18453 0.5
18552 1.0
18786 1.0
18807 1.0
18812 1.0
18833 1.0
18838 1.0
18859 1.0
18864 1.0
18958 1.0
18963 1.0
18984 1.0
18989 1.0
19406 1.0
19411 1.0
19432 1.0
19458 1.0
19557 1.0
19562 1.0
19578 1.0
19583 1.0
19588 1.0
19609 1.0
19708 1.0
20031 1.0
20036 1.0
20057 1.0
20156 1.0
20182 1.0
20203 1.0
20208 1.0
20302 1.0
20307 1.0
20328 1.0
20333 1.0
20656 1.0
20661 1.0
20776 1.0
20781 1.0
20801 0.5
20802 0.5
20806 0.25
20807 0.75
20927 1.0
20932 1.0
20952 0.5
20953 0.5
20957 0.5
20958 0.5
21052 1.0
21281 1.0
21401 1.0
21406 1.0
21432 1.0
21551 0.038461538461538464
21552 0.9615384615384616
21557 1.0
21577 1.0
21676 0.25
21677 0.75
21911 1.0
21932 1.0
21937 1.0
21958 1.0
21963 1.0
21989 1.0
22083 1.0
22088 1.0
22109 1.0
22114 1.0
22562 1.0
22656 1.0
22682 1.0
22687 1.0
22708 1.0
22713 1.0
22734 1.0
22807 1.0
22833 1.0
23156 1.0
23161 1.0
23281 1.0
23307 1.0
23332 0.2857142857142857
23333 0.7142857142857143
23427 1.0
23432 1.0
23453 1.0
23458 1.0
23781 1.0
23906 1.0
23932 1.0
23958 1.0
24052 1.0
24057 1.0
24062 1.0
24083 1.0
24177 1.0
24526 1.0
24531 1.0
24656 1.0
24676 0.07692307692307693
24677 0.9230769230769231
24681 0.11764705882352941
24682 0.8823529411764706
24802 1.0
24806 0.25
24807 0.75
25036 1.0
25041 1.0
25062 1.0
25182 1.0
25187 1.0
25208 1.0
25213 1.0
25234 1.0
25239 1.0
25333 1.0
25661 1.0
25682 1.0
25687 1.0
25781 1.0
25786 1.0
25807 1.0
25812 1.0
25833 1.0
25932 1.0
25957 0.1111111111111111
25958 0.8888888888888888
25963 1.0
26286 1.0
26406 1.0
26411 1.0
26432 1.0
26437 1.0
26458 1.0
26552 1.0
26557 1.0
26562 1.0
26583 1.0
26906 1.0
27031 1.0
27036 1.0
27057 1.0
27177 1.0
27182 1.0
27187 1.0
27208 1.0
27307 1.0
27651 1.0
27656 1.0
27682 1.0
27781 1.0
27802 1.0
27806 0.09090909090909091
27807 0.9090909090909091
27927 1.0
27932 1.0
28161 1.0
28286 1.0
28307 1.0
28312 1.0
28333 1.0
28338 1.0
28343 1.0
28364 1.0
28458 1.0
28462 0.16666666666666666
28463 0.8333333333333334
28786 1.0
28812 1.0
28911 1.0
28932 1.0
28937 1.0
28958 1.0
28962 0.07692307692307693
28963 0.9230769230769231
29057 1.0
29062 1.0
29082 0.2857142857142857
29083 0.7142857142857143
29088 1.0
29406 1.0
29531 1.0
29557 1.0
29562 1.0
29583 1.0
29682 1.0
29687 1.0
29707 0.25
29708 0.75
29713 1.0
30156 1.0
30182 1.0
30281 1.0
30306 0.027777777777777776
30307 0.9722222222222222
30312 1.0
30432 1.0
30781 1.0
30906 1.0
30927 1.0
30931 0.09090909090909091
30932 0.9090909090909091
30937 1.0
31051 0.3333333333333333
31052 0.6666666666666666
31057 1.0
31281 1.0
31307 1.0
31312 1.0
31333 1.0
31354 1.0
31359 1.0
31927 1.0
31932 1.0
31953 1.0
31958 1.0
31978 0.2
31979 0.8
31984 1.0
32078 1.0
32103 0.125
32104 0.875
32109 1.0
32531 1.0
32552 1.0
32556 0.2
32557 0.8
32578 1.0
32583 1.0
32603 1.0
32677 1.0
32703 1.0
32708 1.0
32728 1.0
32828 1.0
33151 1.0
33156 1.0
33177 1.0
33302 1.0
33327 0.2
33328 0.8
33427 1.0
33452 0.29411764705882354
33453 0.7058823529411765
33776 1.0
33901 1.0
33927 1.0
34052 1.0
34077 1.0
34177 1.0
34432 1.0
34437 1.0
34458 1.0
34463 1.0
34479 1.0
34484 1.0
34489 1.0
34583 1.0
34609 1.0
35031 1.0
35057 1.0
35083 1.0
35109 1.0
35203 1.0
35208 1.0
35229 1.0
35233 0.2222222222222222
35234 0.7777777777777778
35656 1.0
35682 1.0
35802 1.0
35827 0.05263157894736842
35828 0.9473684210526315
35833 1.0
35853 1.0
35953 1.0
36276 1.0
36281 1.0
36307 1.0
36401 1.0
36406 1.0
36427 1.0
36432 1.0
36452 0.25
36453 0.75
36458 1.0
36552 1.0
36577 0.6
36578 0.4
36906 1.0
37026 1.0
37052 1.0
37177 1.0
37301 0.25
37302 0.75
37536 1.0
37557 1.0
37562 1.0
37583 1.0
37588 1.0
37609 1.0
37614 1.0
37708 1.0
37734 1.0
38156 1.0
38182 1.0
38208 1.0
38234 1.0
38307 1.0
38328 1.0
38333 1.0
38358 0.16666666666666666
38359 0.8333333333333334
38781 1.0
38901 1.0
38927 1.0
38931 0.2
38932 0.8
38952 0.1
38953 0.9
38958 1.0
38983 1.0
39052 1.0
39077 0.1111111111111111
39078 0.8888888888888888
39406 1.0
39526 1.0
39552 1.0
39557 1.0
39578 1.0
39582 1.0
39677 1.0
39702 0.125
39703 0.875
40151 1.0
40156 1.0
40177 1.0
40182 1.0
40276 1.0
40302 1.0
40307 1.0
40427 1.0
40661 1.0
40682 1.0
40687 1.0
40708 1.0
40713 1.0
40734 1.0
40739 1.0
40833 1.0
40838 1.0
40858 0.1
40859 0.9
40864 1.0
41281 1.0
41307 1.0
41432 1.0
41453 1.0
41457 0.03571428571428571
41458 0.9642857142857143
41483 0.2
41484 0.8
41583 1.0
41906 1.0
41911 1.0
41932 1.0
41937 1.0
42031 1.0
42052 1.0
42057 1.0
42077 0.3333333333333333
42078 0.6666666666666666
42082 0.13333333333333333
42083 0.8666666666666667
42177 1.0
42203 1.0
42207 0.2
42208 0.8
42531 1.0
42651 1.0
42656 1.0
42681 0.07692307692307693
42682 0.9230769230769231
42708 1.0
42802 1.0
42807 1.0
42827 0.25
42828 0.75
42832 1.0
43156 1.0
43276 1.0
43281 1.0
43307 1.0
43401 1.0
43426 0.07142857142857142
43427 0.9285714285714286
43432 1.0
43526 1.0
43552 1.0
43807 1.0
43812 1.0
43838 1.0
43864 1.0
43958 1.0
43963 1.0
43984 1.0
43989 1.0
44411 1.0
44432 1.0
44556 0.5
44557 0.5
44582 0.047619047619047616
44583 0.9523809523809523
44588 1.0
44614 1.0
44708 1.0
45062 1.0
45156 1.0
45182 1.0
45207 0.18181818181818182
45208 0.8181818181818182
45302 1.0
45307 1.0
45333 1.0
45656 1.0
45776 1.0
45781 1.0
45807 1.0
45927 1.0
45932 1.0
45957 0.6666666666666666
45958 0.3333333333333333
46052 1.0
46401 1.0
46406 1.0
46432 1.0
46551 0.13043478260869565
46552 0.8695652173913043
46556 0.14285714285714285
46557 0.8571428571428571
46677 1.0
46932 1.0
46937 1.0
46958 1.0
46963 1.0
46979 1.0
46984 1.0
46989 1.0
47557 1.0
47578 1.0
47583 1.0
47604 1.0
47609 1.0
47703 1.0
47729 1.0
48151 1.0
48156 1.0
48177 1.0
48182 1.0
48208 1.0
48228 0.5
48229 0.5
48327 0.03125
48328 0.96875
48353 0.5
48354 0.5
48452 0.16666666666666666
48453 0.8333333333333334
48802 1.0
48901 1.0
48926 0.1
48927 0.9
48952 0.13043478260869565
48953 0.8695652173913043
49052 1.0
49077 0.4166666666666667
49078 0.5833333333333334
49401 1.0
49526 1.0
49551 0.1111111111111111
49552 0.8888888888888888
49577 1.0
49651 1.0
49677 1.0
49702 0.6666666666666666
49703 0.3333333333333333
49802 1.0
50057 1.0
50062 1.0
50083 1.0
50104 1.0
50109 1.0
50114 1.0
50229 1.0
50682 1.0
50703 1.0
50708 1.0
50729 1.0
50734 1.0
50802 1.0
50828 1.0
50833 1.0
50853 0.1111111111111111
50854 0.8888888888888888
50858 0.3333333333333333
50859 0.6666666666666666
51281 1.0
51302 1.0
51307 1.0
51328 1.0
51333 1.0
51427 1.0
51452 0.034482758620689655
51453 0.9655172413793104
51478 0.5
51479 0.5
51483 1.0
51578 1.0
51901 1.0
51926 0.5
51927 0.5
51932 1.0
52051 0.14285714285714285
52052 0.8571428571428571
52077 0.4
52078 0.6
52177 1.0
52202 0.6666666666666666
52203 0.3333333333333333
52526 1.0
52531 1.0
52651 1.0
52677 1.0
52801 0.024390243902439025
52802 0.975609756097561
52827 1.0
52927 1.0
53182 1.0
53187 1.0
53208 1.0
53234 1.0
53239 1.0
53333 1.0
53359 1.0
53807 1.0
53833 1.0
53859 1.0
53953 1.0
53958 1.0
53978 0.3333333333333333
53979 0.6666666666666666
53983 0.07692307692307693
53984 0.9230769230769231
54406 1.0
54432 1.0
54578 1.0
54583 1.0
54603 1.0
54703 1.0
55031 1.0
55057 1.0
55151 1.0
55177 1.0
55202 0.125
55203 0.875
55302 1.0
55327 0.375
55328 0.625
55776 1.0
55802 1.0
55927 1.0
56051 0.16666666666666666
56052 0.8333333333333334
56307 1.0
56312 1.0
56333 1.0
56338 1.0
56359 1.0
56364 1.0
56458 1.0
56483 0.09090909090909091
56484 0.9090909090909091
56906 1.0
56931 0.14285714285714285
56932 0.8571428571428571
56937 1.0
56958 1.0
56984 1.0
57057 1.0
57078 1.0
57083 1.0
57108 0.1111111111111111
57109 0.8888888888888888
57531 1.0
57552 1.0
57556 0.2
57557 0.8
57651 1.0
57677 1.0
57702 0.07692307692307693
57703 0.9230769230769231
57708 1.0
57729 1.0
57802 1.0
57827 0.2
57828 0.8
58151 1.0
58156 1.0
58276 1.0
58301 0.09090909090909091
58302 0.9090909090909091
58306 1.0
58327 0.5
58328 0.5
58333 1.0
58427 1.0
58452 0.2727272727272727
58453 0.7272727272727273
58901 1.0
59051 0.04
59052 0.96
59176 0.07142857142857142
59177 0.9285714285714286
59432 1.0
59437 1.0
59458 1.0
59463 1.0
59484 1.0
59583 1.0
59609 1.0
59614 1.0
60031 1.0
60057 1.0
60062 1.0
60083 1.0
60182 1.0
60203 1.0
60208 1.0
60213 1.0
60233 0.6666666666666666
60234 0.3333333333333333
60328 1.0
60656 1.0
60682 1.0
60781 1.0
60802 1.0
60807 1.0
60828 1.0
60832 0.05
60833 0.95
60927 1.0
60953 1.0
60958 1.0
61401 1.0
61427 1.0
61432 1.0
61552 1.0
61577 0.375
61578 0.625
62026 1.0
62031 1.0
62052 1.0
62176 0.08823529411764706
62177 0.9117647058823529
62302 1.0
62552 1.0
62557 1.0
62562 1.0
62583 1.0
62604 1.0
62609 1.0
63177 1.0
63182 1.0
63203 1.0
63208 1.0
63229 1.0
63234 1.0
63354 1.0
63802 1.0
63807 1.0
63828 1.0
63854 1.0
63953 1.0
63978 0.16666666666666666
63979 0.8333333333333334
64078 1.0
64426 0.4
64427 0.6
64551 0.42857142857142855
64552 0.5714285714285714
64577 0.2
64578 0.8
64677 1.0
64702 0.17647058823529413
64703 0.8235294117647058
64802 1.0
65026 1.0
65151 1.0
65177 1.0
65202 1.0
65301 0.047619047619047616
65302 0.9523809523809523
65327 1.0
65426 0.2222222222222222
65427 0.7777777777777778
65682 1.0
65687 1.0
65703 1.0
65708 1.0
65729 1.0
65734 1.0
65739 1.0
66302 1.0
66307 1.0
66328 1.0
66333 1.0
66353 0.1
66354 0.9
66359 1.0
66453 1.0
66478 0.1111111111111111
66479 0.8888888888888888
66906 1.0
66927 1.0
66932 1.0
66953 1.0
66978 1.0
67052 1.0
67077 0.07407407407407407
67078 0.9259259259259259
67103 0.5
67104 0.5
67203 1.0
67526 1.0
67551 0.3333333333333333
67552 0.6666666666666666
67556 1.0
67651 1.0
67677 1.0
67702 0.07692307692307693
67703 0.9230769230769231
67802 1.0
67827 0.42857142857142855
67828 0.5714285714285714
67927 1.0
68151 1.0
68276 1.0
68301 0.4
68302 0.6
68426 0.05555555555555555
68427 0.9444444444444444
68551 0.1111111111111111
68552 0.8888888888888888
68807 1.0
68812 1.0
68833 1.0
68838 1.0
68859 1.0
68864 1.0
68979 1.0
68984 1.0
69427 1.0
69432 1.0
69453 1.0
69458 1.0
69479 1.0
69484 1.0
69578 1.0
69583 1.0
69604 1.0
69609 1.0
70026 1.0
70031 1.0
70052 1.0
70057 1.0
70083 1.0
70177 1.0
70202 0.045454545454545456
70203 0.9545454545454546
70208 1.0
70228 1.0
70328 1.0
70676 0.5
70677 0.5
70776 1.0
70802 1.0
70827 0.3
70828 0.7
70927 1.0
70952 0.3333333333333333
70953 0.6666666666666666
71276 1.0
71401 1.0
71426 0.125
71427 0.875
71452 1.0
71526 1.0
71552 1.0
71577 1.0
71676 0.2
71677 0.8
71911 1.0
71932 1.0
71937 1.0
71958 1.0
71963 1.0
71984 1.0
71989 1.0
72078 1.0
72083 1.0
72109 1.0
72557 1.0
72562 1.0
72583 1.0
72608 1.0
72703 1.0
72708 1.0
72728 0.3333333333333333
72729 0.6666666666666666
72733 0.2
72734 0.8
73177 1.0
73182 1.0
73276 1.0
73302 1.0
73327 0.038461538461538464
73328 0.9615384615384616
73333 1.0
73354 1.0
73453 1.0
73776 1.0
73807 1.0
73901 1.0
73926 0.07142857142857142
73927 0.9285714285714286
73952 0.16666666666666666
73953 0.8333333333333334
74052 1.0
74077 0.4444444444444444
74078 0.5555555555555556
74177 1.0
74401 1.0
74526 1.0
74551 0.25
74552 0.75
74676 0.06451612903225806
74677 0.9354838709677419
74702 1.0
74802 1.0
75036 1.0
75057 1.0
75062 1.0
75083 1.0
75088 1.0
75108 0.05555555555555555
75109 0.9444444444444444
75114 1.0
75208 1.0
75234 1.0
75656 1.0
75682 1.0
75708 1.0
75828 1.0
75833 1.0
75853 0.5
75854 0.5
75858 0.2857142857142857
75859 0.7142857142857143
75953 1.0
76281 1.0
76307 1.0
76427 1.0
76432 1.0
76452 0.08333333333333333
76453 0.9166666666666666
76458 1.0
76577 0.18181818181818182
76578 0.8181818181818182
76901 1.0
76906 1.0
77026 1.0
77052 1.0
77077 0.14285714285714285
77078 0.8571428571428571
77177 1.0
77202 0.6666666666666666
77203 0.3333333333333333
77302 1.0
77651 1.0
77677 1.0
77776 1.0
77801 0.03333333333333333
77802 0.9666666666666667
77926 0.3333333333333333
77927 0.6666666666666666
