0 0.9411764705882353
1 0.058823529411764705
6 1.0
25 1.0
31 0.9622641509433962
32 0.03773584905660377
37 0.975609756097561
38 0.024390243902439025
43 1.0
50 0.9714285714285714
51 0.02857142857142857
56 0.972972972972973
57 0.02702702702702703
62 0.9615384615384616
63 0.038461538461538464
68 1.0
74 1.0
75 0.9833333333333333
76 0.016666666666666666
81 0.9714285714285714
82 0.02857142857142857
87 0.9493670886075949
88 0.05063291139240506
93 1.0
99 1.0
100 1.0
106 1.0
112 1.0
125 0.9090909090909091
126 0.09090909090909091
131 1.0
137 1.0
143 1.0
149 1.0
150 1.0
156 1.0
162 0.9625
163 0.0375
168 0.9478827361563518
169 0.05211726384364821
174 1.0
187 0.9333333333333333
188 0.06666666666666667
193 0.9655172413793104
194 0.034482758620689655
199 1.0
218 1.0
250 1.0
256 1.0
262 0.9705882352941176
263 0.029411764705882353
268 0.9310344827586207
269 0.06896551724137931
274 1.0
287 0.8571428571428571
288 0.14285714285714285
293 0.9393939393939394
294 0.06060606060606061
299 1.0
375 1.0
381 1.0
387 0.9411764705882353
388 0.058823529411764705
393 0.9523809523809523
394 0.047619047619047616
399 1.0
500 1.0
506 1.0
512 0.96
513 0.04
518 0.9302325581395349
519 0.06976744186046512
524 1.0
