55 1.0
60 1.0
80 1.0
85 1.0
105 1.0
110 1.0
181 1.0
186 1.0
206 1.0
211 1.0
231 1.0
236 1.0
267 1.0
292 1.0
312 1.0
317 1.0
398 1.0
418 1.0
655 1.0
776 1.0
781 1.0
806 1.0
826 1.0
831 1.0
912 1.0
917 1.0
932 1.0
937 1.0
952 1.0
957 1.0
1038 1.0
1043 1.0
1058 1.0
1144 1.0
1149 1.0
1169 1.0
1401 1.0
1406 1.0
1426 1.0
1527 1.0
1532 1.0
1537 1.0
1552 1.0
1557 0.9333333333333333
1558 0.06666666666666667
1577 1.0
1658 1.0
1663 1.0
1678 1.0
1683 1.0
1688 1.0
1769 1.0
2011 1.0
2031 1.0
2132 1.0
2152 0.6666666666666666
2153 0.3333333333333333
2157 1.0
2177 0.8
2178 0.2
2182 1.0
2268 1.0
2278 1.0
2283 1.0
2288 1.0
2303 1.0
2394 1.0
2399 1.0
2414 1.0
2419 1.0
2651 1.0
2752 1.0
2767 1.0
2772 1.0
2777 0.5
2778 0.5
2782 1.0
2888 1.0
2893 1.0
2903 1.0
2908 0.8
2909 0.2
2913 1.0
3014 1.0
3019 1.0
3024 1.0
3029 1.0
3039 1.0
3160 1.0
3185 1.0
3210 1.0
3286 1.0
3291 1.0
3306 1.0
3311 1.0
3331 1.0
3336 1.0
3356 1.0
3361 1.0
3417 1.0
3437 1.0
3457 1.0
3523 1.0
3543 1.0
3785 0.5
3786 0.5
3810 1.0
3906 1.0
3911 1.0
3931 1.0
3956 0.75
3957 0.25
3961 1.0
4022 1.0
4037 1.0
4057 1.0
4062 1.0
4082 1.0
4148 1.0
4163 1.0
4168 1.0
4183 1.0
4274 1.0
4531 1.0
4667 1.0
4677 0.8
4678 0.2
4682 1.0
4687 1.0
4783 1.0
4788 1.0
4793 1.0
4803 1.0
4808 1.0
4894 1.0
4899 1.0
4914 1.0
4919 1.0
5156 1.0
5161 1.0
5277 1.0
5282 0.7142857142857143
5283 0.2857142857142857
5287 1.0
5302 1.0
5388 1.0
5403 1.0
5408 1.0
5413 0.8
5414 0.2
5418 1.0
5433 1.0
5519 1.0
5524 1.0
5539 1.0
5544 1.0
5756 1.0
5761 1.0
5781 1.0
5877 1.0
5882 1.0
5887 1.0
5897 1.0
5907 1.0
6013 1.0
6018 1.0
6028 1.0
6033 0.7857142857142857
6034 0.21428571428571427
6038 1.0
6139 1.0
6144 1.0
6149 1.0
6154 1.0
6159 1.0
6164 1.0
6285 1.0
6391 1.0
6396 1.0
6411 1.0
6416 1.0
6431 0.5
6432 0.5
6436 1.0
6461 0.9090909090909091
6462 0.09090909090909091
6517 1.0
6537 1.0
6562 1.0
6567 1.0
6582 1.0
6587 1.0
6648 1.0
6663 1.0
6668 1.0
6693 1.0
6774 1.0
7016 1.0
7031 1.0
7036 1.0
7056 0.5
7057 0.5
7142 1.0
7167 1.0
7182 1.0
7187 1.0
7207 1.0
7268 1.0
7273 1.0
7288 1.0
7293 1.0
7298 1.0
7313 1.0
7394 1.0
7399 1.0
7656 1.0
7661 1.0
7767 1.0
7772 1.0
7782 1.0
7787 1.0
7792 1.0
7807 1.0
7893 1.0
7898 1.0
7908 1.0
7913 1.0
7918 1.0
7933 1.0
8019 1.0
8044 1.0
8256 1.0
8281 1.0
8387 1.0
8392 1.0
8407 0.8
8408 0.2
8518 1.0
8528 1.0
8533 1.0
8538 1.0
8543 1.0
8644 1.0
8649 1.0
8664 1.0
8881 1.0
8886 1.0
8906 1.0
9007 1.0
9012 1.0
9017 1.0
9027 1.0
9032 1.0
9138 1.0
9143 1.0
9153 1.0
9158 1.0
9163 1.0
9264 1.0
9269 1.0
9274 1.0
9279 1.0
9284 1.0
9289 1.0
9415 1.0
9516 1.0
9536 1.0
9541 1.0
9561 1.0
9586 1.0
9667 1.0
9682 1.0
9687 1.0
9692 1.0
9707 1.0
9712 1.0
9773 1.0
9788 1.0
9793 1.0
9798 1.0
9899 1.0
9919 1.0
10156 1.0
10161 1.0
10186 1.0
10267 1.0
10272 1.0
10287 1.0
10307 1.0
10312 1.0
10317 1.0
10332 1.0
10337 1.0
10393 1.0
10398 1.0
10413 1.0
10418 1.0
10433 1.0
10438 1.0
10519 1.0
10524 1.0
10544 1.0
10761 1.0
10781 1.0
10786 1.0
10892 1.0
10907 0.5
10908 0.5
10912 1.0
10932 1.0
11018 1.0
11033 1.0
11038 1.0
11043 1.0
11058 1.0
11063 1.0
11144 1.0
11149 1.0
11169 1.0
11411 1.0
11507 1.0
11512 1.0
11517 1.0
11532 1.0
11537 0.75
11538 0.25
11638 1.0
11643 1.0
11658 1.0
11663 1.0
11668 1.0
11764 1.0
11774 1.0
11784 1.0
12006 1.0
12127 1.0
12142 1.0
12157 1.0
12268 1.0
12278 1.0
12283 1.0
12288 1.0
12394 1.0
12399 1.0
12404 1.0
12409 1.0
12414 1.0
12641 1.0
12646 1.0
12661 1.0
12666 1.0
12686 1.0
12691 1.0
12711 1.0
12767 1.0
12772 1.0
12792 1.0
12812 1.0
12817 1.0
12837 1.0
12842 1.0
12893 1.0
12918 1.0
12938 1.0
12943 1.0
13024 1.0
13266 1.0
13286 1.0
13291 1.0
13392 1.0
13407 1.0
13412 1.0
13432 0.8
13433 0.2
13437 1.0
13518 1.0
13523 1.0
13538 1.0
13543 1.0
13558 1.0
13563 1.0
13649 1.0
13669 1.0
13886 1.0
13891 1.0
13911 1.0
14017 1.0
14032 1.0
14037 1.0
14057 1.0
14062 1.0
14143 1.0
14148 1.0
14158 0.8
14159 0.2
14163 1.0
14168 1.0
14183 1.0
14188 1.0
14269 1.0
14274 1.0
14289 1.0
14294 1.0
14511 1.0
14632 1.0
14637 1.0
14642 1.0
14657 1.0
14662 1.0
14768 1.0
14783 1.0
14788 1.0
14889 1.0
14894 1.0
14899 1.0
14909 1.0
14914 1.0
15136 1.0
15257 1.0
15267 1.0
15282 1.0
15388 1.0
15393 1.0
15403 1.0
15408 1.0
15413 1.0
15514 1.0
15519 1.0
15524 1.0
15529 1.0
15534 1.0
15539 1.0
15680 1.0
15685 1.0
15705 0.8888888888888888
15706 0.1111111111111111
15710 1.0
15725 0.75
15726 0.25
15730 1.0
15735 1.0
15826 1.0
15831 1.0
15851 1.0
16280 1.0
16300 1.0
16305 1.0
16325 1.0
16330 0.5
16331 0.5
16355 1.0
16426 1.0
16431 1.0
16451 0.9642857142857143
16452 0.03571428571428571
16456 1.0
16476 1.0
16481 1.0
16577 1.0
16900 1.0
16905 1.0
17026 1.0
17051 1.0
17076 0.3333333333333333
17077 0.6666666666666666
17177 1.0
17202 1.0
17303 1.0
17651 1.0
17777 0.8
17778 0.2
17802 0.8947368421052632
17803 0.10526315789473684
17903 0.9
17904 0.1
17928 1.0
18029 1.0
18251 1.0
18377 1.0
18402 0.6666666666666666
18403 0.3333333333333333
18528 0.9166666666666666
18529 0.08333333333333333
18654 1.0
18780 1.0
18785 1.0
18805 1.0
18810 1.0
18830 0.6666666666666666
18831 0.3333333333333333
18835 1.0
18855 1.0
18951 1.0
18956 1.0
18961 1.0
18976 1.0
18981 1.0
18986 1.0
19410 1.0
19430 1.0
19531 1.0
19551 0.6666666666666666
19552 0.3333333333333333
19556 1.0
19576 1.0
19581 0.9166666666666666
19582 0.08333333333333333
19677 1.0
19702 1.0
19707 1.0
20030 1.0
20151 1.0
20156 1.0
20176 0.4
20177 0.6
20181 0.6666666666666666
20182 0.3333333333333333
20201 1.0
20302 0.9090909090909091
20303 0.09090909090909091
20307 1.0
20327 1.0
20428 1.0
20655 1.0
20776 0.8571428571428571
20777 0.14285714285714285
20781 1.0
20902 0.7
20903 0.3
20927 0.6
20928 0.4
21028 1.0
21053 1.0
21154 1.0
21376 1.0
21401 1.0
21502 1.0
21527 0.7142857142857143
21528 0.2857142857142857
21653 0.9230769230769231
21654 0.07692307692307693
21779 1.0
21905 1.0
21910 1.0
21930 1.0
21935 1.0
21955 1.0
21960 1.0
22056 1.0
22081 1.0
22086 1.0
22106 1.0
22111 1.0
22207 1.0
22535 1.0
22555 1.0
22656 1.0
22676 0.75
22677 0.25
22681 1.0
22706 1.0
22802 1.0
22807 1.0
22827 1.0
22832 1.0
23155 1.0
23276 1.0
23281 1.0
23302 1.0
23402 1.0
23427 0.875
23428 0.125
23432 0.875
23433 0.125
23553 1.0
23901 1.0
23906 1.0
24027 0.9375
24028 0.0625
24032 1.0
24052 1.0
24057 1.0
24153 1.0
24178 1.0
24279 1.0
24501 1.0
24526 1.0
24627 1.0
24652 0.875
24653 0.125
24778 0.9642857142857143
24779 0.03571428571428571
24904 1.0
25030 1.0
25035 1.0
25060 1.0
25181 1.0
25186 1.0
25206 1.0
25211 1.0
25231 1.0
25332 1.0
25655 1.0
25680 1.0
25781 1.0
25806 1.0
25831 1.0
25927 1.0
25932 0.9444444444444444
25933 0.05555555555555555
25952 1.0
25957 1.0
26053 1.0
26280 1.0
26406 1.0
26431 1.0
26527 1.0
26532 1.0
26552 0.8888888888888888
26553 0.1111111111111111
26557 1.0
26653 1.0
26678 1.0
27026 1.0
27031 1.0
27152 0.6923076923076923
27153 0.3076923076923077
27157 0.5
27158 0.5
27177 1.0
27278 1.0
27283 1.0
27303 1.0
27626 0.5
27627 0.5
27631 1.0
27651 1.0
27752 1.0
27777 1.0
27903 1.0
28029 1.0
28155 1.0
28160 1.0
28286 1.0
28306 1.0
28311 1.0
28331 1.0
28336 1.0
28341 1.0
28437 1.0
28457 1.0
28462 1.0
28780 1.0
28785 1.0
28906 1.0
28911 1.0
28931 0.8
28932 0.2
28936 0.5
28937 0.5
28956 1.0
29057 1.0
29062 1.0
29082 1.0
29183 1.0
29531 1.0
29653 1.0
29657 1.0
29677 1.0
29682 1.0
29778 1.0
29803 1.0
29808 1.0
30151 1.0
30277 1.0
30282 1.0
30307 1.0
30403 0.9411764705882353
30404 0.058823529411764705
30408 1.0
30428 1.0
30433 1.0
30529 1.0
30776 0.5
30777 0.5
30781 1.0
30877 1.0
30902 1.0
31028 0.9375
31029 0.0625
31033 1.0
31154 1.0
31280 1.0
31305 1.0
31310 1.0
31325 0.75
31326 0.25
31330 1.0
31350 1.0
31355 1.0
31476 1.0
31925 1.0
31930 1.0
31950 0.7142857142857143
31951 0.2857142857142857
31975 1.0
32051 1.0
32076 0.875
32077 0.125
32101 1.0
32177 1.0
32202 1.0
32525 1.0
32651 1.0
32676 0.9
32677 0.1
32701 0.6
32702 0.4
32777 1.0
32802 0.9473684210526315
32803 0.05263157894736842
32827 1.0
32928 1.0
33276 1.0
33402 0.75
33403 0.25
33427 0.6666666666666666
33428 0.3333333333333333
33528 1.0
33553 1.0
33654 1.0
33876 0.75
33877 0.25
34002 0.8333333333333334
34003 0.16666666666666666
34027 1.0
34128 1.0
34153 0.8636363636363636
34154 0.13636363636363635
34254 1.0
34279 1.0
34430 1.0
34435 1.0
34455 1.0
34460 1.0
34475 1.0
34480 1.0
34485 1.0
34576 1.0
34581 1.0
34601 1.0
34606 1.0
35025 1.0
35030 1.0
35050 1.0
35055 1.0
35176 1.0
35201 1.0
35206 1.0
35226 1.0
35231 1.0
35302 1.0
35327 1.0
35650 1.0
35675 1.0
35776 0.8
35777 0.2
35801 0.3333333333333333
35802 0.6666666666666666
35826 0.5
35827 0.5
35902 1.0
35927 0.9090909090909091
35928 0.09090909090909091
35952 1.0
36053 1.0
36401 1.0
36527 0.8888888888888888
36528 0.1111111111111111
36552 0.8888888888888888
36553 0.1111111111111111
36653 1.0
36678 1.0
36779 1.0
37026 1.0
37127 1.0
37152 1.0
37278 0.8888888888888888
37279 0.1111111111111111
37379 1.0
37404 1.0
37535 1.0
37555 1.0
37560 1.0
37580 1.0
37585 1.0
37605 0.8888888888888888
37606 0.1111111111111111
37701 1.0
37706 1.0
37726 1.0
37731 1.0
38150 1.0
38175 1.0
38180 1.0
38301 1.0
38326 0.9090909090909091
38327 0.09090909090909091
38331 1.0
38356 1.0
38427 1.0
38452 1.0
38901 1.0
38926 0.5
38927 0.5
39027 1.0
39052 0.9
39053 0.1
39077 1.0
39178 1.0
39526 1.0
39652 0.8461538461538461
39653 0.15384615384615385
39677 0.8333333333333334
39678 0.16666666666666666
39778 0.9285714285714286
39779 0.07142857142857142
39803 1.0
39904 1.0
40126 1.0
40151 1.0
40252 1.0
40277 1.0
40378 1.0
40403 0.92
40404 0.08
40529 1.0
40655 1.0
40660 1.0
40680 1.0
40685 1.0
40705 1.0
40710 1.0
40735 1.0
40806 1.0
40831 1.0
40836 1.0
40856 1.0
40861 1.0
41280 1.0
41406 1.0
41431 1.0
41451 0.875
41452 0.125
41456 1.0
41552 1.0
41557 1.0
41577 1.0
41582 1.0
41900 1.0
41905 0.6666666666666666
41906 0.3333333333333333
42026 1.0
42031 1.0
42051 1.0
42056 1.0
42152 1.0
42177 0.90625
42178 0.09375
42202 1.0
42278 1.0
42303 1.0
42651 1.0
42777 0.8181818181818182
42778 0.18181818181818182
42802 0.9
42803 0.1
42903 0.96
42904 0.04
42928 1.0
43029 1.0
43251 1.0
43276 1.0
43377 1.0
43402 1.0
43528 0.9473684210526315
43529 0.05263157894736842
43629 1.0
43654 1.0
43780 1.0
43805 1.0
43810 1.0
43835 1.0
43860 1.0
43956 1.0
43961 1.0
43981 1.0
43986 1.0
44405 1.0
44430 1.0
44531 1.0
44551 0.75
44552 0.25
44556 1.0
44581 1.0
44677 1.0
44682 1.0
44702 0.5
44703 0.5
44707 1.0
45151 1.0
45156 1.0
45181 1.0
45277 0.5
45278 0.5
45302 0.9642857142857143
45303 0.03571428571428571
45307 1.0
45428 1.0
45776 1.0
45781 1.0
45902 0.8461538461538461
45903 0.15384615384615385
45927 1.0
46028 1.0
46053 1.0
46154 1.0
46376 1.0
46401 1.0
46502 1.0
46527 0.8
46528 0.2
46653 0.9615384615384616
46654 0.038461538461538464
46779 1.0
46930 1.0
46950 1.0
46955 1.0
46960 1.0
46975 1.0
46980 1.0
46985 1.0
47101 1.0
47550 1.0
47575 1.0
47600 0.6666666666666666
47601 0.3333333333333333
47676 0.6666666666666666
47677 0.3333333333333333
47701 0.9333333333333333
47702 0.06666666666666667
47726 1.0
47827 1.0
48150 0.6666666666666666
48151 0.3333333333333333
48276 1.0
48302 1.0
48326 0.8
48327 0.2
48427 1.0
48452 1.0
48528 1.0
48553 1.0
48901 1.0
49002 1.0
49027 0.8571428571428571
49028 0.14285714285714285
49052 0.6666666666666666
49053 0.3333333333333333
49153 0.8888888888888888
49154 0.1111111111111111
49178 1.0
49279 1.0
49502 1.0
49526 1.0
49627 1.0
49653 1.0
49753 0.8
49754 0.2
49778 0.875
49779 0.125
49879 1.0
49904 1.0
50055 1.0
50060 1.0
50080 1.0
50100 0.8888888888888888
50101 0.1111111111111111
50105 1.0
50110 1.0
50201 1.0
50226 1.0
50675 1.0
50680 1.0
50776 1.0
50801 1.0
50826 0.875
50827 0.125
50851 1.0
50952 1.0
51275 1.0
51401 1.0
51426 0.75
51427 0.25
51451 1.0
51527 0.5
51528 0.5
51552 0.9545454545454546
51553 0.045454545454545456
51577 1.0
51678 1.0
52026 0.8571428571428571
52027 0.14285714285714285
52152 0.75
52153 0.25
52177 1.0
52278 1.0
52303 1.0
52404 1.0
52626 1.0
52651 1.0
52752 1.0
52778 1.0
52878 1.0
52903 0.8214285714285714
52904 0.17857142857142858
53004 1.0
53029 1.0
53175 1.0
53180 1.0
53205 0.8
53206 0.2
53230 1.0
53235 1.0
53326 1.0
53351 1.0
53356 1.0
53775 1.0
53800 0.6666666666666666
53801 0.3333333333333333
53805 1.0
53830 1.0
53926 1.0
53951 0.9642857142857143
53952 0.03571428571428571
53956 1.0
53976 1.0
54052 1.0
54077 1.0
54400 1.0
54526 1.0
54551 1.0
54577 1.0
54677 0.9444444444444444
54678 0.05555555555555555
54702 1.0
54803 1.0
55151 1.0
55252 1.0
55277 0.8571428571428571
55278 0.14285714285714285
55302 0.75
55303 0.25
55403 1.0
55428 1.0
55529 1.0
55776 1.0
55877 1.0
55902 1.0
56003 0.5
56004 0.5
56028 0.8947368421052632
56029 0.10526315789473684
56129 1.0
56154 1.0
56305 1.0
56330 0.8888888888888888
56331 0.1111111111111111
56335 1.0
56355 1.0
56360 1.0
56451 1.0
56456 1.0
56481 1.0
56900 1.0
56905 1.0
56925 1.0
56930 1.0
56955 1.0
57051 1.0
57076 0.9411764705882353
57077 0.058823529411764705
57081 1.0
57101 1.0
57177 1.0
57202 1.0
57526 1.0
57530 1.0
57651 1.0
57676 1.0
57777 1.0
57802 0.782608695652174
57803 0.21739130434782608
57827 1.0
57928 1.0
58276 1.0
58402 0.9090909090909091
58403 0.09090909090909091
58427 1.0
58528 0.96
58529 0.04
58553 1.0
58654 1.0
58877 1.0
59002 1.0
59153 0.9411764705882353
59154 0.058823529411764705
59254 1.0
59279 1.0
59430 1.0
59435 1.0
59460 1.0
59581 1.0
59606 1.0
60030 1.0
60055 1.0
60060 1.0
60151 1.0
60176 1.0
60181 1.0
60201 0.5714285714285714
60202 0.42857142857142855
60206 1.0
60302 1.0
60327 1.0
60776 1.0
60801 0.6666666666666666
60802 0.3333333333333333
60806 1.0
60902 1.0
60927 1.0
60952 1.0
61028 1.0
61053 1.0
61401 1.0
61527 0.9090909090909091
61528 0.09090909090909091
61552 1.0
61653 1.0
61678 1.0
61779 1.0
62001 0.5
62002 0.5
62026 1.0
62127 1.0
62153 1.0
62253 1.0
62278 0.875
62279 0.125
62404 1.0
62550 1.0
62555 1.0
62560 1.0
62580 1.0
62600 1.0
62605 1.0
62726 1.0
63175 1.0
63200 1.0
63225 0.7
63226 0.3
63301 1.0
63326 0.96
63327 0.04
63351 1.0
63452 1.0
63553 1.0
63775 1.0
63800 1.0
63901 1.0
63926 1.0
63951 0.6666666666666666
63952 0.3333333333333333
64052 1.0
64077 1.0
64153 1.0
64178 1.0
64526 1.0
64627 1.0
64652 0.8
64653 0.2
64677 0.5
64678 0.5
64778 0.8529411764705882
64779 0.14705882352941177
64803 1.0
64904 1.0
65126 1.0
65252 0.6666666666666666
65253 0.3333333333333333
65278 1.0
65378 1.0
65403 1.0
65504 1.0
65529 1.0
65675 1.0
65680 1.0
65685 1.0
65700 1.0
65705 1.0
65725 0.9
65726 0.1
65730 1.0
65735 1.0
65826 1.0
65851 1.0
66300 1.0
66305 1.0
66325 1.0
66350 0.2
66351 0.8
66426 1.0
66451 0.9032258064516129
66452 0.0967741935483871
66476 1.0
66552 1.0
66577 1.0
66900 1.0
67026 0.8333333333333334
67027 0.16666666666666666
67051 1.0
67076 1.0
67152 1.0
67177 0.8235294117647058
67178 0.17647058823529413
67202 1.0
67278 1.0
67303 1.0
67651 1.0
67777 0.75
67778 0.25
67802 1.0
67903 0.95
67904 0.05
67928 1.0
68029 1.0
68251 1.0
68276 0.5
68277 0.5
68377 0.75
68378 0.25
68402 1.0
68503 0.6
68504 0.4
68528 0.6428571428571429
68529 0.35714285714285715
68629 1.0
68654 1.0
68805 1.0
68810 1.0
68830 1.0
68835 1.0
68851 1.0
68855 1.0
68860 1.0
68951 1.0
68976 1.0
69425 1.0
69430 1.0
69475 1.0
69526 1.0
69551 1.0
69576 1.0
69601 1.0
69677 1.0
69702 1.0
70025 0.5
70026 0.5
70030 1.0
70151 1.0
70176 0.8
70177 0.2
70201 0.5
70202 0.5
70277 0.5
70278 0.5
70302 0.8888888888888888
70303 0.1111111111111111
70327 1.0
70428 1.0
70776 1.0
70902 0.7
70903 0.3
70927 1.0
71028 0.9473684210526315
71029 0.05263157894736842
71053 1.0
71154 1.0
71376 1.0
71401 1.0
71502 1.0
71527 0.6666666666666666
71528 0.3333333333333333
71628 0.75
71629 0.25
71653 0.9090909090909091
71654 0.09090909090909091
71754 1.0
71779 1.0
71910 1.0
71925 1.0
71930 1.0
71935 1.0
71955 1.0
71960 1.0
71980 0.9444444444444444
71981 0.05555555555555555
71985 1.0
72076 1.0
72081 1.0
72101 1.0
72106 1.0
72550 1.0
72555 1.0
72676 1.0
72701 0.9444444444444444
72702 0.05555555555555555
72706 1.0
72726 1.0
72802 1.0
72827 1.0
73151 1.0
73276 1.0
73301 0.6666666666666666
73302 0.3333333333333333
73402 1.0
73427 0.92
73428 0.08
73452 1.0
73553 1.0
73901 0.75
73902 0.25
74027 0.6666666666666666
74028 0.3333333333333333
74052 1.0
74153 0.9
74154 0.1
74178 1.0
74279 1.0
74501 1.0
74526 1.0
74627 1.0
74652 1.0
74753 0.5
74754 0.5
74778 0.8636363636363636
74779 0.13636363636363635
74879 1.0
74904 1.0
75035 1.0
75055 1.0
75060 1.0
75080 1.0
75085 1.0
75105 0.9090909090909091
75106 0.09090909090909091
75110 1.0
75176 1.0
75201 1.0
75206 1.0
75226 1.0
75231 1.0
75650 1.0
75801 1.0
75826 0.875
75827 0.125
75831 1.0
75851 1.0
75927 1.0
75952 1.0
76275 0.6666666666666666
76276 0.3333333333333333
76280 1.0
76401 1.0
76426 1.0
76451 1.0
76527 1.0
76552 0.9090909090909091
76553 0.09090909090909091
76577 1.0
76653 1.0
76678 1.0
76901 1.0
77026 0.6666666666666666
77027 0.3333333333333333
77152 0.6
77153 0.4
77177 0.6
77178 0.4
77278 0.8235294117647058
77279 0.17647058823529413
77303 1.0
77404 1.0
77652 1.0
77752 0.8333333333333334
77753 0.16666666666666666
77878 1.0
77903 0.9
77904 0.1
78004 1.0
78029 1.0
