0 0.9375
1 0.0625
6 1.0
25 1.0
31 0.98
32 0.02
37 1.0
43 1.0
50 0.9666666666666667
51 0.03333333333333333
56 0.9904761904761905
57 0.009523809523809525
62 0.9802631578947368
63 0.019736842105263157
68 0.9929078014184397
69 0.0070921985815602835
74 1.0
75 0.9824561403508771
76 0.017543859649122806
81 0.9767441860465116
82 0.023255813953488372
87 0.9863945578231292
88 0.013605442176870748
93 1.0
99 1.0
100 0.987012987012987
101 0.012987012987012988
106 0.9910714285714286
107 0.008928571428571428
112 1.0
125 1.0
131 0.9642857142857143
132 0.03571428571428571
137 1.0
143 0.9655172413793104
144 0.034482758620689655
149 1.0
156 0.8888888888888888
157 0.1111111111111111
162 0.9420289855072463
163 0.057971014492753624
168 0.9528619528619529
169 0.04713804713804714
174 1.0
187 0.9565217391304348
188 0.043478260869565216
193 0.9629629629629629
194 0.037037037037037035
199 1.0
250 1.0
256 1.0
262 1.0
268 0.9285714285714286
269 0.07142857142857142
274 1.0
287 1.0
293 0.9411764705882353
294 0.058823529411764705
299 1.0
375 1.0
381 1.0
387 1.0
393 1.0
399 1.0
506 1.0
512 0.9411764705882353
513 0.058823529411764705
518 0.975609756097561
519 0.024390243902439025
524 1.0
