0 1.0
6 1.0
12 1.0
18 1.0
24 1.0
25 1.0
31 1.0
37 1.0
43 0.974025974025974
44 0.025974025974025976
49 1.0
50 0.95
51 0.05
56 0.9846153846153847
57 0.015384615384615385
62 0.9622641509433962
63 0.03773584905660377
68 0.9583333333333334
69 0.041666666666666664
74 1.0
75 1.0
81 1.0
87 1.0
93 1.0
100 0.9811320754716981
101 0.018867924528301886
106 1.0
112 1.0
118 1.0
125 1.0
131 1.0
137 0.9629629629629629
138 0.037037037037037035
143 0.9655172413793104
144 0.034482758620689655
149 1.0
156 1.0
162 0.9375
163 0.0625
168 0.9722222222222222
169 0.027777777777777776
174 1.0
256 1.0
262 1.0
268 1.0
274 1.0
375 1.0
381 1.0
387 1.0
393 0.95
394 0.05
399 1.0
506 1.0
512 1.0
518 0.9642857142857143
519 0.03571428571428571
524 1.0
