55 1.0
60 1.0
65 1.0
80 1.0
85 1.0
110 1.0
186 1.0
206 1.0
211 1.0
231 1.0
236 1.0
272 1.0
292 1.0
312 1.0
398 1.0
418 1.0
519 1.0
660 1.0
680 1.0
786 1.0
806 1.0
811 1.0
831 1.0
836 1.0
856 1.0
912 1.0
917 1.0
937 1.0
957 1.0
962 1.0
1038 1.0
1063 1.0
1067 1.0
1149 1.0
1168 0.5
1169 0.5
1285 1.0
1305 1.0
1406 1.0
1411 1.0
1431 0.6666666666666666
1432 0.3333333333333333
1436 1.0
1456 1.0
1537 1.0
1542 1.0
1557 1.0
1562 1.0
1582 1.0
1587 1.0
1663 1.0
1668 1.0
1688 1.0
1769 1.0
1774 1.0
2016 1.0
2031 1.0
2036 1.0
2056 1.0
2157 1.0
2162 1.0
2182 1.0
2187 1.0
2207 1.0
2268 1.0
2273 1.0
2288 1.0
2293 1.0
2313 1.0
2399 1.0
2419 1.0
2656 1.0
2661 1.0
2772 1.0
2782 1.0
2807 0.9090909090909091
2808 0.09090909090909091
2893 1.0
2913 1.0
2918 1.0
2933 1.0
3019 1.0
3024 1.0
3039 1.0
3044 1.0
3165 1.0
3185 1.0
3286 1.0
3291 1.0
3311 1.0
3331 1.0
3335 0.07692307692307693
3336 0.9230769230769231
3356 1.0
3361 1.0
3417 1.0
3436 0.16666666666666666
3437 0.8333333333333334
3442 1.0
3457 1.0
3518 1.0
3523 1.0
3790 1.0
3810 1.0
3911 1.0
3916 1.0
3931 1.0
3936 1.0
3956 1.0
3961 1.0
4022 1.0
4057 1.0
4061 0.09090909090909091
4062 0.9090909090909091
4067 1.0
4082 1.0
4087 1.0
4148 1.0
4168 1.0
4274 1.0
4541 1.0
4556 1.0
4561 1.0
4586 1.0
4682 1.0
4687 1.0
4692 1.0
4707 1.0
4712 1.0
4788 1.0
4793 1.0
4894 1.0
4899 1.0
4919 1.0
5156 0.5
5157 0.5
5161 1.0
5166 1.0
5282 1.0
5287 1.0
5307 0.8333333333333334
5308 0.16666666666666666
5312 1.0
5393 1.0
5413 1.0
5418 1.0
5519 1.0
5524 1.0
5544 1.0
5766 1.0
5781 1.0
5786 1.0
5892 1.0
5897 1.0
5907 1.0
5912 1.0
5932 1.0
5938 1.0
6013 1.0
6018 1.0
6033 1.0
6038 1.0
6043 1.0
6058 1.0
6063 1.0
6144 1.0
6149 1.0
6169 1.0
6285 1.0
6396 1.0
6411 1.0
6416 1.0
6421 1.0
6436 1.0
6461 1.0
6517 1.0
6522 1.0
6537 1.0
6542 1.0
6562 1.0
6567 1.0
6586 0.25
6587 0.75
6592 1.0
6668 1.0
6693 1.0
6774 1.0
7016 1.0
7036 1.0
7061 1.0
7086 1.0
7142 1.0
7167 1.0
7182 1.0
7187 1.0
7207 1.0
7212 1.0
7268 1.0
7273 1.0
7293 1.0
7298 1.0
7313 1.0
7394 1.0
7399 1.0
7661 1.0
7686 1.0
7767 1.0
7772 1.0
7787 1.0
7792 1.0
7807 1.0
7812 1.0
7837 1.0
7893 1.0
7898 1.0
7913 1.0
7918 1.0
7938 1.0
8019 1.0
8024 1.0
8044 1.0
8266 1.0
8281 1.0
8286 1.0
8392 1.0
8407 1.0
8412 1.0
8417 1.0
8432 1.0
8437 1.0
8518 1.0
8533 1.0
8538 1.0
8543 1.0
8548 1.0
8558 1.0
8563 1.0
8644 1.0
8649 1.0
8669 1.0
8891 1.0
8906 0.5
8907 0.5
8911 1.0
9017 1.0
9032 1.0
9037 1.0
9057 1.0
9062 1.0
9143 1.0
9158 1.0
9163 1.0
9168 1.0
9183 1.0
9188 1.0
9269 1.0
9274 1.0
9289 1.0
9294 1.0
9415 1.0
9440 1.0
9516 1.0
9541 1.0
9561 1.0
9566 1.0
9586 1.0
9687 1.0
9692 1.0
9712 1.0
9773 1.0
9787 1.0
9793 1.0
9798 1.0
9899 1.0
9919 1.0
10161 1.0
10166 1.0
10186 1.0
10211 1.0
10267 1.0
10272 1.0
10287 1.0
10312 1.0
10317 1.0
10337 1.0
10393 1.0
10398 1.0
10413 1.0
10418 1.0
10438 1.0
10443 1.0
10519 1.0
10524 1.0
10544 1.0
10549 1.0
10761 1.0
10766 1.0
10786 1.0
10791 1.0
10892 1.0
10912 1.0
10917 1.0
10932 1.0
10937 1.0
11038 1.0
11043 1.0
11063 1.0
11144 1.0
11149 1.0
11174 1.0
11411 1.0
11512 1.0
11522 1.0
11532 1.0
11537 1.0
11557 1.0
11562 1.0
11643 1.0
11663 1.0
11668 1.0
11683 1.0
11688 1.0
11769 1.0
11774 1.0
12011 1.0
12031 1.0
12036 1.0
12142 1.0
12157 1.0
12162 1.0
12182 1.0
12187 1.0
12268 1.0
12273 1.0
12283 1.0
12288 1.0
12293 1.0
12308 1.0
12394 1.0
12399 1.0
12419 1.0
12646 1.0
12661 1.0
12666 1.0
12691 1.0
12772 1.0
12792 1.0
12812 1.0
12817 1.0
12837 1.0
12842 1.0
12893 1.0
12918 1.0
12923 1.0
12938 1.0
12943 1.0
13024 1.0
13266 1.0
13286 1.0
13291 1.0
13311 1.0
13392 1.0
13397 1.0
13412 1.0
13437 1.0
13462 1.0
13518 1.0
13523 1.0
13538 1.0
13543 1.0
13563 1.0
13649 1.0
13669 1.0
13674 1.0
13886 1.0
13896 1.0
13911 1.0
13936 1.0
14022 1.0
14037 1.0
14042 1.0
14057 1.0
14062 0.9090909090909091
14063 0.09090909090909091
14143 1.0
14148 1.0
14163 1.0
14168 1.0
14188 1.0
14269 1.0
14274 1.0
14294 1.0
14516 1.0
14642 1.0
14647 1.0
14662 1.0
14667 1.0
14687 1.0
14768 1.0
14773 1.0
14788 1.0
14793 1.0
14813 1.0
14894 1.0
14899 1.0
14914 1.0
14919 1.0
15141 1.0
15262 1.0
15267 1.0
15282 1.0
15287 1.0
15388 1.0
15393 1.0
15408 1.0
15413 1.0
15418 1.0
15433 1.0
15438 1.0
15519 1.0
15524 1.0
15544 1.0
15680 1.0
15685 1.0
15705 1.0
15710 1.0
15725 1.0
15730 1.0
15735 1.0
15831 1.0
15856 1.0
16285 1.0
16305 1.0
16310 1.0
16330 1.0
16355 1.0
16451 1.0
16456 1.0
16461 1.0
16476 1.0
16481 1.0
16582 1.0
16905 1.0
16930 1.0
17056 1.0
17076 0.9090909090909091
17077 0.09090909090909091
17081 0.96
17082 0.04
17106 1.0
17202 1.0
17530 0.5
17531 0.5
17656 1.0
17676 0.625
17677 0.375
17681 0.9
17682 0.1
17701 1.0
17706 1.0
17802 1.0
17807 1.0
17827 1.0
17832 1.0
17928 1.0
18276 1.0
18301 0.2
18302 0.8
18306 1.0
18327 1.0
18427 0.9166666666666666
18428 0.08333333333333333
18432 1.0
18452 1.0
18553 1.0
18785 1.0
18805 1.0
18810 1.0
18830 0.75
18831 0.25
18835 1.0
18855 1.0
18860 1.0
18956 1.0
18961 1.0
18981 1.0
18986 1.0
19405 1.0
19410 1.0
19430 1.0
19455 1.0
19556 1.0
19561 1.0
19581 0.967741935483871
19582 0.03225806451612903
19586 1.0
19606 1.0
20030 1.0
20035 1.0
20055 1.0
20156 1.0
20181 1.0
20201 0.5
20202 0.5
20206 1.0
20307 1.0
20327 1.0
20332 1.0
20655 1.0
20660 1.0
20776 1.0
20781 1.0
20801 1.0
20806 0.7142857142857143
20807 0.2857142857142857
20927 0.8571428571428571
20928 0.14285714285714285
20932 1.0
20952 1.0
20957 1.0
21280 1.0
21406 1.0
21431 0.75
21432 0.25
21552 0.8823529411764706
21553 0.11764705882352941
21557 1.0
21577 1.0
21582 1.0
21678 1.0
21910 1.0
21930 1.0
21935 1.0
21955 1.0
21960 1.0
21985 1.0
22081 1.0
22086 1.0
22106 1.0
22111 1.0
22556 1.0
22560 1.0
22656 1.0
22681 1.0
22686 1.0
22706 0.9615384615384616
22707 0.038461538461538464
22711 1.0
22731 1.0
22832 1.0
23155 1.0
23160 0.5
23161 0.5
23181 1.0
23281 1.0
23306 1.0
23331 0.8888888888888888
23332 0.1111111111111111
23432 1.0
23452 1.0
23457 1.0
23780 1.0
23906 1.0
23911 1.0
23931 0.7
23932 0.3
23956 1.0
24052 0.8
24053 0.2
24057 1.0
24062 1.0
24077 1.0
24082 1.0
24178 1.0
24526 1.0
24531 1.0
24557 1.0
24657 1.0
24677 0.9
24678 0.1
24682 0.95
24683 0.05
24703 1.0
24803 1.0
24808 1.0
25035 1.0
25040 1.0
25060 1.0
25181 1.0
25186 1.0
25206 1.0
25211 1.0
25231 1.0
25236 1.0
25332 1.0
25660 1.0
25680 1.0
25685 1.0
25781 1.0
25786 1.0
25806 1.0
25811 1.0
25831 1.0
25836 1.0
25932 1.0
25957 1.0
25962 1.0
26285 1.0
26411 1.0
26431 1.0
26436 1.0
26456 0.6666666666666666
26457 0.3333333333333333
26552 1.0
26557 1.0
26562 1.0
26582 1.0
26910 1.0
27031 1.0
27036 1.0
27056 0.75
27057 0.25
27177 1.0
27182 0.9655172413793104
27183 0.034482758620689655
27187 1.0
27207 1.0
27656 1.0
27681 1.0
27782 1.0
27802 0.8
27803 0.2
27807 0.9629629629629629
27808 0.037037037037037035
27928 1.0
27933 1.0
28160 1.0
28286 1.0
28306 1.0
28311 1.0
28331 1.0
28336 0.9130434782608695
28337 0.08695652173913043
28341 1.0
28361 1.0
28457 1.0
28462 1.0
28785 1.0
28810 1.0
28911 1.0
28931 1.0
28936 1.0
28956 1.0
28961 1.0
29057 1.0
29062 1.0
29082 1.0
29087 1.0
29405 1.0
29531 1.0
29536 1.0
29556 0.3333333333333333
29557 0.6666666666666666
29561 1.0
29581 0.5
29582 0.5
29682 1.0
29687 1.0
29707 1.0
29712 1.0
30156 1.0
30181 1.0
30282 1.0
30307 0.9
30308 0.1
30312 1.0
30433 1.0
30781 0.6
30782 0.4
30786 1.0
30907 1.0
30932 0.8571428571428571
30933 0.14285714285714285
30937 1.0
31053 1.0
31058 1.0
31280 1.0
31305 1.0
31310 1.0
31330 1.0
31350 1.0
31355 1.0
31925 1.0
31930 1.0
31950 1.0
31955 1.0
31975 1.0
31980 0.9375
31981 0.0625
32076 1.0
32101 1.0
32106 1.0
32530 1.0
32550 1.0
32555 1.0
32576 1.0
32580 0.8
32581 0.2
32600 1.0
32676 1.0
32701 0.92
32702 0.08
32706 1.0
32726 1.0
32827 1.0
33150 1.0
33155 1.0
33175 1.0
33301 1.0
33326 0.8666666666666667
33327 0.13333333333333333
33427 1.0
33452 1.0
33775 1.0
33901 1.0
33926 0.9
33927 0.1
33951 0.5
33952 0.5
34052 0.8275862068965517
34053 0.1724137931034483
34077 1.0
34178 1.0
34430 1.0
34435 1.0
34455 1.0
34460 1.0
34475 1.0
34480 1.0
34485 1.0
34581 1.0
34606 1.0
35030 1.0
35035 1.0
35055 1.0
35080 0.8888888888888888
35081 0.1111111111111111
35105 1.0
35201 1.0
35206 1.0
35226 1.0
35231 1.0
35655 1.0
35680 1.0
35801 1.0
35826 1.0
35831 1.0
35851 1.0
35856 1.0
35952 1.0
36280 1.0
36305 1.0
36406 1.0
36426 0.6666666666666666
36427 0.3333333333333333
36431 1.0
36451 0.8571428571428571
36452 0.14285714285714285
36456 1.0
36552 1.0
36577 1.0
36905 1.0
37026 1.0
37031 1.0
37051 0.5
37052 0.5
37177 0.9565217391304348
37178 0.043478260869565216
37202 1.0
37303 1.0
37535 1.0
37555 1.0
37560 1.0
37580 1.0
37585 1.0
37605 0.9
37606 0.1
37610 1.0
37706 1.0
37731 1.0
38155 1.0
38180 1.0
38205 0.75
38206 0.25
38230 1.0
38306 1.0
38326 1.0
38331 1.0
38356 1.0
38780 1.0
38806 1.0
38831 1.0
38926 0.6666666666666666
38927 0.3333333333333333
38931 1.0
38951 0.875
38952 0.125
38956 1.0
38981 1.0
39077 1.0
39082 1.0
39405 1.0
39526 1.0
39551 1.0
39556 1.0
39576 0.6
39577 0.4
39581 1.0
39677 1.0
39702 1.0
39707 1.0
40031 1.0
40151 0.5
40152 0.5
40156 1.0
40176 1.0
40181 0.6666666666666666
40182 0.3333333333333333
40302 0.9655172413793104
40303 0.034482758620689655
40307 1.0
40428 1.0
40660 1.0
40680 1.0
40685 1.0
40705 1.0
40710 1.0
40730 1.0
40735 1.0
40831 1.0
40836 1.0
40856 1.0
40861 1.0
41280 1.0
41305 1.0
41310 1.0
41431 1.0
41451 1.0
41456 0.9032258064516129
41457 0.0967741935483871
41481 1.0
41582 1.0
41905 1.0
41910 1.0
41930 0.6666666666666666
41931 0.3333333333333333
41935 1.0
42031 1.0
42051 1.0
42056 1.0
42077 1.0
42081 0.9090909090909091
42082 0.09090909090909091
42106 1.0
42177 1.0
42182 1.0
42202 1.0
42207 1.0
42530 1.0
42651 1.0
42656 1.0
42677 1.0
42681 0.9166666666666666
42682 0.08333333333333333
42706 0.8
42707 0.2
42802 1.0
42807 1.0
42827 1.0
42832 1.0
43155 1.0
43276 1.0
43281 1.0
43306 1.0
43427 0.9047619047619048
43428 0.09523809523809523
43432 1.0
43553 1.0
43805 1.0
43810 1.0
43835 1.0
43860 1.0
43956 1.0
43961 1.0
43981 1.0
43986 1.0
44410 1.0
44430 1.0
44435 1.0
44556 1.0
44581 0.9545454545454546
44582 0.045454545454545456
44586 1.0
44611 1.0
44707 1.0
45060 1.0
45156 1.0
45181 1.0
45206 0.7647058823529411
45207 0.23529411764705882
45307 1.0
45332 1.0
45655 1.0
45781 1.0
45806 0.7
45807 0.3
45831 1.0
45927 1.0
45932 1.0
45952 1.0
45957 1.0
46053 1.0
46401 1.0
46406 1.0
46431 1.0
46552 1.0
46557 1.0
46678 1.0
46930 1.0
46935 1.0
46955 1.0
46960 1.0
46975 1.0
46980 1.0
46985 1.0
47555 1.0
47575 1.0
47580 1.0
47600 0.9333333333333333
47601 0.06666666666666667
47605 1.0
47701 1.0
47726 1.0
48150 1.0
48155 1.0
48175 1.0
48180 1.0
48201 1.0
48205 1.0
48225 1.0
48326 0.9090909090909091
48327 0.09090909090909091
48351 1.0
48452 1.0
48800 1.0
48805 1.0
48926 1.0
48951 0.8928571428571429
48952 0.10714285714285714
49052 1.0
49077 1.0
49400 1.0
49526 1.0
49551 0.7777777777777778
49552 0.2222222222222222
49576 0.6
49577 0.4
49652 1.0
49677 0.85
49678 0.15
49702 1.0
49803 1.0
50055 1.0
50060 1.0
50080 1.0
50100 0.6666666666666666
50101 0.3333333333333333
50105 1.0
50110 1.0
50226 1.0
50680 1.0
50700 0.5
50701 0.5
50705 1.0
50725 1.0
50730 0.8
50731 0.2
50801 1.0
50826 1.0
50831 1.0
50851 1.0
50856 1.0
51280 1.0
51300 0.75
51301 0.25
51305 1.0
51330 1.0
51426 1.0
51451 0.9615384615384616
51452 0.038461538461538464
51456 1.0
51476 1.0
51481 1.0
51577 1.0
51925 1.0
51930 1.0
52051 1.0
52076 0.7222222222222222
52077 0.2777777777777778
52177 1.0
52202 1.0
52525 0.3333333333333333
52526 0.6666666666666666
52530 1.0
52651 1.0
52676 0.3333333333333333
52677 0.6666666666666666
52702 1.0
52802 1.0
52827 1.0
52928 1.0
53180 1.0
53185 1.0
53205 1.0
53230 1.0
53235 1.0
53331 1.0
53356 1.0
53805 1.0
53830 0.875
53831 0.125
53855 0.5
53856 0.5
53951 1.0
53956 1.0
53976 1.0
53981 1.0
54405 1.0
54430 1.0
54576 0.8823529411764706
54577 0.11764705882352941
54581 1.0
54606 1.0
54702 1.0
55030 1.0
55055 1.0
55151 1.0
55176 0.75
55177 0.25
55201 0.75
55202 0.25
55206 1.0
55302 1.0
55327 1.0
55776 1.0
55801 1.0
55927 0.8461538461538461
55928 0.15384615384615385
55952 1.0
56053 1.0
56305 1.0
56310 1.0
56330 0.8571428571428571
56331 0.14285714285714285
56335 1.0
56355 1.0
56360 1.0
56456 1.0
56481 1.0
56905 1.0
56930 1.0
56935 1.0
56955 0.5
56956 0.5
56980 1.0
57056 1.0
57076 1.0
57081 1.0
57106 1.0
57555 1.0
57651 1.0
57676 0.6666666666666666
57677 0.3333333333333333
57701 0.6923076923076923
57702 0.3076923076923077
57706 1.0
57726 1.0
57827 1.0
57832 1.0
58155 1.0
58276 1.0
58281 1.0
58301 0.8181818181818182
58302 0.18181818181818182
58306 1.0
58326 0.5
58327 0.5
58331 1.0
58427 1.0
58452 1.0
58901 1.0
59052 0.8928571428571429
59053 0.10714285714285714
59178 1.0
59430 1.0
59435 1.0
59455 1.0
59460 1.0
59480 1.0
59581 1.0
59606 1.0
59611 1.0
60030 1.0
60055 0.8333333333333334
60056 0.16666666666666666
60060 1.0
60080 1.0
60181 1.0
60201 1.0
60206 1.0
60211 1.0
60231 1.0
60327 1.0
60655 1.0
60680 1.0
60801 0.75
60802 0.25
60806 1.0
60826 1.0
60831 0.9629629629629629
60832 0.037037037037037035
60927 1.0
60952 1.0
60957 1.0
61401 1.0
61406 1.0
61426 0.42857142857142855
61427 0.5714285714285714
61431 1.0
61452 1.0
61456 1.0
61552 1.0
61557 1.0
61577 1.0
62026 1.0
62031 1.0
62051 0.5
62052 0.5
62177 0.9393939393939394
62178 0.06060606060606061
62202 1.0
62303 1.0
62555 1.0
62560 1.0
62580 1.0
62585 1.0
62600 1.0
62605 1.0
63175 1.0
63180 1.0
63200 1.0
63205 1.0
63225 0.9642857142857143
63226 0.03571428571428571
63230 1.0
63351 1.0
63800 1.0
63805 1.0
63825 0.6666666666666666
63826 0.3333333333333333
63850 0.75
63851 0.25
63951 0.9523809523809523
63952 0.047619047619047616
63976 1.0
64077 1.0
64425 1.0
64551 1.0
64576 0.8648648648648649
64577 0.13513513513513514
64677 1.0
64702 0.9411764705882353
64703 0.058823529411764705
65025 1.0
65151 1.0
65176 1.0
65201 0.6666666666666666
65202 0.3333333333333333
65302 0.8636363636363636
65303 0.13636363636363635
65327 1.0
65428 1.0
65680 1.0
65685 1.0
65700 1.0
65705 1.0
65725 1.0
65730 1.0
65735 1.0
66300 1.0
66305 1.0
66325 1.0
66330 1.0
66350 0.7692307692307693
66351 0.23076923076923078
66355 1.0
66451 1.0
66476 1.0
66905 1.0
66925 1.0
66930 1.0
66950 0.5
66951 0.5
66980 1.0
67051 1.0
67076 0.9230769230769231
67077 0.07692307692307693
67101 1.0
67202 1.0
67550 1.0
67555 1.0
67676 0.6
67677 0.4
67701 0.8
67702 0.2
67802 1.0
67827 0.8571428571428571
67828 0.14285714285714285
68150 0.5
68151 0.5
68155 1.0
68176 1.0
68276 1.0
68301 0.625
68302 0.375
68327 1.0
68427 0.9090909090909091
68428 0.09090909090909091
68452 1.0
68553 1.0
68805 1.0
68810 1.0
68830 1.0
68835 1.0
68851 1.0
68855 0.9090909090909091
68856 0.09090909090909091
68860 1.0
68976 1.0
69425 1.0
69430 1.0
69450 1.0
69455 0.8888888888888888
69456 0.1111111111111111
69475 1.0
69480 0.7692307692307693
69481 0.23076923076923078
69576 1.0
69601 1.0
69606 1.0
70030 1.0
70050 1.0
70055 1.0
70080 0.6666666666666666
70081 0.3333333333333333
70176 1.0
70201 0.9565217391304348
70202 0.043478260869565216
70206 1.0
70226 1.0
70327 1.0
70675 1.0
70680 1.0
70776 1.0
70801 1.0
70826 0.75
70827 0.25
70927 1.0
70952 1.0
71275 0.5
71276 0.5
71280 1.0
71401 0.8
71402 0.2
71426 0.6666666666666666
71427 0.3333333333333333
71451 1.0
71552 0.8
71553 0.2
71577 1.0
71678 1.0
71910 1.0
71930 1.0
71935 1.0
71955 1.0
71960 1.0
71980 0.9523809523809523
71981 0.047619047619047616
71985 1.0
72076 1.0
72081 1.0
72106 1.0
72555 1.0
72560 1.0
72580 1.0
72605 1.0
72701 1.0
72706 1.0
72726 1.0
72731 1.0
73175 1.0
73180 1.0
73301 1.0
73306 1.0
73326 0.8846153846153846
73327 0.11538461538461539
73331 1.0
73352 1.0
73356 1.0
73452 1.0
73775 1.0
73800 1.0
73805 1.0
73901 1.0
73926 0.8333333333333334
73927 0.16666666666666666
73951 0.7142857142857143
73952 0.2857142857142857
74052 1.0
74077 0.8888888888888888
74078 0.1111111111111111
74178 1.0
74400 0.5
74401 0.5
74526 1.0
74551 0.8
74552 0.2
74677 0.8787878787878788
74678 0.12121212121212122
74702 1.0
74803 1.0
75035 1.0
75055 1.0
75060 1.0
75080 1.0
75085 1.0
75105 0.9473684210526315
75106 0.05263157894736842
75110 1.0
75206 1.0
75231 1.0
75655 1.0
75680 1.0
75705 1.0
75731 1.0
75826 0.6666666666666666
75827 0.3333333333333333
75831 1.0
75851 1.0
75856 1.0
76280 1.0
76305 0.75
76306 0.25
76426 1.0
76431 1.0
76451 0.8461538461538461
76452 0.15384615384615385
76456 1.0
76481 1.0
76577 1.0
76900 0.5
76901 0.5
76905 1.0
77026 1.0
77051 0.5
77052 0.5
77076 1.0
77177 0.8571428571428571
77178 0.14285714285714285
77202 1.0
77651 0.8333333333333334
77652 0.16666666666666666
77676 0.6666666666666666
77677 0.3333333333333333
77802 0.90625
77803 0.09375
77827 1.0
77928 1.0
