62 1.0
67 1.0
88 1.0
114 1.0
161 1.0
187 0.8333333333333334
188 0.16666666666666666
192 1.0
208 1.0
213 1.0
234 1.0
239 1.0
270 1.0
312 1.0
317 1.0
391 1.0
395 1.0
416 1.0
421 1.0
515 1.0
661 1.0
682 1.0
786 0.6666666666666666
787 0.3333333333333333
807 1.0
812 1.0
833 1.0
838 1.0
864 1.0
916 1.0
937 0.9090909090909091
938 0.09090909090909091
942 1.0
958 1.0
963 1.0
1041 0.5
1042 0.5
1062 1.0
1140 1.0
1145 1.0
1171 1.0
1286 1.0
1312 1.0
1406 1.0
1411 1.0
1432 1.0
1437 1.0
1458 1.0
1536 1.0
1541 1.0
1557 1.0
1562 1.0
1583 1.0
1588 1.0
1661 1.0
1666 1.0
1687 1.0
1765 1.0
1770 1.0
2015 1.0
2036 1.0
2057 1.0
2062 1.0
2156 1.0
2161 1.0
2166 1.0
2182 1.0
2187 1.0
2207 0.5
2208 0.5
2265 1.0
2270 1.0
2291 1.0
2312 1.0
2395 1.0
2416 1.0
2656 1.0
2661 1.0
2770 1.0
2781 1.0
2807 1.0
2812 1.0
2890 1.0
2911 1.0
2916 1.0
2932 1.0
3015 1.0
3020 1.0
3041 1.0
3166 1.0
3187 1.0
3192 1.0
3286 1.0
3291 1.0
3312 1.0
3338 0.9333333333333333
3339 0.06666666666666667
3359 1.0
3364 1.0
3412 1.0
3416 1.0
3437 1.0
3442 1.0
3463 1.0
3515 1.0
3520 1.0
3791 1.0
3812 1.0
3911 1.0
3916 1.0
3932 1.0
3937 1.0
3963 1.0
4020 1.0
4062 1.0
4067 1.0
4083 1.0
4088 1.0
4145 1.0
4166 1.0
4171 1.0
4270 1.0
4541 1.0
4557 1.0
4562 1.0
4588 1.0
4682 1.0
4687 1.0
4692 1.0
4708 1.0
4713 1.0
4786 1.0
4791 1.0
4890 1.0
4895 1.0
4916 1.0
5161 1.0
5166 1.0
5286 1.0
5291 1.0
5306 0.125
5307 0.875
5312 1.0
5317 1.0
5390 1.0
5411 1.0
5416 1.0
5515 1.0
5520 1.0
5541 1.0
5765 1.0
5781 1.0
5786 1.0
5890 1.0
5895 1.0
5911 1.0
5932 1.0
5936 0.25
5937 0.75
6015 1.0
6031 1.0
6036 1.0
6041 1.0
6057 1.0
6062 1.0
6140 1.0
6145 1.0
6166 1.0
6286 1.0
6395 1.0
6411 1.0
6416 1.0
6421 1.0
6437 1.0
6463 1.0
6515 1.0
6520 1.0
6536 1.0
6541 1.0
6562 1.0
6567 0.6666666666666666
6568 0.3333333333333333
6588 1.0
6593 1.0
6666 1.0
6687 1.0
6692 1.0
6770 1.0
7020 1.0
7036 1.0
7062 1.0
7088 1.0
7140 1.0
7187 1.0
7213 1.0
7265 1.0
7270 1.0
7291 1.0
7296 1.0
7312 1.0
7390 1.0
7395 1.0
7661 1.0
7687 1.0
7765 1.0
7770 1.0
7786 1.0
7791 1.0
7807 1.0
7812 1.0
7838 1.0
7890 1.0
7895 1.0
7911 1.0
7916 1.0
7937 1.0
8015 1.0
8020 1.0
8041 1.0
8270 1.0
8286 1.0
8390 1.0
8406 1.0
8411 1.0
8416 1.0
8421 1.0
8432 1.0
8437 1.0
8515 1.0
8531 1.0
8536 1.0
8541 1.0
8546 1.0
8557 1.0
8562 1.0
8640 1.0
8645 1.0
8666 1.0
8890 1.0
8895 1.0
8911 1.0
9015 1.0
9036 1.0
9057 1.0
9062 1.0
9140 1.0
9156 1.0
9161 1.0
9166 1.0
9181 0.3333333333333333
9182 0.6666666666666666
9186 0.25
9187 0.75
9265 1.0
9270 1.0
9286 1.0
9291 1.0
9416 1.0
9442 1.0
9515 1.0
9541 1.0
9562 1.0
9567 1.0
9588 1.0
9687 1.0
9692 1.0
9713 1.0
9765 1.0
9770 1.0
9791 1.0
9796 1.0
9895 1.0
9916 1.0
10161 1.0
10166 1.0
10187 1.0
10213 1.0
10265 1.0
10270 1.0
10286 1.0
10312 1.0
10317 1.0
10338 1.0
10390 1.0
10395 1.0
10416 1.0
10437 1.0
10442 1.0
10515 1.0
10520 1.0
10541 1.0
10546 1.0
10760 1.0
10765 1.0
10786 1.0
10791 1.0
10895 1.0
10911 1.0
10916 1.0
10932 1.0
10937 1.0
11036 1.0
11041 1.0
11046 1.0
11062 1.0
11140 1.0
11145 1.0
11385 1.0
11416 1.0
11510 1.0
11520 1.0
11536 1.0
11541 1.0
11557 1.0
11561 0.16666666666666666
11562 0.8333333333333334
11640 1.0
11661 1.0
11666 1.0
11682 1.0
11687 1.0
11765 1.0
11770 1.0
12010 1.0
12031 1.0
12036 1.0
12140 1.0
12156 1.0
12161 1.0
12187 1.0
12270 1.0
12281 1.0
12286 1.0
12291 1.0
12307 1.0
12390 1.0
12395 1.0
12416 1.0
12641 1.0
12645 1.0
12661 1.0
12666 1.0
12692 1.0
12770 1.0
12791 1.0
12812 1.0
12817 1.0
12838 1.0
12843 1.0
12890 1.0
12912 1.0
12916 1.0
12921 1.0
12937 1.0
12942 1.0
13020 1.0
13265 0.5
13266 0.5
13286 1.0
13291 1.0
13312 1.0
13390 1.0
13395 1.0
13411 1.0
13437 1.0
13442 1.0
13463 1.0
13515 1.0
13520 1.0
13536 1.0
13541 1.0
13546 1.0
13562 1.0
13645 1.0
13666 1.0
13671 1.0
13885 1.0
13895 1.0
13911 1.0
13937 1.0
14020 1.0
14036 1.0
14041 1.0
14057 1.0
14062 1.0
14140 1.0
14145 1.0
14161 1.0
14166 1.0
14171 1.0
14187 1.0
14265 1.0
14270 1.0
14291 1.0
14515 1.0
14536 1.0
14640 1.0
14645 1.0
14661 1.0
14666 1.0
14687 1.0
14765 1.0
14770 1.0
14786 1.0
14791 1.0
14812 1.0
14816 1.0
14890 1.0
14895 1.0
14911 1.0
14916 1.0
15140 1.0
15265 1.0
15281 1.0
15285 0.2
15286 0.8
15312 1.0
15390 1.0
15411 1.0
15416 1.0
15432 1.0
15437 1.0
15515 1.0
15520 1.0
15541 1.0
15687 1.0
15708 1.0
15713 1.0
15734 1.0
15739 1.0
15833 1.0
15838 1.0
15859 1.0
16286 1.0
16307 1.0
16312 1.0
16333 1.0
16338 1.0
16359 1.0
16458 1.0
16463 1.0
16479 1.0
16483 0.125
16484 0.875
16906 1.0
16932 1.0
17057 1.0
17078 1.0
17082 0.03125
17083 0.96875
17103 1.0
17109 1.0
17203 1.0
17531 1.0
17656 1.0
17677 1.0
17682 1.0
17703 1.0
17707 0.045454545454545456
17708 0.9545454545454546
17802 1.0
17807 1.0
17827 0.2
17828 0.8
17833 1.0
18276 1.0
18281 1.0
18302 1.0
18307 1.0
18333 1.0
18427 1.0
18432 1.0
18452 0.25
18453 0.75
18457 0.6666666666666666
18458 0.3333333333333333
18557 1.0
18786 1.0
18807 1.0
18812 1.0
18833 1.0
18838 1.0
18859 1.0
18864 1.0
18958 1.0
18963 1.0
18984 1.0
18989 1.0
19406 1.0
19411 1.0
19432 1.0
19458 1.0
19483 1.0
19562 1.0
19583 1.0
19588 1.0
19609 1.0
20031 1.0
20036 1.0
20062 1.0
20156 1.0
20182 1.0
20203 1.0
20208 1.0
20213 1.0
20307 1.0
20328 1.0
20332 0.14285714285714285
20333 0.8571428571428571
20656 1.0
20661 1.0
20781 1.0
20786 1.0
20802 1.0
20807 1.0
20832 0.5
20833 0.5
20927 1.0
20932 1.0
20952 0.6666666666666666
20953 0.3333333333333333
20958 1.0
21281 1.0
21406 1.0
21432 1.0
21457 1.0
21552 1.0
21557 1.0
21578 1.0
21582 0.3333333333333333
21583 0.6666666666666666
21677 1.0
21911 1.0
21916 1.0
21937 1.0
21942 1.0
21958 1.0
21963 0.8333333333333334
21964 0.16666666666666666
21989 1.0
22083 1.0
22088 1.0
22109 1.0
22114 1.0
22557 1.0
22562 1.0
22661 1.0
22682 1.0
22687 1.0
22708 1.0
22713 1.0
22734 1.0
22833 1.0
23156 1.0
23161 1.0
23182 1.0
23281 1.0
23286 1.0
23307 1.0
23312 1.0
23332 0.0625
23333 0.9375
23338 1.0
23432 1.0
23458 1.0
23781 1.0
23786 1.0
23811 1.0
23906 1.0
23911 1.0
23932 1.0
23937 1.0
23958 1.0
24052 1.0
24057 1.0
24062 1.0
24078 1.0
24082 0.5
24083 0.5
24531 1.0
24536 1.0
24557 1.0
24677 1.0
24682 1.0
24707 0.5
24708 0.5
24802 1.0
24807 1.0
25036 1.0
25041 1.0
25062 1.0
25182 1.0
25187 1.0
25208 1.0
25213 1.0
25234 1.0
25239 1.0
25338 1.0
25661 1.0
25687 1.0
25781 1.0
25786 1.0
25807 1.0
25812 1.0
25833 1.0
25838 1.0
25932 1.0
25958 1.0
25963 1.0
26286 1.0
26312 1.0
26411 1.0
26432 1.0
26437 1.0
26458 1.0
26462 0.5
26463 0.5
26557 1.0
26562 1.0
26583 1.0
26911 1.0
27036 1.0
27057 1.0
27182 1.0
27187 1.0
27207 0.3333333333333333
27208 0.6666666666666666
27656 1.0
27661 1.0
27682 1.0
27807 1.0
27812 1.0
27932 1.0
28161 1.0
28166 1.0
28286 1.0
28307 1.0
28312 1.0
28333 1.0
28338 1.0
28343 1.0
28364 1.0
28458 1.0
28463 1.0
28786 1.0
28811 0.5
28812 0.5
28911 1.0
28932 1.0
28937 1.0
28958 1.0
28962 0.0625
28963 0.9375
28989 1.0
29057 1.0
29062 1.0
29083 1.0
29088 1.0
29411 1.0
29437 1.0
29531 1.0
29536 1.0
29557 1.0
29583 1.0
29588 1.0
29682 1.0
29687 1.0
29707 0.14285714285714285
29708 0.8571428571428571
29712 0.3333333333333333
29713 0.6666666666666666
30156 1.0
30182 1.0
30187 1.0
30307 1.0
30312 1.0
30332 1.0
30432 1.0
30781 1.0
30786 1.0
30906 1.0
30932 1.0
30937 1.0
31052 1.0
31057 1.0
31281 1.0
31307 1.0
31312 1.0
31333 0.8333333333333334
31334 0.16666666666666666
31338 1.0
31359 1.0
31927 1.0
31932 1.0
31958 1.0
31979 1.0
31983 0.047619047619047616
31984 0.9523809523809523
32078 1.0
32083 1.0
32104 1.0
32109 1.0
32531 1.0
32557 1.0
32583 1.0
32604 1.0
32608 0.5
32609 0.5
32677 1.0
32703 1.0
32708 1.0
32728 0.2
32729 0.8
32733 0.5
32734 0.5
33156 1.0
33177 1.0
33181 0.5
33182 0.5
33208 1.0
33302 1.0
33327 0.06666666666666667
33328 0.9333333333333333
33333 1.0
33427 1.0
33453 1.0
33776 1.0
33781 1.0
33901 1.0
33906 1.0
33926 0.14285714285714285
33927 0.8571428571428571
33932 1.0
33952 0.3333333333333333
33953 0.6666666666666666
33958 1.0
34052 1.0
34077 0.42105263157894735
34078 0.5789473684210527
34432 1.0
34437 1.0
34458 1.0
34463 1.0
34484 1.0
34489 1.0
34583 1.0
34609 1.0
35031 1.0
35036 1.0
35057 1.0
35062 1.0
35083 1.0
35109 1.0
35114 1.0
35203 1.0
35208 1.0
35229 1.0
35233 0.14285714285714285
35234 0.8571428571428571
35656 1.0
35682 1.0
35708 1.0
35802 1.0
35807 1.0
35828 1.0
35833 1.0
35854 1.0
35859 1.0
36281 1.0
36307 1.0
36427 1.0
36432 1.0
36452 0.2727272727272727
36453 0.7272727272727273
36457 0.25
36458 0.75
36552 1.0
36577 0.18181818181818182
36578 0.8181818181818182
36906 1.0
37051 1.0
37057 1.0
37078 1.0
37177 1.0
37182 1.0
37202 0.4166666666666667
37203 0.5833333333333334
37536 1.0
37557 1.0
37562 1.0
37583 1.0
37588 1.0
37609 1.0
37614 1.0
37708 1.0
37734 1.0
38156 1.0
38182 1.0
38208 1.0
38213 1.0
38234 1.0
38307 1.0
38328 1.0
38333 1.0
38359 1.0
38781 1.0
38807 1.0
38833 1.0
38932 1.0
38952 0.14285714285714285
38953 0.8571428571428571
38957 0.03333333333333333
38958 0.9666666666666667
38984 1.0
39078 1.0
39406 1.0
39526 1.0
39531 1.0
39552 1.0
39557 1.0
39577 0.3333333333333333
39578 0.6666666666666666
39582 0.3076923076923077
39583 0.6923076923076923
39677 1.0
39702 0.25
39703 0.75
39708 1.0
40031 1.0
40151 1.0
40177 1.0
40182 1.0
40203 1.0
40207 1.0
40302 1.0
40307 1.0
40327 1.0
40332 0.5
40333 0.5
40427 1.0
40661 1.0
40682 1.0
40687 1.0
40708 1.0
40713 1.0
40739 1.0
40833 1.0
40838 1.0
40859 1.0
40864 1.0
41286 1.0
41307 1.0
41312 1.0
41432 1.0
41458 1.0
41463 1.0
41484 1.0
41906 1.0
41911 1.0
41932 1.0
41937 1.0
42031 1.0
42057 1.0
42078 1.0
42082 0.037037037037037035
42083 0.9629629629629629
42109 1.0
42182 1.0
42203 1.0
42208 1.0
42531 1.0
42651 1.0
42656 1.0
42682 1.0
42707 0.3076923076923077
42708 0.6923076923076923
42802 1.0
42807 1.0
42828 1.0
42832 0.125
42833 0.875
43156 1.0
43276 1.0
43281 1.0
43301 0.3333333333333333
43302 0.6666666666666666
43307 1.0
43333 1.0
43427 1.0
43432 1.0
43452 1.0
43457 1.0
43552 1.0
43807 1.0
43812 1.0
43833 1.0
43838 1.0
43864 1.0
43958 1.0
43963 1.0
43984 1.0
43989 1.0
44411 1.0
44432 1.0
44437 1.0
44557 1.0
44583 1.0
44588 1.0
44614 1.0
44708 1.0
45031 1.0
45062 1.0
45156 1.0
45182 1.0
45208 1.0
45307 1.0
45332 0.25
45333 0.75
45661 1.0
45781 1.0
45807 1.0
45832 0.6666666666666666
45833 0.3333333333333333
45927 1.0
45932 1.0
45957 0.375
45958 0.625
46281 1.0
46406 1.0
46431 0.25
46432 0.75
46552 1.0
46557 1.0
46582 1.0
46677 1.0
46937 1.0
46958 1.0
46963 1.0
46979 1.0
46984 1.0
46989 1.0
47557 1.0
47578 1.0
47583 1.0
47604 1.0
47609 1.0
47703 1.0
47729 1.0
48177 1.0
48181 0.5
48182 0.5
48203 1.0
48208 1.0
48229 1.0
48234 1.0
48328 1.0
48353 0.5384615384615384
48354 0.46153846153846156
48802 1.0
48807 1.0
48927 1.0
48953 1.0
48978 0.75
48979 0.25
49078 1.0
49406 1.0
49427 1.0
49526 1.0
49551 0.06666666666666667
49552 0.9333333333333333
49577 0.2222222222222222
49578 0.7777777777777778
49677 1.0
49702 0.25
49703 0.75
50057 1.0
50062 1.0
50083 1.0
50088 1.0
50104 1.0
50109 1.0
50114 1.0
50677 1.0
50682 1.0
50703 1.0
50708 1.0
50729 1.0
50734 1.0
50828 1.0
50853 0.14285714285714285
50854 0.8571428571428571
50858 0.16666666666666666
50859 0.8333333333333334
51281 1.0
51302 1.0
51307 1.0
51333 1.0
51359 1.0
51453 1.0
51458 1.0
51478 0.2222222222222222
51479 0.7777777777777778
51483 0.5
51484 0.5
51927 1.0
51932 1.0
52052 1.0
52077 0.08695652173913043
52078 0.9130434782608695
52083 1.0
52203 1.0
52526 1.0
52531 1.0
52557 1.0
52676 0.13333333333333333
52677 0.8666666666666667
52702 0.36363636363636365
52703 0.6363636363636364
52802 1.0
52827 0.5
52828 0.5
53182 1.0
53187 1.0
53208 1.0
53213 1.0
53234 1.0
53239 1.0
53359 1.0
53807 1.0
53812 1.0
53832 0.09090909090909091
53833 0.9090909090909091
53838 1.0
53859 1.0
53953 1.0
53958 1.0
53979 1.0
53983 0.14285714285714285
53984 0.8571428571428571
54406 1.0
54432 1.0
54578 1.0
54583 1.0
54603 1.0
54609 1.0
54728 1.0
55031 1.0
55057 1.0
55176 0.125
55177 0.875
55182 1.0
55203 1.0
55208 1.0
55302 1.0
55328 1.0
55651 1.0
55656 1.0
55676 1.0
55776 1.0
55781 1.0
55801 0.08333333333333333
55802 0.9166666666666666
55827 0.3333333333333333
55828 0.6666666666666666
55832 0.5
55833 0.5
55927 1.0
55952 0.2857142857142857
55953 0.7142857142857143
56307 1.0
56312 1.0
56333 1.0
56338 1.0
56359 1.0
56364 1.0
56458 1.0
56484 1.0
56906 1.0
56932 1.0
56937 1.0
56958 1.0
56963 1.0
56984 1.0
57078 1.0
57083 1.0
57104 1.0
57108 0.08333333333333333
57109 0.9166666666666666
57557 1.0
57562 1.0
57677 1.0
57681 1.0
57702 0.1
57703 0.9
57708 1.0
57734 1.0
57828 1.0
58156 1.0
58182 1.0
58281 1.0
58302 1.0
58307 1.0
58327 0.25
58328 0.75
58332 0.07692307692307693
58333 0.9230769230769231
58427 1.0
58452 0.23076923076923078
58453 0.7692307692307693
58901 1.0
58906 1.0
58927 1.0
58932 1.0
58952 1.0
59052 1.0
59077 0.5
59078 0.5
59177 1.0
59432 1.0
59437 1.0
59458 1.0
59463 1.0
59484 1.0
59583 1.0
59608 0.1
59609 0.9
59614 1.0
60031 1.0
60057 1.0
60062 1.0
60088 1.0
60208 1.0
60213 1.0
60234 1.0
60239 1.0
60656 1.0
60682 1.0
60807 1.0
60827 0.5
60828 0.5
60832 0.02702702702702703
60833 0.972972972972973
60858 0.5
60859 0.5
60927 1.0
60953 1.0
60958 1.0
61406 1.0
61426 0.5
61427 0.5
61432 1.0
61452 0.5
61453 0.5
61457 0.375
61458 0.625
61552 1.0
61578 1.0
61583 1.0
61906 1.0
62026 1.0
62031 1.0
62052 1.0
62057 1.0
62082 1.0
62177 1.0
62203 1.0
62207 1.0
62557 1.0
62562 1.0
62583 1.0
62588 1.0
62604 1.0
62609 1.0
62614 1.0
63177 1.0
63182 1.0
63203 1.0
63208 1.0
63229 1.0
63234 1.0
63354 1.0
63802 1.0
63807 1.0
63828 1.0
63853 0.15384615384615385
63854 0.8461538461538461
63859 1.0
63953 1.0
63978 0.2
63979 0.8
64427 1.0
64453 1.0
64552 1.0
64578 1.0
64603 0.7142857142857143
64604 0.2857142857142857
64703 1.0
65026 1.0
65031 1.0
65151 1.0
65176 0.16666666666666666
65177 0.8333333333333334
65203 1.0
65302 1.0
65327 0.3333333333333333
65328 0.6666666666666666
65682 1.0
65687 1.0
65708 1.0
65729 1.0
65734 1.0
65739 1.0
66302 1.0
66307 1.0
66328 1.0
66333 1.0
66354 1.0
66359 1.0
66478 0.1111111111111111
66479 0.8888888888888888
66906 1.0
66927 1.0
66932 1.0
66953 1.0
66984 1.0
67052 1.0
67078 1.0
67103 0.375
67104 0.625
67552 1.0
67557 1.0
67677 1.0
67702 0.14814814814814814
67703 0.8518518518518519
67729 1.0
67827 0.16666666666666666
67828 0.8333333333333334
68151 1.0
68156 1.0
68182 1.0
68302 1.0
68327 0.5384615384615384
68328 0.46153846153846156
68427 1.0
68452 0.5714285714285714
68453 0.42857142857142855
68807 1.0
68812 1.0
68833 1.0
68838 1.0
68859 1.0
68864 1.0
68979 1.0
69427 1.0
69432 1.0
69437 1.0
69458 1.0
69483 0.05555555555555555
69484 0.9444444444444444
69578 1.0
69603 0.25
69604 0.75
69609 1.0
70036 1.0
70052 1.0
70057 1.0
70083 1.0
70108 0.5
70109 0.5
70177 1.0
70203 1.0
70208 1.0
70228 0.3333333333333333
70229 0.6666666666666666
70233 1.0
70677 1.0
70682 1.0
70802 1.0
70827 0.045454545454545456
70828 0.9545454545454546
70833 1.0
70927 1.0
70952 0.2857142857142857
70953 0.7142857142857143
71276 1.0
71281 1.0
71307 1.0
71401 1.0
71426 0.08333333333333333
71427 0.9166666666666666
71452 0.3076923076923077
71453 0.6923076923076923
71552 1.0
71577 0.6666666666666666
71578 0.3333333333333333
71911 1.0
71932 1.0
71937 1.0
71958 1.0
71963 1.0
71983 0.043478260869565216
71984 0.9565217391304348
71989 1.0
72108 0.14285714285714285
72109 0.8571428571428571
72557 1.0
72562 1.0
72583 1.0
72609 1.0
72703 1.0
72708 1.0
72728 0.5
72729 0.5
72733 0.3333333333333333
72734 0.6666666666666666
73177 1.0
73182 1.0
73302 1.0
73328 1.0
73333 1.0
73353 0.5
73354 0.5
73358 0.3333333333333333
73359 0.6666666666666666
73781 1.0
73807 1.0
73901 1.0
73927 1.0
73952 0.10526315789473684
73953 0.8947368421052632
73958 1.0
74052 1.0
74077 0.3
74078 0.7
74401 1.0
74406 1.0
74432 1.0
74526 1.0
74551 0.2
74552 0.8
74577 0.6
74578 0.4
74677 1.0
74702 0.5
74703 0.5
75036 1.0
75057 1.0
75062 1.0
75082 0.09090909090909091
75083 0.9090909090909091
75088 1.0
75109 1.0
75114 1.0
75208 1.0
75233 0.06666666666666667
75234 0.9333333333333333
75656 1.0
75682 1.0
75708 1.0
75733 0.5
75734 0.5
75828 1.0
75833 1.0
75854 1.0
75859 1.0
76281 1.0
76286 1.0
76307 1.0
76432 1.0
76453 1.0
76458 1.0
76483 0.6666666666666666
76484 0.3333333333333333
76578 1.0
76906 1.0
77026 1.0
77051 0.14285714285714285
77052 0.8571428571428571
77056 1.0
77077 0.25
77078 0.75
77082 0.125
77083 0.875
77177 1.0
77202 0.125
77203 0.875
77656 1.0
77676 0.3
77677 0.7
77703 1.0
77802 1.0
77827 0.6666666666666666
77828 0.3333333333333333
77927 1.0
