31 1.0
56 1.0
62 1.0
81 1.0
87 1.0
106 1.0
112 1.0
125 1.0
137 1.0
150 1.0
155 0.18181818181818182
156 0.8181818181818182
175 1.0
181 1.0
187 1.0
200 1.0
206 1.0
212 1.0
231 1.0
237 1.0
250 1.0
256 1.0
268 1.0
274 1.0
275 1.0
280 0.14285714285714285
281 0.8571428571428571
287 1.0
293 1.0
300 1.0
305 0.09523809523809523
306 0.9047619047619048
312 1.0
318 1.0
325 1.0
331 1.0
387 1.0
393 1.0
399 1.0
400 1.0
405 0.2
406 0.8
411 0.14285714285714285
412 0.8571428571428571
418 1.0
425 1.0
431 1.0
512 1.0
517 0.1
518 0.9
524 1.0
525 1.0
531 1.0
537 1.0
543 1.0
662 1.0
687 1.0
712 1.0
756 1.0
762 1.0
780 0.09090909090909091
781 0.9090909090909091
787 1.0
793 1.0
806 1.0
812 1.0
831 1.0
837 1.0
856 1.0
862 1.0
875 1.0
881 1.0
887 1.0
893 1.0
899 1.0
900 1.0
906 1.0
912 1.0
917 0.3333333333333333
918 0.6666666666666666
925 1.0
930 0.037037037037037035
931 0.9629629629629629
936 0.1
937 0.9
956 1.0
1012 1.0
1018 1.0
1023 0.5
1024 0.5
1025 1.0
1030 0.18181818181818182
1031 0.8181818181818182
1036 0.07692307692307693
1037 0.9230769230769231
1042 0.125
1043 0.875
1050 1.0
1056 1.0
1137 1.0
1142 0.16666666666666666
1143 0.8333333333333334
1149 1.0
1150 1.0
1156 1.0
1162 1.0
1168 1.0
1287 1.0
1381 1.0
1387 1.0
1393 1.0
1399 1.0
1400 1.0
1406 1.0
1412 1.0
1418 1.0
1431 1.0
1437 1.0
1462 1.0
1506 1.0
1511 0.3333333333333333
1512 0.6666666666666666
1518 1.0
1524 1.0
1525 1.0
1531 1.0
1537 1.0
1543 1.0
1556 1.0
1562 1.0
1568 1.0
1581 1.0
1587 1.0
1637 1.0
1643 1.0
1649 1.0
1650 1.0
1655 0.03225806451612903
1656 0.967741935483871
1661 0.058823529411764705
1662 0.9411764705882353
1668 1.0
1681 1.0
1687 1.0
1693 1.0
1762 1.0
1768 1.0
1774 1.0
1775 1.0
1781 1.0
1787 1.0
1793 1.0
1918 1.0
2006 1.0
2012 1.0
2018 1.0
2031 1.0
2036 0.125
2037 0.875
2043 1.0
2062 1.0
2087 1.0
2125 1.0
2131 1.0
2136 0.3333333333333333
2137 0.6666666666666666
2143 1.0
2149 1.0
2156 1.0
2161 0.2
2162 0.8
2168 1.0
2181 1.0
2187 1.0
2193 1.0
2206 1.0
2212 1.0
2256 1.0
2262 1.0
2267 0.16666666666666666
2268 0.8333333333333334
2274 1.0
2275 1.0
2280 0.038461538461538464
2281 0.9615384615384616
2286 0.06666666666666667
2287 0.9333333333333333
2292 0.14285714285714285
2293 0.8571428571428571
2299 1.0
2306 1.0
2312 1.0
2387 1.0
2393 1.0
2399 1.0
2400 1.0
2406 1.0
2412 1.0
2418 1.0
2636 0.3333333333333333
2637 0.6666666666666666
2643 1.0
2649 1.0
2656 1.0
2662 1.0
2668 1.0
2687 1.0
2693 1.0
2712 1.0
2756 1.0
2762 1.0
2768 1.0
2774 1.0
2781 1.0
2786 0.125
2787 0.875
2793 1.0
2806 1.0
2811 0.05263157894736842
2812 0.9473684210526315
2817 0.3333333333333333
2818 0.6666666666666666
2837 1.0
2843 1.0
2887 1.0
2892 0.16666666666666666
2893 0.8333333333333334
2899 1.0
2900 1.0
2905 0.030303030303030304
2906 0.9696969696969697
2911 0.12
2912 0.88
2918 1.0
2931 1.0
2937 1.0
2943 1.0
3012 1.0
3017 0.1
3018 0.9
3023 0.15384615384615385
3024 0.8461538461538461
3025 1.0
3031 1.0
3036 0.16666666666666666
3037 0.8333333333333334
3042 0.2
3043 0.8
3150 1.0
3155 0.3333333333333333
3156 0.6666666666666666
3175 1.0
3181 1.0
3187 1.0
3206 1.0
3212 1.0
3225 1.0
3231 1.0
3237 1.0
3250 1.0
3275 1.0
3300 1.0
3325 1.0
3331 1.0
3350 1.0
3375 1.0
3400 1.0
3425 1.0
3450 1.0
3500 1.0
3525 1.0
3550 1.0
3625 1.0
3650 1.0
3775 1.0
3781 1.0
3786 0.5
3787 0.5
3806 1.0
3812 1.0
3831 1.0
3856 1.0
3875 1.0
3900 1.0
3906 1.0
3925 1.0
3931 1.0
3950 1.0
3956 1.0
3962 1.0
3975 1.0
3981 1.0
3987 1.0
4000 1.0
4025 1.0
4050 1.0
4055 1.0
4075 1.0
4081 1.0
4125 1.0
4150 1.0
4175 1.0
4250 1.0
4275 1.0
4406 1.0
4412 1.0
4431 1.0
4437 1.0
4456 1.0
4462 1.0
4500 1.0
4525 1.0
4531 1.0
4550 1.0
4556 1.0
4581 1.0
4587 1.0
4606 1.0
4612 1.0
4625 1.0
4650 1.0
4655 1.0
4675 1.0
4680 0.14285714285714285
4681 0.8571428571428571
4700 1.0
4705 0.125
4706 0.875
4775 1.0
4800 1.0
4875 1.0
4900 1.0
5031 1.0
5037 1.0
5056 1.0
5062 1.0
5125 1.0
5130 1.0
5150 1.0
5155 0.09090909090909091
5156 0.9090909090909091
5181 1.0
5187 1.0
5206 1.0
5212 1.0
5231 1.0
5250 1.0
5275 1.0
5281 1.0
5300 1.0
5305 0.038461538461538464
5306 0.9615384615384616
5331 1.0
5400 1.0
5405 1.0
5425 1.0
5430 0.5
5431 0.5
5525 1.0
5656 1.0
5662 1.0
5750 1.0
5775 1.0
5781 1.0
5787 1.0
5806 1.0
5812 1.0
5831 1.0
5837 1.0
5843 1.0
5875 1.0
5900 1.0
5906 1.0
5925 1.0
5930 0.06451612903225806
5931 0.9354838709677419
5937 1.0
5956 1.0
5962 1.0
6025 1.0
6030 0.2
6031 0.8
6050 1.0
6055 0.25
6056 0.75
6125 1.0
6150 1.0
6275 1.0
6281 1.0
6300 1.0
6305 0.16666666666666666
6306 0.8333333333333334
6312 1.0
6325 1.0
6331 1.0
6350 1.0
6356 1.0
6375 1.0
6400 1.0
6425 1.0
6450 1.0
6475 1.0
6500 1.0
6525 1.0
6550 1.0
6575 1.0
6625 1.0
6650 1.0
6675 1.0
6750 1.0
6775 1.0
6900 1.0
6906 1.0
6925 1.0
6931 1.0
6937 1.0
6956 1.0
6962 1.0
6975 1.0
6981 1.0
6987 1.0
7025 1.0
7050 1.0
7075 1.0
7081 1.0
7100 1.0
7105 0.16666666666666666
7106 0.8333333333333334
7125 1.0
7150 1.0
7175 1.0
7200 1.0
7250 1.0
7275 1.0
7300 1.0
7375 1.0
7400 1.0
7525 1.0
7537 1.0
7556 1.0
7562 1.0
7581 1.0
7587 1.0
7606 1.0
7625 1.0
7650 1.0
7675 1.0
7700 1.0
7705 0.1111111111111111
7706 0.8888888888888888
7725 1.0
7731 1.0
7750 1.0
7775 1.0
7800 1.0
7825 1.0
7875 1.0
7900 1.0
7925 1.0
8000 1.0
8025 1.0
8150 1.0
8156 1.0
8162 1.0
8181 1.0
8187 1.0
8206 1.0
8212 1.0
8237 1.0
8250 1.0
8275 1.0
8280 0.16666666666666666
8281 0.8333333333333334
8300 1.0
8306 1.0
8325 1.0
8331 1.0
8336 0.5
8337 0.5
8356 1.0
8375 1.0
8400 1.0
8425 1.0
8431 1.0
8450 1.0
8455 0.5
8456 0.5
8500 1.0
8525 1.0
8550 1.0
8625 1.0
8650 1.0
8781 1.0
8806 1.0
8812 1.0
8837 1.0
8862 1.0
8875 1.0
8900 1.0
8906 1.0
8925 1.0
8930 0.14285714285714285
8931 0.8571428571428571
8950 1.0
8955 0.02857142857142857
8956 0.9714285714285714
8961 0.16666666666666666
8962 0.8333333333333334
8981 1.0
8987 1.0
9000 1.0
9025 1.0
9050 1.0
9056 1.0
9075 1.0
9081 1.0
9150 1.0
9175 1.0
9250 1.0
9275 1.0
9400 1.0
9425 1.0
9431 1.0
9450 1.0
9456 1.0
9462 1.0
9475 1.0
9481 1.0
9487 1.0
9500 1.0
9525 1.0
9550 1.0
9575 1.0
9600 1.0
9625 1.0
9650 1.0
9675 1.0
9700 1.0
9750 1.0
9775 1.0
9800 1.0
9875 1.0
9900 1.0
10025 1.0
10050 1.0
10056 1.0
10062 1.0
10081 1.0
10100 1.0
10105 0.04
10106 0.96
10112 1.0
10125 1.0
10150 1.0
10175 1.0
10200 1.0
10225 1.0
10250 1.0
10275 1.0
10300 1.0
10325 1.0
10375 1.0
10400 1.0
10425 1.0
10500 1.0
10525 1.0
10650 1.0
10675 1.0
10681 1.0
10706 1.0
10731 1.0
10737 1.0
10750 1.0
10775 1.0
10800 1.0
10825 1.0
10830 0.3333333333333333
10831 0.6666666666666666
10850 1.0
10856 1.0
10875 1.0
10900 1.0
10925 1.0
10950 1.0
11000 1.0
11025 1.0
11050 1.0
11125 1.0
11150 1.0
11275 1.0
11281 1.0
11300 1.0
11306 1.0
11331 1.0
11337 1.0
11356 1.0
11362 1.0
11375 1.0
11400 1.0
11425 1.0
11431 1.0
11450 1.0
11455 0.045454545454545456
11456 0.9545454545454546
11475 1.0
11480 0.125
11481 0.875
11500 1.0
11525 1.0
11550 1.0
11575 1.0
11625 1.0
11650 1.0
11675 1.0
11750 1.0
11775 1.0
11900 1.0
11906 1.0
11931 1.0
11937 1.0
11962 1.0
12025 1.0
12050 1.0
12056 1.0
12075 1.0
12080 0.09523809523809523
12081 0.9047619047619048
12106 1.0
12125 1.0
12150 1.0
12175 1.0
12200 1.0
12250 1.0
12275 1.0
12300 1.0
12375 1.0
12400 1.0
12525 1.0
12550 1.0
12556 1.0
12562 1.0
12575 1.0
12600 1.0
12605 0.1
12606 0.9
12625 1.0
12650 1.0
12675 1.0
12700 1.0
12725 1.0
12750 1.0
12775 1.0
12800 1.0
12825 1.0
12875 1.0
12900 1.0
12925 1.0
13000 1.0
13025 1.0
13150 1.0
13175 1.0
13181 1.0
13187 1.0
13200 1.0
13225 1.0
13231 1.0
13237 1.0
13250 1.0
13275 1.0
13300 1.0
13325 1.0
13350 1.0
13375 1.0
13400 1.0
13425 1.0
13450 1.0
13500 1.0
13525 1.0
13550 1.0
13625 1.0
13650 1.0
13775 1.0
13800 1.0
13805 0.125
13806 0.875
13812 1.0
13831 1.0
13837 1.0
13850 1.0
13856 1.0
13861 1.0
13875 1.0
13900 1.0
13925 1.0
13950 1.0
13975 1.0
13981 1.0
14000 1.0
14025 1.0
14050 1.0
14075 1.0
14125 1.0
14150 1.0
14175 1.0
14250 1.0
14275 1.0
14406 1.0
14412 1.0
14425 1.0
14430 0.25
14431 0.75
14437 1.0
14456 1.0
14462 1.0
14481 1.0
14487 1.0
14500 1.0
14525 1.0
14550 1.0
14575 1.0
14580 0.4
14581 0.6
14600 1.0
14606 1.0
14625 1.0
14650 1.0
14675 1.0
14700 1.0
14750 1.0
14775 1.0
14800 1.0
14875 1.0
14900 1.0
15025 1.0
15037 1.0
15056 1.0
15062 1.0
15081 1.0
15087 1.0
15106 1.0
15112 1.0
15150 1.0
15175 1.0
15200 1.0
15205 0.07142857142857142
15206 0.9285714285714286
15225 1.0
15230 0.05263157894736842
15231 0.9473684210526315
15250 1.0
15275 1.0
15300 1.0
15325 1.0
15375 1.0
15400 1.0
15425 1.0
15500 1.0
15525 1.0
