57 1.0
62 1.0
83 1.0
88 1.0
109 1.0
151 1.0
156 1.0
177 1.0
182 1.0
187 1.0
203 1.0
208 1.0
213 1.0
229 1.0
234 1.0
265 1.0
302 1.0
307 1.0
312 1.0
328 1.0
411 1.0
416 1.0
651 1.0
776 1.0
802 1.0
875 1.0
885 1.0
901 1.0
906 1.0
927 1.0
932 1.0
1026 1.0
1031 1.0
1036 1.0
1041 1.0
1052 1.0
1057 1.0
1140 1.0
1145 1.0
1151 1.0
1161 1.0
1375 1.0
1500 1.0
1625 1.0
1651 1.0
1750 1.0
1760 1.0
1765 1.0
1775 0.25
1776 0.75
1781 1.0
2125 1.0
2130 1.0
2250 1.0
2260 1.0
2375 1.0
2380 1.0
2385 1.0
2390 1.0
2750 1.0
2760 1.0
2765 1.0
2875 1.0
2880 1.0
3000 1.0
3005 1.0
3010 1.0
3015 1.0
3020 1.0
3161 1.0
3187 1.0
3213 1.0
3281 1.0
3286 1.0
3291 1.0
3302 1.0
3307 1.0
3333 1.0
3338 1.0
3364 1.0
3411 1.0
3427 1.0
3432 1.0
3437 1.0
3453 1.0
3520 1.0
3541 1.0
3552 1.0
3557 1.0
3875 1.0
3880 1.0
3900 0.5
3901 0.5
3906 1.0
4015 1.0
4020 1.0
4026 1.0
4031 1.0
4052 1.0
4057 1.0
4140 1.0
4151 1.0
4156 1.0
4161 1.0
4177 1.0
4182 1.0
4265 1.0
4270 1.0
4276 1.0
4286 1.0
4625 1.0
4635 1.0
4750 1.0
4760 1.0
4776 1.0
4781 1.0
4875 1.0
4880 1.0
4885 1.0
4895 1.0
4901 1.0
4906 1.0
5250 1.0
5255 1.0
5375 1.0
5380 1.0
5500 1.0
5505 1.0
5510 1.0
5515 1.0
5875 1.0
5880 1.0
5890 1.0
6000 1.0
6005 1.0
6010 1.0
6125 1.0
6130 1.0
6135 1.0
6145 1.0
6281 1.0
6286 1.0
6390 1.0
6406 1.0
6411 1.0
6416 1.0
6437 1.0
6458 1.0
6463 1.0
6515 1.0
6536 1.0
6557 1.0
6562 1.0
6567 1.0
6583 1.0
6588 1.0
6645 1.0
6661 1.0
6666 1.0
6681 1.0
6687 1.0
6692 1.0
6770 1.0
7000 1.0
7010 1.0
7026 1.0
7031 1.0
7135 1.0
7151 1.0
7182 1.0
7260 1.0
7265 1.0
7270 1.0
7276 1.0
7281 1.0
7286 1.0
7291 1.0
7302 1.0
7307 1.0
7390 1.0
7395 1.0
7401 1.0
7406 1.0
7625 1.0
7750 1.0
7760 1.0
7765 1.0
7875 1.0
7880 1.0
7885 1.0
7890 1.0
7895 1.0
7901 1.0
7905 0.25
7906 0.75
8000 1.0
8005 1.0
8010 1.0
8015 1.0
8025 0.42857142857142855
8026 0.5714285714285714
8031 1.0
8250 1.0
8375 1.0
8380 1.0
8385 1.0
8500 1.0
8505 1.0
8510 1.0
8625 1.0
8630 1.0
8635 1.0
8640 1.0
8645 1.0
8880 1.0
9000 1.0
9005 1.0
9125 1.0
9250 1.0
9255 1.0
9260 1.0
9265 1.0
9270 1.0
9411 1.0
9510 1.0
9536 1.0
9541 1.0
9557 1.0
9562 1.0
9588 1.0
9661 1.0
9682 1.0
9687 1.0
9713 1.0
9770 1.0
9786 1.0
9791 1.0
9796 1.0
9807 1.0
9812 1.0
9895 1.0
9916 1.0
10130 1.0
10156 1.0
10255 1.0
10260 1.0
10265 1.0
10270 1.0
10276 1.0
10281 1.0
10286 1.0
10307 1.0
10385 1.0
10390 1.0
10401 1.0
10406 1.0
10411 1.0
10427 1.0
10431 0.3333333333333333
10432 0.6666666666666666
10510 1.0
10515 1.0
10520 1.0
10531 1.0
10536 1.0
10750 1.0
10875 1.0
10880 1.0
10885 1.0
10890 1.0
11000 1.0
11005 1.0
11010 1.0
11025 0.2
11026 0.8
11030 0.3333333333333333
11031 0.6666666666666666
11125 1.0
11130 1.0
11135 1.0
11140 1.0
11145 1.0
11151 1.0
11500 1.0
11510 1.0
11625 1.0
11630 1.0
11750 1.0
11755 1.0
11760 1.0
11770 1.0
12125 1.0
12130 1.0
12250 1.0
12260 1.0
12375 1.0
12380 1.0
12385 1.0
12390 1.0
12395 1.0
12640 1.0
12645 1.0
12656 1.0
12661 1.0
12666 1.0
12687 1.0
12713 1.0
12765 1.0
12770 1.0
12781 1.0
12786 1.0
12791 1.0
12807 1.0
12812 1.0
12817 1.0
12838 1.0
12890 1.0
12906 1.0
12911 1.0
12916 1.0
12932 1.0
12937 1.0
13020 1.0
13260 1.0
13375 1.0
13380 1.0
13385 1.0
13390 1.0
13406 1.0
13510 1.0
13526 1.0
13531 1.0
13536 1.0
13556 0.5
13557 0.5
13640 1.0
13645 1.0
13651 1.0
13661 1.0
13880 1.0
14000 1.0
14010 1.0
14015 1.0
14125 1.0
14130 1.0
14135 1.0
14151 1.0
14156 1.0
14160 1.0
14250 1.0
14255 1.0
14260 1.0
14265 1.0
14270 1.0
14275 0.3333333333333333
14276 0.6666666666666666
14281 1.0
14286 1.0
14505 1.0
14625 1.0
14630 1.0
14635 1.0
14750 1.0
14755 1.0
14765 1.0
14875 1.0
14880 1.0
14885 1.0
14890 1.0
14895 1.0
15250 1.0
15375 1.0
15380 1.0
15500 1.0
15505 1.0
15510 1.0
15515 1.0
15656 1.0
15677 1.0
15682 1.0
15687 1.0
15703 1.0
15708 1.0
15729 1.0
15734 1.0
15739 1.0
15802 1.0
15828 1.0
15833 1.0
15859 1.0
15927 1.0
15953 1.0
16276 1.0
16401 1.0
16427 1.0
16500 1.0
16526 1.0
16552 1.0
16577 1.0
16625 1.0
16651 1.0
16677 1.0
16750 1.0
16776 1.0
17000 1.0
17125 1.0
17250 1.0
17276 1.0
17375 1.0
17401 1.0
17750 1.0
17875 1.0
18000 1.0
18375 1.0
18500 1.0
18625 1.0
18781 1.0
18786 1.0
18807 1.0
18812 1.0
18833 1.0
18859 1.0
18901 1.0
18927 1.0
18932 1.0
18953 1.0
18958 1.0
18979 1.0
18984 1.0
19052 1.0
19078 1.0
19083 1.0
19406 1.0
19526 1.0
19625 1.0
19651 1.0
19677 1.0
19776 1.0
19801 0.6666666666666666
19802 0.3333333333333333
19901 1.0
20125 1.0
20250 1.0
20375 1.0
20400 0.1
20401 0.9
20500 1.0
20525 0.2
20526 0.8
20750 1.0
20875 1.0
21000 1.0
21125 1.0
21500 1.0
21625 1.0
21750 1.0
21906 1.0
21911 1.0
21932 1.0
21937 1.0
21963 1.0
22026 1.0
22031 1.0
22052 1.0
22057 1.0
22083 1.0
22109 1.0
22114 1.0
22177 1.0
22203 1.0
22208 1.0
22651 1.0
22656 1.0
22776 1.0
22802 1.0
22901 1.0
22926 0.3333333333333333
22927 0.6666666666666666
23026 1.0
23250 1.0
23375 1.0
23500 1.0
23526 1.0
23625 1.0
23650 0.25
23651 0.75
24000 1.0
24125 1.0
24250 1.0
24625 1.0
24750 1.0
24875 1.0
25031 1.0
25036 1.0
25062 1.0
25156 1.0
25182 1.0
25187 1.0
25207 0.09090909090909091
25208 0.9090909090909091
25213 1.0
25302 1.0
25307 1.0
25333 1.0
25427 1.0
25750 1.0
25776 1.0
25875 1.0
25901 1.0
25906 1.0
25927 1.0
26026 1.0
26051 0.3333333333333333
26052 0.6666666666666666
26151 1.0
26375 1.0
26500 1.0
26625 1.0
26650 0.16666666666666666
26651 0.8333333333333334
26750 1.0
26776 1.0
27125 1.0
27250 1.0
27375 1.0
27750 1.0
27875 1.0
28000 1.0
28156 1.0
28161 1.0
28281 1.0
28286 1.0
28312 1.0
28333 1.0
28338 1.0
28427 1.0
28432 1.0
28458 1.0
28463 1.0
28552 1.0
28875 1.0
28880 1.0
28900 0.3333333333333333
28901 0.6666666666666666
28932 1.0
29026 1.0
29031 1.0
29052 1.0
29057 1.0
29151 1.0
29176 0.25
29177 0.75
29182 1.0
29276 1.0
29500 1.0
29625 1.0
29750 1.0
29775 0.16666666666666666
29776 0.8333333333333334
29875 1.0
29901 1.0
30250 1.0
30375 1.0
30500 1.0
30875 1.0
31000 1.0
31125 1.0
31276 1.0
31302 1.0
31307 1.0
31312 1.0
31328 1.0
31333 1.0
31354 1.0
31359 1.0
31427 1.0
31452 0.1111111111111111
31453 0.8888888888888888
31479 1.0
31552 1.0
32026 1.0
32125 1.0
32151 1.0
32177 1.0
32276 1.0
32302 1.0
32375 1.0
32400 0.125
32401 0.875
32625 1.0
32750 1.0
32875 1.0
33000 1.0
33375 1.0
33500 1.0
33625 1.0
34000 1.0
34125 1.0
34250 1.0
34401 1.0
34406 1.0
34427 1.0
34432 1.0
34453 1.0
34458 1.0
34479 1.0
34484 1.0
34489 1.0
34578 1.0
34604 1.0
34609 1.0
34677 1.0
34702 0.3333333333333333
34703 0.6666666666666666
35125 1.0
35150 0.1
35151 0.9
35250 1.0
35276 1.0
35302 1.0
35401 1.0
35427 1.0
35500 1.0
35526 1.0
35750 1.0
35875 1.0
36000 1.0
36025 1.0
36125 1.0
36500 1.0
36625 1.0
36750 1.0
37125 1.0
37250 1.0
37375 1.0
37531 1.0
37557 1.0
37562 1.0
37583 1.0
37609 1.0
37651 1.0
37677 1.0
37703 1.0
37708 1.0
37729 1.0
37734 1.0
37802 1.0
37828 1.0
38250 1.0
38276 1.0
38375 1.0
38401 1.0
38427 1.0
38526 1.0
38552 1.0
38651 1.0
38875 1.0
39000 1.0
39125 1.0
39150 0.6666666666666666
39151 0.3333333333333333
39250 1.0
39275 0.6666666666666666
39276 0.3333333333333333
39625 1.0
39750 1.0
39875 1.0
40250 1.0
40375 1.0
40500 1.0
40651 1.0
40661 1.0
40682 1.0
40687 1.0
40708 1.0
40739 1.0
40776 1.0
40802 1.0
40807 1.0
40828 1.0
40833 1.0
40859 1.0
40864 1.0
40927 1.0
40953 1.0
41052 1.0
41375 1.0
41401 1.0
41500 1.0
41526 1.0
41552 1.0
41651 1.0
41676 0.14285714285714285
41677 0.8571428571428571
41776 1.0
42000 1.0
42125 1.0
42250 1.0
42276 1.0
42375 1.0
42400 0.3333333333333333
42401 0.6666666666666666
42750 1.0
42875 1.0
43000 1.0
43375 1.0
43500 1.0
43625 1.0
43807 1.0
43812 1.0
43838 1.0
43906 1.0
43927 1.0
43932 1.0
43958 1.0
43963 1.0
43984 1.0
43989 1.0
44052 1.0
44077 0.25
44078 0.75
44083 1.0
44401 1.0
44526 1.0
44625 1.0
44651 1.0
44677 1.0
44776 1.0
44802 1.0
44901 1.0
45250 1.0
45375 1.0
45400 0.3333333333333333
45401 0.6666666666666666
45500 1.0
45526 1.0
45875 1.0
46000 1.0
46125 1.0
46500 1.0
46625 1.0
46750 1.0
46927 1.0
46932 1.0
46953 1.0
46963 1.0
46979 1.0
46984 1.0
47052 1.0
47078 1.0
47103 0.3333333333333333
47104 0.6666666666666666
47177 1.0
47203 1.0
47302 1.0
47651 1.0
47750 1.0
47776 1.0
47801 0.14285714285714285
47802 0.8571428571428571
47875 1.0
47900 0.1
47901 0.9
47927 1.0
48000 1.0
48026 1.0
48375 1.0
48500 1.0
48625 1.0
49000 1.0
49125 1.0
49250 1.0
49625 1.0
49750 1.0
49875 1.0
50052 1.0
50057 1.0
50062 1.0
50078 1.0
50083 1.0
50104 1.0
50109 1.0
50114 1.0
50177 1.0
50203 1.0
50229 1.0
50302 1.0
50328 1.0
50750 1.0
50776 1.0
50901 1.0
50927 1.0
51000 1.0
51026 1.0
51052 1.0
51125 1.0
51151 1.0
51375 1.0
51500 1.0
51625 1.0
51750 1.0
52125 1.0
52250 1.0
52375 1.0
52750 1.0
52875 1.0
53000 1.0
53151 1.0
53177 1.0
53182 1.0
53234 1.0
53239 1.0
53276 1.0
53328 1.0
53333 1.0
53353 0.2
53354 0.8
53359 1.0
53427 1.0
53453 1.0
53875 1.0
53901 1.0
53927 1.0
54000 1.0
54026 1.0
54051 0.14285714285714285
54052 0.8571428571428571
54125 1.0
54150 0.05555555555555555
54151 0.9444444444444444
54176 0.16666666666666666
54177 0.8333333333333334
54250 1.0
54276 1.0
54500 1.0
54625 1.0
54750 1.0
54875 1.0
54900 0.5
54901 0.5
55250 1.0
55375 1.0
55500 1.0
55875 1.0
56000 1.0
56125 1.0
56307 1.0
56333 1.0
56338 1.0
56359 1.0
56364 1.0
56427 1.0
56453 1.0
56458 1.0
56484 1.0
56552 1.0
56577 0.2
56578 0.8
56677 1.0
56901 1.0
57000 1.0
57026 1.0
57052 1.0
57125 1.0
57151 1.0
57176 0.06666666666666667
57177 0.9333333333333333
57250 1.0
57276 1.0
57302 1.0
57375 1.0
57400 0.4
57401 0.6
57625 1.0
57750 1.0
57875 1.0
57900 0.5
57901 0.5
58000 1.0
58026 1.0
58375 1.0
58500 1.0
58625 1.0
59000 1.0
59125 1.0
59250 1.0
59432 1.0
59463 1.0
59552 1.0
59578 1.0
59583 1.0
59609 1.0
59677 1.0
59702 0.5
59703 0.5
60031 1.0
60150 0.2
60151 0.8
60250 1.0
60276 1.0
60302 1.0
60401 1.0
60426 0.2857142857142857
60427 0.7142857142857143
60525 0.09090909090909091
60526 0.9090909090909091
60750 1.0
60875 1.0
61000 1.0
61025 0.25
61026 0.75
61125 1.0
61150 1.0
61500 1.0
61625 1.0
61750 1.0
62125 1.0
62250 1.0
62375 1.0
62552 1.0
62557 1.0
62604 1.0
62609 1.0
62703 1.0
62729 1.0
62802 1.0
62827 0.3333333333333333
62828 0.6666666666666666
62927 1.0
63250 1.0
63276 1.0
63302 1.0
63375 1.0
63427 1.0
63500 1.0
63526 1.0
63551 0.14285714285714285
63552 0.8571428571428571
63625 1.0
63651 1.0
63875 1.0
64000 1.0
64125 1.0
64250 1.0
64625 1.0
64750 1.0
64875 1.0
65250 1.0
65375 1.0
65500 1.0
65677 1.0
65682 1.0
65703 1.0
65729 1.0
65734 1.0
65802 1.0
65828 1.0
65854 1.0
65927 1.0
65953 1.0
66401 1.0
66500 1.0
66526 1.0
66551 0.125
66552 0.875
66651 1.0
66677 1.0
66750 1.0
66776 1.0
67000 1.0
67125 1.0
67250 1.0
67375 1.0
67400 1.0
67750 1.0
67875 1.0
68000 1.0
68375 1.0
68500 1.0
68625 1.0
68776 1.0
68781 1.0
68801 0.5
68802 0.5
68807 1.0
68812 1.0
68828 1.0
68833 1.0
68854 1.0
68859 1.0
68927 1.0
68952 0.1
68953 0.9
68979 1.0
69052 1.0
69078 1.0
69177 1.0
69526 1.0
69625 1.0
69651 1.0
69677 1.0
69776 1.0
69801 0.2
69802 0.8
69875 1.0
69901 1.0
70125 1.0
70250 1.0
70375 1.0
70400 1.0
70500 1.0
70875 1.0
71000 1.0
71125 1.0
71500 1.0
71625 1.0
71750 1.0
71901 1.0
71906 1.0
71911 1.0
71932 1.0
71937 1.0
71958 1.0
71984 1.0
72026 1.0
72052 1.0
72078 1.0
72103 0.25
72104 0.75
72108 1.0
72177 1.0
72203 1.0
72302 1.0
72651 1.0
72776 1.0
72801 0.5
72802 0.5
72875 1.0
72900 0.07142857142857142
72901 0.9285714285714286
72926 0.3333333333333333
72927 0.6666666666666666
73000 1.0
73025 0.14285714285714285
73026 0.8571428571428571
73375 1.0
73500 1.0
73525 1.0
73625 1.0
74000 1.0
74125 1.0
74250 1.0
74625 1.0
74750 1.0
74875 1.0
75026 1.0
75031 1.0
75052 1.0
75057 1.0
75083 1.0
75088 1.0
75109 1.0
75151 1.0
75177 1.0
75203 1.0
75208 1.0
75229 1.0
75234 1.0
75302 1.0
75328 1.0
75427 1.0
75750 1.0
75875 1.0
75901 1.0
75927 1.0
76025 0.045454545454545456
76026 0.9545454545454546
76052 1.0
76125 1.0
76151 1.0
76375 1.0
76500 1.0
76625 1.0
76651 1.0
76750 1.0
76776 1.0
77000 1.0
77125 1.0
77250 1.0
77375 1.0
77750 1.0
77875 1.0
78000 1.0
