0 1.0
6 1.0
25 1.0
31 0.9807692307692307
32 0.019230769230769232
37 1.0
50 0.9850746268656716
51 0.014925373134328358
56 0.9562043795620438
57 0.043795620437956206
62 1.0
75 0.967741935483871
76 0.03225806451612903
81 0.9775784753363229
82 0.02242152466367713
87 0.9939024390243902
88 0.006097560975609756
93 1.0
100 0.9699248120300752
101 0.03007518796992481
106 0.9629629629629629
107 0.037037037037037035
112 1.0
118 1.0
125 1.0
131 0.9666666666666667
132 0.03333333333333333
150 1.0
156 0.9298245614035088
157 0.07017543859649122
162 0.9285714285714286
163 0.07142857142857142
168 0.9578947368421052
169 0.042105263157894736
174 1.0
181 0.7407407407407407
182 0.25925925925925924
187 0.9484126984126984
188 0.051587301587301584
193 0.9812332439678284
194 0.01876675603217158
199 1.0
206 0.5
207 0.5
212 0.9166666666666666
213 0.08333333333333333
218 0.974025974025974
219 0.025974025974025976
250 1.0
256 1.0
262 0.9285714285714286
263 0.07142857142857142
268 0.9615384615384616
269 0.038461538461538464
274 1.0
281 0.9333333333333333
282 0.06666666666666667
287 0.8923076923076924
288 0.1076923076923077
293 0.9337016574585635
294 0.06629834254143646
299 1.0
318 0.9523809523809523
319 0.047619047619047616
324 1.0
375 1.0
381 1.0
387 1.0
393 0.9333333333333333
394 0.06666666666666667
399 1.0
406 1.0
412 0.8125
413 0.1875
418 0.8962264150943396
419 0.10377358490566038
424 1.0
500 1.0
506 0.9545454545454546
507 0.045454545454545456
512 0.8444444444444444
513 0.15555555555555556
518 0.9295774647887324
519 0.07042253521126761
524 1.0
537 1.0
543 1.0
549 1.0
