0 1.0
25 1.0
31 1.0
50 0.9407894736842105
51 0.05921052631578947
56 1.0
75 0.9829787234042553
76 0.01702127659574468
81 1.0
100 0.9473684210526315
101 0.05263157894736842
106 1.0
125 1.0
131 1.0
150 0.9111111111111111
151 0.08888888888888889
156 1.0
175 0.7719298245614035
176 0.22807017543859648
181 0.9789473684210527
182 0.021052631578947368
187 1.0
200 0.7380952380952381
201 0.2619047619047619
206 0.9507042253521126
207 0.04929577464788732
212 1.0
225 0.1111111111111111
226 0.8888888888888888
231 0.9184549356223176
232 0.0815450643776824
237 1.0
250 0.9473684210526315
251 0.05263157894736842
256 1.0
275 0.8148148148148148
276 0.18518518518518517
281 0.9565217391304348
282 0.043478260869565216
287 1.0
300 0.5
301 0.5
306 0.8238341968911918
307 0.17616580310880828
312 0.9625
313 0.0375
318 1.0
331 0.7134831460674157
332 0.28651685393258425
337 0.9433497536945813
338 0.05665024630541872
343 1.0
356 0.25
357 0.75
362 0.9333333333333333
363 0.06666666666666667
368 1.0
375 1.0
381 1.0
400 0.7777777777777778
401 0.2222222222222222
406 0.8387096774193549
407 0.16129032258064516
412 0.8513513513513513
413 0.14864864864864866
418 1.0
431 0.6470588235294118
432 0.35294117647058826
437 0.8678038379530917
438 0.13219616204690832
443 0.9813084112149533
444 0.018691588785046728
457 1.0
462 0.8288770053475936
463 0.1711229946524064
468 0.9912280701754386
469 0.008771929824561403
500 1.0
506 0.975609756097561
507 0.024390243902439025
512 1.0
526 1.0
531 0.8378378378378378
532 0.16216216216216217
537 0.9264705882352942
538 0.07352941176470588
543 0.9154929577464789
544 0.08450704225352113
549 1.0
556 0.09090909090909091
557 0.9090909090909091
562 0.7375415282392026
563 0.26245847176079734
568 0.9252873563218391
569 0.07471264367816093
574 1.0
587 0.5
588 0.5
593 0.8333333333333334
594 0.16666666666666666
