0 1.0
6 1.0
25 0.9615384615384616
26 0.038461538461538464
31 1.0
50 0.9727272727272728
51 0.02727272727272727
56 1.0
62 1.0
75 0.9254658385093167
76 0.07453416149068323
81 0.979253112033195
82 0.02074688796680498
87 1.0
100 0.9904761904761905
101 0.009523809523809525
106 0.970954356846473
107 0.029045643153526972
112 1.0
125 1.0
131 1.0
150 0.7222222222222222
151 0.2777777777777778
156 0.9382716049382716
157 0.06172839506172839
162 1.0
175 1.0
181 0.8713450292397661
182 0.1286549707602339
187 0.9822485207100592
188 0.01775147928994083
193 1.0
206 0.9151515151515152
207 0.08484848484848485
212 0.9548693586698337
213 0.04513064133016627
218 1.0
231 0.65625
232 0.34375
237 1.0
250 1.0
256 0.9375
257 0.0625
262 1.0
275 0.75
276 0.25
281 0.9285714285714286
282 0.07142857142857142
287 0.9026548672566371
288 0.09734513274336283
293 0.9512195121951219
294 0.04878048780487805
299 1.0
306 0.5625
307 0.4375
312 0.84
313 0.16
318 0.9626865671641791
319 0.03731343283582089
324 1.0
337 0.7916666666666666
338 0.20833333333333334
343 0.9850746268656716
344 0.014925373134328358
349 1.0
375 0.9090909090909091
376 0.09090909090909091
381 1.0
387 1.0
406 0.8461538461538461
407 0.15384615384615385
412 0.8601398601398601
413 0.13986013986013987
418 0.9152542372881356
419 0.0847457627118644
424 1.0
437 0.5217391304347826
438 0.4782608695652174
443 0.9132653061224489
444 0.08673469387755102
449 1.0
500 0.8333333333333334
501 0.16666666666666666
506 0.9777777777777777
507 0.022222222222222223
512 1.0
518 0.868421052631579
519 0.13157894736842105
524 1.0
531 0.8333333333333334
532 0.16666666666666666
537 0.8059701492537313
538 0.19402985074626866
543 0.8938906752411575
544 0.10610932475884244
549 1.0
574 1.0
