273 0.3783783783783784
274 0.6216216216216216
523 0.2872340425531915
524 0.7127659574468085
898 0.13953488372093023
899 0.8604651162790697
1148 0.27638190954773867
1149 0.7236180904522613
1523 0.21153846153846154
1524 0.7884615384615384
1773 0.2608695652173913
1774 0.7391304347826086
2148 0.358974358974359
2149 0.6410256410256411
2398 0.28804347826086957
2399 0.7119565217391305
2773 0.28205128205128205
2774 0.717948717948718
3023 0.233502538071066
3024 0.766497461928934
3398 0.7368421052631579
3399 0.2631578947368421
3648 0.8859315589353612
3649 0.11406844106463879
4023 0.675
4024 0.325
4273 0.8351063829787234
4274 0.16489361702127658
4648 0.6875
4649 0.3125
4898 0.8653846153846154
4899 0.1346153846153846
5273 0.6666666666666666
5274 0.3333333333333333
5523 0.8449197860962567
5524 0.15508021390374332
5898 0.6785714285714286
5899 0.32142857142857145
6148 0.8267326732673267
6149 0.17326732673267325
6522 0.0196078431372549
6523 0.9803921568627451
6772 0.12682926829268293
6773 0.8731707317073171
7147 0.046511627906976744
7148 0.9534883720930233
7397 0.12935323383084577
7398 0.8706467661691543
7772 0.05714285714285714
7773 0.9428571428571428
8022 0.12972972972972974
8023 0.8702702702702703
8398 0.9574468085106383
8399 0.0425531914893617
8647 0.13513513513513514
8648 0.8648648648648649
9023 0.9411764705882353
9024 0.058823529411764705
9272 0.06666666666666667
9273 0.9333333333333333
9647 0.2631578947368421
9648 0.7368421052631579
9897 0.5635593220338984
9898 0.4364406779661017
10272 0.13157894736842105
10273 0.868421052631579
10522 0.5133689839572193
10523 0.48663101604278075
10897 0.18421052631578946
10898 0.8157894736842105
11147 0.4913294797687861
11148 0.5086705202312138
11522 0.23076923076923078
11523 0.7692307692307693
11772 0.47417840375586856
11773 0.5258215962441315
12147 0.1724137931034483
12148 0.8275862068965517
12397 0.5380434782608695
12398 0.46195652173913043
12772 0.475
12773 0.525
13022 0.8657407407407407
13023 0.13425925925925927
13397 0.47368421052631576
13398 0.5263157894736842
13647 0.8125
13648 0.1875
14022 0.47619047619047616
14023 0.5238095238095238
14272 0.7668393782383419
14273 0.23316062176165803
14647 0.4666666666666667
14648 0.5333333333333333
14897 0.8177083333333334
14898 0.18229166666666666
15272 0.3953488372093023
15273 0.6046511627906976
15522 0.7463414634146341
15523 0.25365853658536586
