57 1.0
62 1.0
83 1.0
88 1.0
109 1.0
114 1.0
182 1.0
187 1.0
208 1.0
213 1.0
234 1.0
239 1.0
265 1.0
291 1.0
312 1.0
317 1.0
395 1.0
416 1.0
656 1.0
776 1.0
781 1.0
786 1.0
807 1.0
828 1.0
833 1.0
911 1.0
916 1.0
932 1.0
937 1.0
953 1.0
958 1.0
1036 1.0
1041 1.0
1057 1.0
1140 1.0
1145 1.0
1166 1.0
1401 1.0
1406 1.0
1427 1.0
1526 1.0
1536 1.0
1552 1.0
1557 1.0
1562 1.0
1578 1.0
1656 1.0
1661 1.0
1682 1.0
1687 1.0
1765 1.0
2005 1.0
2010 1.0
2026 1.0
2031 1.0
2151 1.0
2156 1.0
2176 0.14285714285714285
2177 0.8571428571428571
2182 1.0
2265 1.0
2276 1.0
2281 1.0
2286 1.0
2301 0.5
2302 0.5
2306 1.0
2390 1.0
2395 1.0
2411 1.0
2416 1.0
2651 1.0
2750 1.0
2765 1.0
2770 1.0
2776 1.0
2781 1.0
2885 1.0
2890 1.0
2901 1.0
2906 1.0
2911 1.0
3010 1.0
3015 1.0
3020 1.0
3036 1.0
3161 1.0
3187 1.0
3213 1.0
3286 1.0
3291 1.0
3307 1.0
3312 1.0
3333 1.0
3338 1.0
3359 1.0
3364 1.0
3416 1.0
3437 1.0
3458 1.0
3520 1.0
3541 1.0
3786 1.0
3812 1.0
3906 1.0
3911 1.0
3932 1.0
3958 1.0
3963 1.0
4020 1.0
4036 1.0
4057 1.0
4062 1.0
4083 1.0
4145 1.0
4161 1.0
4166 1.0
4270 1.0
4531 1.0
4541 1.0
4677 1.0
4682 1.0
4687 1.0
4781 1.0
4786 1.0
4791 1.0
4802 1.0
4807 1.0
4890 1.0
4895 1.0
4911 1.0
4916 1.0
5156 1.0
5161 1.0
5276 1.0
5281 1.0
5286 1.0
5301 0.5
5302 0.5
5306 0.6666666666666666
5307 0.3333333333333333
5385 1.0
5401 1.0
5406 1.0
5411 1.0
5416 1.0
5432 1.0
5515 1.0
5520 1.0
5541 1.0
5755 1.0
5760 1.0
5780 0.5
5781 0.5
5880 1.0
5885 1.0
5895 1.0
5900 1.0
5906 1.0
6010 1.0
6015 1.0
6026 1.0
6031 1.0
6036 1.0
6140 1.0
6145 1.0
6151 1.0
6156 1.0
6161 1.0
6286 1.0
6390 1.0
6395 1.0
6411 1.0
6416 1.0
6432 1.0
6437 1.0
6463 1.0
6515 1.0
6536 1.0
6562 1.0
6567 1.0
6583 1.0
6588 1.0
6645 1.0
6661 1.0
6666 1.0
6692 1.0
6770 1.0
7015 1.0
7031 1.0
7036 1.0
7057 1.0
7140 1.0
7166 1.0
7182 1.0
7187 1.0
7208 1.0
7265 1.0
7270 1.0
7286 1.0
7291 1.0
7296 1.0
7311 0.5
7312 0.5
7390 1.0
7395 1.0
7656 1.0
7661 1.0
7765 1.0
7770 1.0
7781 1.0
7786 1.0
7791 1.0
7806 0.14285714285714285
7807 0.8571428571428571
7890 1.0
7895 1.0
7906 1.0
7911 1.0
7916 1.0
7931 0.3333333333333333
7932 0.6666666666666666
8015 1.0
8041 1.0
8260 1.0
8281 1.0
8385 1.0
8390 1.0
8406 1.0
8415 1.0
8431 1.0
8515 1.0
8526 1.0
8531 1.0
8536 1.0
8541 1.0
8551 1.0
8640 1.0
8645 1.0
8661 1.0
8880 1.0
8885 1.0
8906 1.0
9005 1.0
9010 1.0
9015 1.0
9026 1.0
9031 1.0
9135 1.0
9140 1.0
9151 1.0
9156 1.0
9161 1.0
9260 1.0
9265 1.0
9270 1.0
9276 1.0
9281 1.0
9286 1.0
9416 1.0
9515 1.0
9536 1.0
9541 1.0
9562 1.0
9588 1.0
9666 1.0
9687 1.0
9692 1.0
9708 1.0
9713 1.0
9770 1.0
9786 1.0
9791 1.0
9796 1.0
9895 1.0
9916 1.0
10161 1.0
10166 1.0
10187 1.0
10265 1.0
10270 1.0
10286 1.0
10307 1.0
10311 0.125
10312 0.875
10317 1.0
10333 1.0
10338 1.0
10390 1.0
10395 1.0
10411 1.0
10416 1.0
10432 1.0
10436 0.125
10437 0.875
10515 1.0
10520 1.0
10541 1.0
10760 1.0
10781 1.0
10786 1.0
10791 1.0
10890 1.0
10906 1.0
10911 1.0
10932 1.0
10936 1.0
11015 1.0
11031 1.0
11036 1.0
11041 1.0
11056 0.2
11057 0.8
11062 1.0
11140 1.0
11145 1.0
11166 1.0
11411 1.0
11505 1.0
11510 1.0
11515 1.0
11531 1.0
11536 1.0
11635 1.0
11640 1.0
11656 1.0
11661 1.0
11666 1.0
11760 1.0
11770 1.0
11781 1.0
12005 1.0
12125 1.0
12140 1.0
12156 1.0
12265 1.0
12276 1.0
12281 1.0
12286 1.0
12390 1.0
12395 1.0
12401 1.0
12406 1.0
12411 1.0
12645 1.0
12661 1.0
12665 0.3333333333333333
12666 0.6666666666666666
12687 1.0
12692 1.0
12713 1.0
12765 1.0
12770 1.0
12791 1.0
12812 1.0
12817 1.0
12838 1.0
12843 1.0
12890 1.0
12916 1.0
12937 1.0
12942 1.0
13020 1.0
13265 1.0
13286 1.0
13291 1.0
13312 1.0
13390 1.0
13395 1.0
13406 1.0
13411 1.0
13432 1.0
13437 1.0
13515 1.0
13520 1.0
13536 1.0
13541 1.0
13557 1.0
13562 1.0
13645 1.0
13666 1.0
13885 1.0
13890 1.0
13911 1.0
14015 1.0
14031 1.0
14036 1.0
14057 1.0
14062 1.0
14140 1.0
14145 1.0
14156 1.0
14161 1.0
14166 1.0
14181 0.14285714285714285
14182 0.8571428571428571
14187 1.0
14265 1.0
14270 1.0
14286 1.0
14291 1.0
14510 1.0
14635 1.0
14640 1.0
14655 0.3333333333333333
14656 0.6666666666666666
14661 1.0
14765 1.0
14781 1.0
14786 1.0
14885 1.0
14890 1.0
14895 1.0
14906 1.0
14911 1.0
15135 1.0
15255 1.0
15265 1.0
15281 1.0
15385 1.0
15390 1.0
15406 1.0
15411 1.0
15515 1.0
15520 1.0
15526 1.0
15531 1.0
15536 1.0
15682 1.0
15687 1.0
15708 1.0
15713 1.0
15729 1.0
15734 1.0
15739 1.0
15828 1.0
15833 1.0
15854 1.0
16281 1.0
16302 1.0
16307 1.0
16328 1.0
16333 1.0
16359 1.0
16427 1.0
16452 0.03571428571428571
16453 0.9642857142857143
16457 0.125
16458 0.875
16478 0.3333333333333333
16479 0.6666666666666666
16484 1.0
16578 1.0
16901 1.0
16906 1.0
16927 1.0
17026 1.0
17052 1.0
17077 0.25
17078 0.75
17177 1.0
17202 0.16666666666666666
17203 0.8333333333333334
17302 1.0
17651 1.0
17776 1.0
17801 0.16
17802 0.84
17901 1.0
17926 0.2
17927 0.8
18026 1.0
18250 1.0
18275 1.0
18400 0.125
18401 0.875
18526 1.0
18551 1.0
18651 1.0
18781 1.0
18786 1.0
18807 1.0
18812 1.0
18833 1.0
18838 1.0
18859 1.0
18953 1.0
18958 1.0
18963 1.0
18979 1.0
18984 1.0
18989 1.0
19411 1.0
19432 1.0
19531 1.0
19552 1.0
19556 0.2
19557 0.8
19578 1.0
19583 1.0
19608 1.0
19677 1.0
19702 0.4
19703 0.6
19708 1.0
20031 1.0
20156 1.0
20177 1.0
20182 1.0
20202 0.5
20203 0.5
20302 1.0
20307 1.0
20328 1.0
20427 1.0
20656 1.0
20776 1.0
20781 1.0
20901 1.0
20926 0.16666666666666666
20927 0.8333333333333334
21026 1.0
21052 1.0
21151 1.0
21375 1.0
21400 0.5
21401 0.5
21500 1.0
21526 1.0
21651 1.0
21776 1.0
21906 1.0
21911 1.0
21932 1.0
21937 1.0
21958 1.0
21963 1.0
22057 1.0
22083 1.0
22088 1.0
22109 1.0
22114 1.0
22536 1.0
22557 1.0
22656 1.0
22677 1.0
22682 1.0
22703 1.0
22707 0.1111111111111111
22708 0.8888888888888888
22802 1.0
22807 1.0
22828 1.0
22832 0.1111111111111111
22833 0.8888888888888888
23156 1.0
23276 1.0
23281 1.0
23307 1.0
23401 1.0
23427 1.0
23432 1.0
23452 1.0
23552 1.0
23901 1.0
23906 1.0
24026 1.0
24031 1.0
24051 0.625
24052 0.375
24056 0.5
24057 0.5
24151 1.0
24176 0.4444444444444444
24177 0.5555555555555556
24276 1.0
24500 1.0
24526 1.0
24625 1.0
24650 0.1
24651 0.9
24776 1.0
24901 1.0
25031 1.0
25036 1.0
25041 1.0
25062 1.0
25182 1.0
25187 1.0
25207 0.058823529411764705
25208 0.9411764705882353
25213 1.0
25234 1.0
25333 1.0
25656 1.0
25682 1.0
25781 1.0
25807 1.0
25812 1.0
25833 1.0
25927 1.0
25932 1.0
25957 0.2222222222222222
25958 0.7777777777777778
26281 1.0
26406 1.0
26432 1.0
26526 1.0
26531 1.0
26552 1.0
26556 0.07692307692307693
26557 0.9230769230769231
26582 1.0
26676 0.25
26677 0.75
27031 1.0
27151 1.0
27156 1.0
27176 0.25
27177 0.75
27181 1.0
27276 1.0
27281 1.0
27301 0.4
27302 0.6
27625 1.0
27630 1.0
27651 1.0
27750 1.0
27776 1.0
27781 1.0
27901 1.0
28026 1.0
28156 1.0
28161 1.0
28286 1.0
28307 1.0
28312 1.0
28333 1.0
28338 1.0
28343 1.0
28437 1.0
28458 1.0
28463 1.0
28781 1.0
28786 1.0
28906 1.0
28911 1.0
28932 1.0
28937 1.0
28958 1.0
29057 1.0
29062 1.0
29082 0.2
29083 0.8
29182 1.0
29531 1.0
29651 1.0
29656 1.0
29676 0.25
29677 0.75
29682 1.0
29781 1.0
29802 1.0
29807 1.0
30151 1.0
30276 1.0
30281 1.0
30307 1.0
30401 1.0
30406 1.0
30426 0.6
30427 0.4
30431 0.25
30432 0.75
30526 1.0
30776 1.0
30781 1.0
30875 1.0
30901 1.0
31026 1.0
31031 1.0
31151 1.0
31281 1.0
31307 1.0
31312 1.0
31328 1.0
31333 1.0
31354 1.0
31359 1.0
31479 1.0
31927 1.0
31932 1.0
31952 0.14285714285714285
31953 0.8571428571428571
31978 0.3333333333333333
31979 0.6666666666666666
31984 1.0
32052 1.0
32077 0.03571428571428571
32078 0.9642857142857143
32104 1.0
32202 1.0
32526 1.0
32551 0.5
32552 0.5
32651 1.0
32676 0.1111111111111111
32677 0.8888888888888888
32702 0.16666666666666666
32703 0.8333333333333334
32776 1.0
32802 1.0
32827 0.5
32828 0.5
32927 1.0
33276 1.0
33401 1.0
33426 0.25
33427 0.75
33526 1.0
33551 0.7142857142857143
33552 0.2857142857142857
33651 1.0
33875 1.0
33900 1.0
34000 1.0
34025 0.14285714285714285
34026 0.8571428571428571
34150 0.041666666666666664
34151 0.9583333333333334
34250 1.0
34275 0.11764705882352941
34276 0.8823529411764706
34432 1.0
34437 1.0
34458 1.0
34463 1.0
34479 1.0
34484 1.0
34489 1.0
34578 1.0
34583 1.0
34604 1.0
34609 1.0
35026 1.0
35031 1.0
35052 1.0
35057 1.0
35177 1.0
35202 0.05555555555555555
35203 0.9444444444444444
35208 1.0
35229 1.0
35234 1.0
35302 1.0
35327 0.16666666666666666
35328 0.8333333333333334
35651 1.0
35677 1.0
35776 1.0
35802 1.0
35828 1.0
35926 0.05
35927 0.95
35952 0.3333333333333333
35953 0.6666666666666666
36052 1.0
36401 1.0
36526 1.0
36551 0.25
36552 0.75
36651 1.0
36676 0.3333333333333333
36677 0.6666666666666666
36776 1.0
37026 1.0
37125 1.0
37151 1.0
37276 1.0
37375 1.0
37401 1.0
37536 1.0
37557 1.0
37562 1.0
37583 1.0
37588 1.0
37609 1.0
37703 1.0
37708 1.0
37729 1.0
37734 1.0
38156 1.0
38177 1.0
38182 1.0
38302 1.0
38307 1.0
38328 1.0
38333 1.0
38359 1.0
38427 1.0
38452 0.4
38453 0.6
38776 1.0
38901 1.0
38926 0.25
38927 0.75
38952 1.0
39051 0.030303030303030304
39052 0.9696969696969697
39077 0.3333333333333333
39078 0.6666666666666666
39177 1.0
39526 1.0
39651 1.0
39676 0.2
39677 0.8
39776 1.0
39801 0.16666666666666666
39802 0.8333333333333334
39901 1.0
40150 0.3333333333333333
40151 0.6666666666666666
40250 1.0
40276 1.0
40401 1.0
40526 1.0
40656 1.0
40661 1.0
40682 1.0
40687 1.0
40708 1.0
40713 1.0
40739 1.0
40807 1.0
40833 1.0
40838 1.0
40859 1.0
40864 1.0
41281 1.0
41406 1.0
41427 1.0
41432 1.0
41453 1.0
41457 0.05263157894736842
41458 0.9473684210526315
41552 1.0
41557 1.0
41577 0.1111111111111111
41578 0.8888888888888888
41583 1.0
41901 1.0
41906 1.0
42026 1.0
42031 1.0
42052 1.0
42057 1.0
42176 0.03225806451612903
42177 0.967741935483871
42202 0.5
42203 0.5
42276 1.0
42301 0.3333333333333333
42302 0.6666666666666666
42651 1.0
42776 1.0
42801 0.14285714285714285
42802 0.8571428571428571
42901 1.0
42926 0.5714285714285714
42927 0.42857142857142855
43250 1.0
43276 1.0
43375 1.0
43401 1.0
43526 1.0
43625 1.0
43650 0.15384615384615385
43651 0.8461538461538461
43781 1.0
43807 1.0
43812 1.0
43838 1.0
43864 1.0
43958 1.0
43963 1.0
43984 1.0
43989 1.0
44406 1.0
44432 1.0
44531 1.0
44552 1.0
44557 1.0
44582 0.18181818181818182
44583 0.8181818181818182
44677 1.0
44682 1.0
44703 1.0
44708 1.0
45151 1.0
45156 1.0
45182 1.0
45301 0.06451612903225806
45302 0.9354838709677419
45307 1.0
45427 1.0
45776 1.0
45781 1.0
45901 1.0
45926 0.5714285714285714
45927 0.42857142857142855
46026 1.0
46051 0.25
46052 0.75
46151 1.0
46375 1.0
46400 0.25
46401 0.75
46500 1.0
46526 1.0
46651 1.0
46776 1.0
46932 1.0
46953 1.0
46958 1.0
46963 1.0
46979 1.0
46984 1.0
46989 1.0
47104 1.0
47552 1.0
47578 1.0
47604 1.0
47677 1.0
47702 0.11764705882352941
47703 0.8823529411764706
47729 1.0
47828 1.0
48151 1.0
48276 1.0
48302 1.0
48328 1.0
48427 1.0
48452 0.5
48453 0.5
48526 1.0
48552 1.0
48901 1.0
49025 0.1
49026 0.9
49051 0.3333333333333333
49052 0.6666666666666666
49151 1.0
49176 0.2857142857142857
49177 0.7142857142857143
49276 1.0
49525 0.5
49526 0.5
49625 1.0
49650 0.3333333333333333
49651 0.6666666666666666
49750 1.0
49775 0.1
49776 0.9
49875 1.0
49900 0.23529411764705882
49901 0.7647058823529411
50057 1.0
50062 1.0
50083 1.0
50104 1.0
50109 1.0
50114 1.0
50203 1.0
50229 1.0
50677 1.0
50682 1.0
50801 0.5
50802 0.5
50828 1.0
50853 0.3333333333333333
50854 0.6666666666666666
50953 1.0
51276 1.0
51302 1.0
51401 1.0
51427 1.0
51453 1.0
51526 1.0
51551 0.045454545454545456
51552 0.9545454545454546
51577 0.5
51578 0.5
51677 1.0
51901 1.0
52026 1.0
52151 1.0
52176 0.4
52177 0.6
52276 1.0
52301 0.75
52302 0.25
52401 1.0
52625 1.0
52650 0.25
52651 0.75
52750 1.0
52776 1.0
52900 0.06451612903225806
52901 0.9354838709677419
53000 1.0
53025 0.08333333333333333
53026 0.9166666666666666
53177 1.0
53182 1.0
53208 1.0
53234 1.0
53239 1.0
53328 1.0
53354 1.0
53359 1.0
53776 1.0
53802 1.0
53807 1.0
53833 1.0
53927 1.0
53953 1.0
53958 1.0
53978 0.3333333333333333
53979 0.6666666666666666
53984 1.0
54052 1.0
54078 1.0
54401 1.0
54526 1.0
54552 1.0
54577 0.5
54578 0.5
54677 1.0
54703 1.0
54802 1.0
55151 1.0
55275 0.2
55276 0.8
55301 0.375
55302 0.625
55401 1.0
55426 0.5714285714285714
55427 0.42857142857142855
55526 1.0
55750 1.0
55776 1.0
55875 1.0
55900 0.5
55901 0.5
56025 0.05
56026 0.95
56125 1.0
56150 0.1111111111111111
56151 0.8888888888888888
56307 1.0
56333 1.0
56338 1.0
56359 1.0
56364 1.0
56453 1.0
56458 1.0
56484 1.0
56906 1.0
56927 1.0
56932 1.0
56958 1.0
57052 1.0
57078 1.0
57083 1.0
57104 1.0
57177 1.0
57203 1.0
57531 1.0
57651 1.0
57677 1.0
57703 1.0
57801 0.07407407407407407
57802 0.9259259259259259
57827 0.5
57828 0.5
57927 1.0
58151 1.0
58276 1.0
58401 1.0
58426 0.14285714285714285
58427 0.8571428571428571
58526 1.0
58551 0.16666666666666666
58552 0.8333333333333334
58875 1.0
58900 1.0
59000 1.0
59125 1.0
59151 1.0
59250 1.0
59275 0.17647058823529413
59276 0.8235294117647058
59432 1.0
59437 1.0
59463 1.0
59583 1.0
59609 1.0
60056 0.25
60057 0.75
60062 1.0
60156 1.0
60176 0.16666666666666666
60177 0.8333333333333334
60182 1.0
60202 0.125
60203 0.875
60208 1.0
60302 1.0
60327 0.3333333333333333
60328 0.6666666666666666
60651 1.0
60776 1.0
60802 1.0
60807 1.0
60827 1.0
60926 0.09090909090909091
60927 0.9090909090909091
60953 1.0
61026 1.0
61052 1.0
61401 1.0
61526 1.0
61551 0.6666666666666666
61552 0.3333333333333333
61651 1.0
61676 0.42857142857142855
61677 0.5714285714285714
61776 1.0
62000 1.0
62025 0.5
62026 0.5
62125 1.0
62150 0.3333333333333333
62151 0.6666666666666666
62275 0.07142857142857142
62276 0.9285714285714286
62401 1.0
62552 1.0
62557 1.0
62562 1.0
62583 1.0
62604 1.0
62609 1.0
62729 1.0
63177 1.0
63182 1.0
63203 1.0
63229 1.0
63302 1.0
63328 1.0
63353 0.18181818181818182
63354 0.8181818181818182
63427 1.0
63453 1.0
63776 1.0
63802 1.0
63901 1.0
63927 1.0
63953 1.0
64052 1.0
64077 0.5
64078 0.5
64176 0.1
64177 0.9
64526 1.0
64650 0.1
64651 0.9
64676 0.5
64677 0.5
64776 1.0
64801 0.4
64802 0.6
64901 1.0
65125 1.0
65150 1.0
65250 1.0
65276 1.0
65375 1.0
65400 0.16666666666666666
65401 0.8333333333333334
65500 1.0
65525 0.46153846153846156
65526 0.5384615384615384
65677 1.0
65682 1.0
65687 1.0
65703 1.0
65708 1.0
65729 1.0
65734 1.0
65739 1.0
65828 1.0
65854 1.0
66302 1.0
66307 1.0
66328 1.0
66354 1.0
66427 1.0
66453 1.0
66478 0.25
66479 0.75
66552 1.0
66578 1.0
66901 1.0
66926 1.0
67026 1.0
67051 0.16666666666666666
67052 0.8333333333333334
67077 0.5
67078 0.5
67151 1.0
67177 1.0
67203 1.0
67276 1.0
67301 0.2222222222222222
67302 0.7777777777777778
67526 1.0
67651 1.0
67776 1.0
67802 1.0
67901 1.0
67926 1.0
68026 1.0
68250 1.0
68276 1.0
68375 1.0
68400 0.25
68401 0.75
68500 1.0
68525 0.2
68526 0.8
68625 1.0
68650 0.5294117647058824
68651 0.47058823529411764
68807 1.0
68812 1.0
68833 1.0
68838 1.0
68854 1.0
68859 1.0
68864 1.0
68953 1.0
68979 1.0
69427 1.0
69432 1.0
69484 1.0
69526 1.0
69552 1.0
69578 1.0
69604 1.0
69677 1.0
69703 1.0
70026 1.0
70031 1.0
70151 1.0
70176 0.16666666666666666
70177 0.8333333333333334
70203 1.0
70276 1.0
70301 0.047619047619047616
70302 0.9523809523809523
70427 1.0
70776 1.0
70901 1.0
70927 1.0
71026 1.0
71051 0.8333333333333334
71052 0.16666666666666666
71151 1.0
71375 1.0
71400 0.5
71401 0.5
71500 1.0
71526 1.0
71625 1.0
71650 0.08
71651 0.92
71750 1.0
71775 0.16666666666666666
71776 0.8333333333333334
71911 1.0
71927 1.0
71932 1.0
71937 1.0
71958 1.0
71963 1.0
71984 1.0
71989 1.0
72078 1.0
72083 1.0
72104 1.0
72109 1.0
72557 1.0
72583 1.0
72677 1.0
72703 1.0
72708 1.0
72729 1.0
72802 1.0
72827 0.125
72828 0.875
73151 1.0
73276 1.0
73301 0.3333333333333333
73302 0.6666666666666666
73327 1.0
73426 0.034482758620689655
73427 0.9655172413793104
73453 1.0
73552 1.0
73901 1.0
74026 1.0
74052 1.0
74151 1.0
74176 0.4
74177 0.6
74276 1.0
74500 1.0
74526 1.0
74625 1.0
74650 0.3333333333333333
74651 0.6666666666666666
74750 1.0
74775 0.12
74776 0.88
74875 1.0
74900 0.16666666666666666
74901 0.8333333333333334
75036 1.0
75052 1.0
75057 1.0
75062 1.0
75083 1.0
75088 1.0
75109 1.0
75114 1.0
75203 1.0
75208 1.0
75229 1.0
75234 1.0
75651 1.0
75802 1.0
75827 0.05263157894736842
75828 0.9473684210526315
75833 1.0
75854 1.0
75927 1.0
75952 0.1111111111111111
75953 0.8888888888888888
76276 1.0
76281 1.0
76401 1.0
76427 1.0
76453 1.0
76526 1.0
76551 0.047619047619047616
76552 0.9523809523809523
76577 0.5
76578 0.5
76676 0.1111111111111111
76677 0.8888888888888888
76901 1.0
77026 1.0
77151 1.0
77176 0.3333333333333333
77177 0.6666666666666666
77276 1.0
77401 1.0
77651 1.0
77750 1.0
77775 1.0
77900 0.125
77901 0.875
78000 1.0
78025 0.25
78026 0.75
