0 1.0
6 1.0
12 1.0
18 1.0
25 1.0
31 0.9767441860465116
32 0.023255813953488372
37 1.0
43 0.9527027027027027
44 0.0472972972972973
49 1.0
50 0.9565217391304348
51 0.043478260869565216
56 1.0
62 0.9722222222222222
63 0.027777777777777776
68 0.987012987012987
69 0.012987012987012988
74 1.0
75 1.0
81 0.968421052631579
82 0.031578947368421054
87 0.9912280701754386
88 0.008771929824561403
93 1.0
100 1.0
106 0.9634146341463414
107 0.036585365853658534
112 1.0
118 1.0
125 1.0
131 1.0
137 1.0
143 0.9622641509433962
144 0.03773584905660377
149 1.0
156 0.5
157 0.5
162 1.0
168 0.9787234042553191
169 0.02127659574468085
174 1.0
256 1.0
262 1.0
268 0.95
269 0.05
274 1.0
375 1.0
381 1.0
387 1.0
393 0.9583333333333334
394 0.041666666666666664
399 1.0
506 1.0
512 1.0
518 1.0
524 1.0
