57 1.0
62 1.0
83 1.0
88 1.0
109 1.0
114 1.0
187 1.0
208 1.0
213 1.0
234 1.0
239 1.0
265 1.0
291 0.5
292 0.5
312 1.0
395 1.0
416 1.0
661 1.0
682 1.0
781 1.0
786 1.0
807 1.0
828 1.0
833 1.0
838 1.0
911 1.0
916 1.0
932 1.0
937 1.0
953 1.0
958 1.0
1036 1.0
1041 1.0
1062 1.0
1145 1.0
1166 1.0
1281 1.0
1406 1.0
1411 1.0
1432 1.0
1458 1.0
1536 1.0
1557 1.0
1562 1.0
1577 1.0
1582 0.25
1583 0.75
1661 1.0
1681 1.0
1687 1.0
1765 1.0
1770 1.0
2010 1.0
2031 1.0
2156 1.0
2161 1.0
2177 1.0
2182 1.0
2265 1.0
2286 1.0
2291 1.0
2302 1.0
2307 1.0
2395 1.0
2411 1.0
2416 1.0
2656 1.0
2765 1.0
2770 1.0
2776 1.0
2781 1.0
2885 1.0
2890 1.0
2901 1.0
2906 1.0
2911 1.0
2927 1.0
2932 1.0
3015 1.0
3020 1.0
3036 1.0
3041 1.0
3161 1.0
3166 1.0
3187 1.0
3213 1.0
3286 1.0
3291 1.0
3307 1.0
3312 1.0
3333 1.0
3338 1.0
3359 1.0
3364 1.0
3416 1.0
3437 1.0
3442 1.0
3458 1.0
3520 1.0
3541 1.0
3786 1.0
3812 1.0
3911 1.0
3932 1.0
3937 1.0
3958 1.0
3963 1.0
4020 1.0
4057 1.0
4062 1.0
4083 1.0
4088 1.0
4145 1.0
4161 1.0
4166 1.0
4270 1.0
4531 1.0
4541 1.0
4557 1.0
4682 1.0
4687 1.0
4786 1.0
4791 1.0
4807 1.0
4890 1.0
4895 1.0
5156 1.0
5161 1.0
5281 1.0
5286 1.0
5302 1.0
5306 0.09090909090909091
5307 0.9090909090909091
5390 1.0
5406 1.0
5411 1.0
5416 1.0
5427 1.0
5431 0.3333333333333333
5432 0.6666666666666666
5436 1.0
5515 1.0
5520 1.0
5541 1.0
5755 1.0
5760 1.0
5781 1.0
5786 1.0
5885 1.0
5895 1.0
5901 1.0
5906 1.0
5911 1.0
5931 0.5
5932 0.5
6010 1.0
6015 1.0
6026 1.0
6031 1.0
6035 0.125
6036 0.875
6051 1.0
6056 1.0
6140 1.0
6145 1.0
6161 1.0
6166 1.0
6286 1.0
6395 1.0
6411 1.0
6416 1.0
6421 1.0
6432 1.0
6437 1.0
6463 1.0
6515 1.0
6536 1.0
6562 1.0
6567 1.0
6583 1.0
6588 1.0
6593 1.0
6645 1.0
6661 1.0
6666 1.0
6692 1.0
6770 1.0
7015 1.0
7031 1.0
7036 1.0
7057 1.0
7062 1.0
7140 1.0
7166 1.0
7182 1.0
7187 1.0
7207 0.3333333333333333
7208 0.6666666666666666
7213 1.0
7265 1.0
7270 1.0
7286 1.0
7291 1.0
7296 1.0
7312 1.0
7390 1.0
7395 1.0
7656 1.0
7661 1.0
7765 1.0
7770 1.0
7781 1.0
7786 1.0
7791 1.0
7807 1.0
7812 1.0
7890 1.0
7895 1.0
7911 1.0
7916 1.0
7937 1.0
8015 1.0
8041 1.0
8265 1.0
8281 1.0
8286 1.0
8390 1.0
8406 1.0
8411 1.0
8416 1.0
8432 1.0
8437 1.0
8515 1.0
8531 1.0
8536 1.0
8541 1.0
8556 0.25
8557 0.75
8640 1.0
8645 1.0
8666 1.0
8885 1.0
8890 1.0
8906 1.0
9010 1.0
9015 1.0
9031 1.0
9036 1.0
9140 1.0
9151 1.0
9156 1.0
9161 1.0
9166 1.0
9265 1.0
9270 1.0
9281 1.0
9286 1.0
9416 1.0
9515 1.0
9541 1.0
9562 1.0
9567 1.0
9588 1.0
9667 1.0
9687 1.0
9692 1.0
9713 1.0
9770 1.0
9786 1.0
9791 1.0
9796 1.0
9895 1.0
9916 1.0
10161 1.0
10166 1.0
10187 1.0
10213 1.0
10265 1.0
10270 1.0
10286 1.0
10307 1.0
10311 0.07692307692307693
10312 0.9230769230769231
10317 1.0
10338 1.0
10390 1.0
10395 1.0
10411 1.0
10416 1.0
10432 1.0
10437 1.0
10515 1.0
10520 1.0
10541 1.0
10760 1.0
10765 1.0
10786 1.0
10791 1.0
10890 1.0
10906 1.0
10911 1.0
10932 1.0
10937 1.0
11036 1.0
11041 1.0
11057 1.0
11062 1.0
11140 1.0
11145 1.0
11171 1.0
11411 1.0
11510 1.0
11520 1.0
11531 1.0
11536 1.0
11557 1.0
11640 1.0
11656 1.0
11661 1.0
11666 1.0
11682 1.0
11760 1.0
11770 1.0
12005 1.0
12010 1.0
12030 0.3333333333333333
12031 0.6666666666666666
12140 1.0
12156 1.0
12265 1.0
12281 1.0
12286 1.0
12307 1.0
12390 1.0
12395 1.0
12406 1.0
12411 1.0
12645 1.0
12661 1.0
12666 1.0
12687 1.0
12692 1.0
12713 1.0
12770 1.0
12791 1.0
12812 1.0
12817 1.0
12838 1.0
12843 1.0
12890 1.0
12916 1.0
12937 1.0
12942 1.0
13020 1.0
13265 1.0
13286 1.0
13291 1.0
13312 1.0
13390 1.0
13395 1.0
13411 1.0
13432 1.0
13437 1.0
13515 1.0
13520 1.0
13536 1.0
13541 1.0
13557 1.0
13645 1.0
13666 1.0
13671 1.0
13885 1.0
13890 1.0
13906 1.0
13911 1.0
14015 1.0
14031 1.0
14036 1.0
14057 1.0
14062 1.0
14140 1.0
14145 1.0
14161 1.0
14166 1.0
14182 1.0
14186 0.16666666666666666
14187 0.8333333333333334
14265 1.0
14270 1.0
14286 1.0
14291 1.0
14515 1.0
14635 1.0
14640 1.0
14656 1.0
14661 1.0
14765 1.0
14770 1.0
14781 1.0
14786 1.0
14791 1.0
14806 1.0
14890 1.0
14895 1.0
14911 1.0
14916 1.0
15135 1.0
15260 1.0
15265 1.0
15281 1.0
15385 1.0
15390 1.0
15406 1.0
15411 1.0
15416 1.0
15515 1.0
15520 1.0
15536 1.0
15540 0.5
15541 0.5
15682 1.0
15687 1.0
15708 0.9
15709 0.1
15713 1.0
15729 1.0
15734 1.0
15739 1.0
15828 1.0
15833 1.0
15854 1.0
15859 1.0
16281 1.0
16302 1.0
16307 1.0
16328 1.0
16333 1.0
16359 1.0
16427 1.0
16453 1.0
16457 0.05555555555555555
16458 0.9444444444444444
16479 1.0
16484 1.0
16578 1.0
16906 1.0
16932 1.0
17026 1.0
17052 1.0
17057 1.0
17077 0.0625
17078 0.9375
17082 0.5
17083 0.5
17177 1.0
17202 0.25
17203 0.75
17651 1.0
17656 1.0
17677 1.0
17776 1.0
17802 1.0
17807 1.0
17901 1.0
17926 0.16666666666666666
17927 0.8333333333333334
18276 1.0
18401 1.0
18426 0.2
18427 0.8
18526 1.0
18551 0.5294117647058824
18552 0.47058823529411764
18786 1.0
18807 1.0
18812 1.0
18833 1.0
18838 1.0
18859 1.0
18958 1.0
18963 1.0
18979 1.0
18984 1.0
18989 1.0
19406 1.0
19411 1.0
19432 1.0
19557 1.0
19578 1.0
19582 0.08
19583 0.92
19603 0.5
19604 0.5
19609 1.0
19708 1.0
20031 1.0
20156 1.0
20177 1.0
20182 1.0
20203 1.0
20207 0.1111111111111111
20208 0.8888888888888888
20302 1.0
20307 1.0
20327 0.3333333333333333
20328 0.6666666666666666
20332 0.3333333333333333
20333 0.6666666666666666
20656 1.0
20776 1.0
20781 1.0
20807 1.0
20901 1.0
20927 1.0
20932 1.0
21051 0.25
21052 0.75
21401 1.0
21406 1.0
21526 1.0
21531 1.0
21551 0.38461538461538464
21552 0.6153846153846154
21651 1.0
21676 0.16666666666666666
21677 0.8333333333333334
21776 1.0
21911 1.0
21932 1.0
21937 1.0
21958 1.0
21963 1.0
21989 1.0
22083 1.0
22088 1.0
22109 1.0
22114 1.0
22557 1.0
22562 1.0
22656 1.0
22682 1.0
22687 1.0
22702 1.0
22708 1.0
22807 1.0
22833 1.0
23156 1.0
23281 1.0
23307 1.0
23327 1.0
23333 1.0
23427 1.0
23432 1.0
23452 0.5
23453 0.5
23458 1.0
23901 1.0
23906 1.0
24026 1.0
24051 0.0625
24052 0.9375
24056 0.05
24057 0.95
24151 1.0
24176 0.16666666666666666
24177 0.8333333333333334
24526 1.0
24530 0.3333333333333333
24531 0.6666666666666666
24651 1.0
24656 1.0
24677 1.0
24682 1.0
24776 1.0
24781 1.0
24801 0.6
24802 0.4
24901 1.0
25036 1.0
25041 1.0
25062 1.0
25182 1.0
25187 1.0
25208 1.0
25213 1.0
25234 1.0
25239 1.0
25333 1.0
25656 1.0
25682 1.0
25687 1.0
25781 1.0
25807 1.0
25812 1.0
25833 1.0
25932 1.0
25957 0.125
25958 0.875
25963 1.0
26286 1.0
26406 1.0
26432 1.0
26458 1.0
26552 1.0
26557 1.0
26582 0.5
26583 0.5
26677 1.0
27031 1.0
27057 1.0
27151 1.0
27156 1.0
27176 0.25
27177 0.75
27182 1.0
27276 1.0
27301 0.2
27302 0.8
27651 1.0
27656 1.0
27776 1.0
27781 1.0
27801 0.25
27802 0.75
27807 1.0
27901 1.0
27906 1.0
27926 0.75
27927 0.25
27932 1.0
28161 1.0
28286 1.0
28307 1.0
28312 1.0
28333 1.0
28338 1.0
28343 1.0
28364 1.0
28437 1.0
28458 1.0
28463 1.0
28781 1.0
28786 1.0
28812 1.0
28906 1.0
28911 1.0
28932 1.0
28937 1.0
28958 1.0
28962 0.25
28963 0.75
29057 1.0
29062 1.0
29082 0.2857142857142857
29083 0.7142857142857143
29088 1.0
29182 1.0
29531 1.0
29677 1.0
29682 1.0
29707 0.5
29708 0.5
29807 1.0
30156 1.0
30276 1.0
30281 1.0
30302 1.0
30306 0.26666666666666666
30307 0.7333333333333333
30401 1.0
30406 1.0
30426 0.5
30427 0.5
30431 0.09090909090909091
30432 0.9090909090909091
30776 1.0
30781 1.0
30901 1.0
30906 1.0
30927 1.0
31026 1.0
31031 1.0
31057 1.0
31151 1.0
31281 1.0
31307 1.0
31312 1.0
31328 1.0
31333 1.0
31354 1.0
31359 1.0
31927 1.0
31932 1.0
31953 1.0
31958 1.0
31978 0.3333333333333333
31979 0.6666666666666666
31984 1.0
32052 1.0
32078 1.0
32104 1.0
32526 1.0
32531 1.0
32552 1.0
32557 1.0
32676 0.3333333333333333
32677 0.6666666666666666
32702 0.16666666666666666
32703 0.8333333333333334
32802 1.0
32827 0.125
32828 0.875
33276 1.0
33302 1.0
33401 1.0
33427 1.0
33526 1.0
33551 0.1111111111111111
33552 0.8888888888888888
33901 1.0
33927 1.0
34026 1.0
34051 0.3333333333333333
34052 0.6666666666666666
34151 1.0
34176 0.8333333333333334
34177 0.16666666666666666
34276 1.0
34432 1.0
34437 1.0
34458 1.0
34463 1.0
34479 1.0
34484 1.0
34489 1.0
34583 1.0
34604 1.0
34609 1.0
35031 1.0
35052 1.0
35057 1.0
35078 1.0
35083 1.0
35109 1.0
35182 1.0
35203 1.0
35208 1.0
35229 1.0
35234 1.0
35328 1.0
35651 1.0
35656 1.0
35682 1.0
35776 1.0
35801 0.2857142857142857
35802 0.7142857142857143
35827 0.07692307692307693
35828 0.9230769230769231
35833 1.0
35927 1.0
35952 0.2
35953 0.8
36401 1.0
36427 1.0
36526 1.0
36551 0.06666666666666667
36552 0.9333333333333333
36651 1.0
36676 0.125
36677 0.875
37026 1.0
37151 1.0
37177 1.0
37276 1.0
37301 0.7272727272727273
37302 0.2727272727272727
37536 1.0
37557 1.0
37562 1.0
37583 1.0
37588 1.0
37609 1.0
37708 1.0
37734 1.0
38156 1.0
38182 1.0
38208 1.0
38302 1.0
38307 1.0
38328 1.0
38332 0.06666666666666667
38333 0.9333333333333333
38359 1.0
38453 1.0
38781 1.0
38901 1.0
38906 1.0
38927 1.0
38953 1.0
38958 1.0
39052 1.0
39077 0.5
39078 0.5
39526 1.0
39552 1.0
39651 1.0
39676 0.07142857142857142
39677 0.9285714285714286
39802 1.0
40151 1.0
40156 1.0
40276 1.0
40301 0.2
40302 0.8
40401 1.0
40426 0.6666666666666666
40427 0.3333333333333333
40526 1.0
40661 1.0
40681 0.25
40682 0.75
40687 1.0
40708 1.0
40713 1.0
40734 1.0
40739 1.0
40807 1.0
40833 1.0
40838 1.0
40859 1.0
40864 1.0
41281 1.0
41306 0.3333333333333333
41307 0.6666666666666666
41427 1.0
41432 1.0
41458 1.0
41484 1.0
41552 1.0
41577 1.0
41583 1.0
41906 1.0
42026 1.0
42031 1.0
42052 1.0
42057 1.0
42077 0.5
42078 0.5
42082 0.25
42083 0.75
42177 1.0
42182 1.0
42202 0.3333333333333333
42203 0.6666666666666666
42208 1.0
42651 1.0
42677 1.0
42776 1.0
42801 0.058823529411764705
42802 0.9411764705882353
42807 1.0
42926 0.25
42927 0.75
43276 1.0
43281 1.0
43401 1.0
43426 0.6666666666666666
43427 0.3333333333333333
43526 1.0
43551 0.6666666666666666
43552 0.3333333333333333
43651 1.0
43807 1.0
43811 0.14285714285714285
43812 0.8571428571428571
43838 1.0
43864 1.0
43958 1.0
43963 1.0
43984 1.0
43989 1.0
44411 1.0
44431 0.3333333333333333
44432 0.6666666666666666
44531 1.0
44557 1.0
44582 0.125
44583 0.875
44609 1.0
44682 1.0
44708 1.0
45156 1.0
45182 1.0
45207 0.5
45208 0.5
45302 1.0
45307 1.0
45327 0.6
45328 0.4
45332 1.0
45427 1.0
45776 1.0
45781 1.0
45802 1.0
45901 1.0
45926 0.1111111111111111
45927 0.8888888888888888
45932 1.0
46051 0.16666666666666666
46052 0.8333333333333334
46400 0.16666666666666666
46401 0.8333333333333334
46406 1.0
46526 1.0
46551 1.0
46651 1.0
46676 0.5
46677 0.5
46776 1.0
46932 1.0
46958 1.0
46963 1.0
46979 1.0
46984 1.0
46989 1.0
47104 1.0
47552 1.0
47557 1.0
47578 1.0
47603 0.09090909090909091
47604 0.9090909090909091
47703 1.0
47728 0.375
47729 0.625
47828 1.0
48151 1.0
48276 1.0
48302 1.0
48327 0.05263157894736842
48328 0.9473684210526315
48427 1.0
48452 0.25
48453 0.75
48776 1.0
48901 1.0
48927 1.0
48952 1.0
49026 1.0
49051 0.06896551724137931
49052 0.9310344827586207
49077 1.0
49151 1.0
49176 0.07692307692307693
49177 0.9230769230769231
49526 1.0
49650 0.1
49651 0.9
49676 0.4166666666666667
49677 0.5833333333333334
49776 1.0
49801 0.5
49802 0.5
49901 1.0
50057 1.0
50062 1.0
50083 1.0
50104 1.0
50109 1.0
50114 1.0
50203 1.0
50229 1.0
50677 1.0
50682 1.0
50703 1.0
50708 1.0
50729 1.0
50802 1.0
50828 1.0
50853 0.25
50854 0.75
50953 1.0
51281 1.0
51302 1.0
51401 1.0
51427 1.0
51453 1.0
51552 1.0
51577 0.5
51578 0.5
51901 1.0
52026 1.0
52052 1.0
52151 1.0
52176 0.12
52177 0.88
52302 1.0
52526 1.0
52651 1.0
52776 1.0
52801 0.14285714285714285
52802 0.8571428571428571
52901 1.0
52926 0.625
52927 0.375
53026 1.0
53182 1.0
53187 1.0
53208 1.0
53234 1.0
53239 1.0
53328 1.0
53333 1.0
53354 1.0
53359 1.0
53802 1.0
53807 1.0
53833 1.0
53927 1.0
53953 1.0
53958 1.0
53979 1.0
53984 1.0
54401 1.0
54406 1.0
54426 0.5
54427 0.5
54552 1.0
54578 1.0
54677 1.0
54702 0.42857142857142855
54703 0.5714285714285714
55151 1.0
55177 1.0
55276 1.0
55301 0.07692307692307693
55302 0.9230769230769231
55401 1.0
55426 0.16666666666666666
55427 0.8333333333333334
55776 1.0
55901 1.0
55926 0.2
55927 0.8
56026 1.0
56051 0.75
56052 0.25
56151 1.0
56307 1.0
56312 1.0
56333 1.0
56338 1.0
56359 1.0
56364 1.0
56458 1.0
56484 1.0
56906 1.0
56932 1.0
56937 1.0
56958 1.0
57052 1.0
57078 1.0
57083 1.0
57108 0.3333333333333333
57109 0.6666666666666666
57203 1.0
57526 1.0
57531 1.0
57557 1.0
57651 1.0
57677 1.0
57682 1.0
57702 0.16666666666666666
57703 0.8333333333333334
57708 1.0
57802 1.0
57827 0.5714285714285714
57828 0.42857142857142855
57927 1.0
58156 1.0
58276 1.0
58302 1.0
58401 1.0
58426 0.11764705882352941
58427 0.8823529411764706
58551 0.1111111111111111
58552 0.8888888888888888
58901 1.0
59026 1.0
59051 0.6666666666666666
59052 0.3333333333333333
59151 1.0
59176 1.0
59276 1.0
59432 1.0
59437 1.0
59458 1.0
59463 1.0
59583 1.0
59609 1.0
59614 1.0
60031 1.0
60057 1.0
60062 1.0
60182 1.0
60203 1.0
60208 1.0
60234 1.0
60328 1.0
60333 1.0
60656 1.0
60681 1.0
60776 1.0
60801 0.2
60802 0.8
60807 1.0
60828 1.0
60833 1.0
60927 1.0
60952 0.5384615384615384
60953 0.46153846153846156
61052 1.0
61401 1.0
61427 1.0
61551 0.041666666666666664
61552 0.9583333333333334
61676 0.2222222222222222
61677 0.7777777777777778
62026 1.0
62151 1.0
62177 1.0
62276 1.0
62302 1.0
62552 1.0
62557 1.0
62562 1.0
62583 1.0
62604 1.0
62609 1.0
63177 1.0
63182 1.0
63203 1.0
63208 1.0
63228 0.05263157894736842
63229 0.9473684210526315
63234 1.0
63328 1.0
63353 0.17647058823529413
63354 0.8235294117647058
63453 1.0
63776 1.0
63801 0.2
63802 0.8
63901 1.0
63927 1.0
63952 0.045454545454545456
63953 0.9545454545454546
63978 1.0
64052 1.0
64077 0.6666666666666666
64078 0.3333333333333333
64177 1.0
64526 1.0
64552 1.0
64651 1.0
64676 0.029411764705882353
64677 0.9705882352941176
64776 1.0
64801 0.2
64802 0.8
65026 1.0
65151 1.0
65275 0.25
65276 0.75
65301 0.25
65302 0.75
65401 1.0
65426 0.5
65427 0.5
65526 1.0
65682 1.0
65687 1.0
65703 1.0
65708 1.0
65729 1.0
65734 1.0
65739 1.0
66302 1.0
66307 1.0
66327 0.14285714285714285
66328 0.8571428571428571
66353 0.14285714285714285
66354 0.8571428571428571
66359 1.0
66453 1.0
66478 0.06666666666666667
66479 0.9333333333333333
66578 1.0
66901 1.0
66906 1.0
66927 1.0
67026 1.0
67051 0.125
67052 0.875
67078 1.0
67104 1.0
67177 1.0
67202 0.6363636363636364
67203 0.36363636363636365
67526 1.0
67651 1.0
67677 1.0
67703 1.0
67776 1.0
67801 0.15
67802 0.85
67828 1.0
67901 1.0
67926 0.14285714285714285
67927 0.8571428571428571
68151 1.0
68276 1.0
68401 1.0
68426 0.25
68427 0.75
68526 1.0
68551 1.0
68651 1.0
68807 1.0
68812 1.0
68833 1.0
68838 1.0
68859 1.0
68864 1.0
68979 1.0
69427 1.0
69432 1.0
69453 1.0
69458 1.0
69479 1.0
69484 1.0
69552 1.0
69578 1.0
69583 1.0
69603 0.1
69604 0.9
69609 1.0
70026 1.0
70031 1.0
70051 0.5
70052 0.5
70151 1.0
70176 0.14285714285714285
70177 0.8571428571428571
70202 0.14285714285714285
70203 0.8571428571428571
70302 1.0
70327 0.42857142857142855
70328 0.5714285714285714
70651 1.0
70776 1.0
70802 1.0
70901 1.0
70926 0.05
70927 0.95
70952 1.0
71026 1.0
71051 0.5
71052 0.5
71276 1.0
71401 1.0
71526 1.0
71551 0.5555555555555556
71552 0.4444444444444444
71651 1.0
71676 0.75
71677 0.25
71776 1.0
71911 1.0
71932 1.0
71937 1.0
71958 1.0
71963 1.0
71983 0.09523809523809523
71984 0.9047619047619048
71989 1.0
72078 1.0
72104 1.0
72108 0.2
72109 0.8
72557 1.0
72583 1.0
72677 1.0
72702 0.047619047619047616
72703 0.9523809523809523
72708 1.0
72729 1.0
72734 1.0
72828 1.0
73176 1.0
73182 1.0
73276 1.0
73301 0.1
73302 0.9
73327 0.14285714285714285
73328 0.8571428571428571
73427 1.0
73452 0.14285714285714285
73453 0.8571428571428571
73901 1.0
73927 1.0
74026 1.0
74051 0.08695652173913043
74052 0.9130434782608695
74151 1.0
74177 1.0
74526 1.0
74651 1.0
74676 1.0
74776 1.0
74801 0.75
74802 0.25
74901 1.0
75036 1.0
75057 1.0
75062 1.0
75083 1.0
75088 1.0
75109 1.0
75114 1.0
75208 1.0
75234 1.0
75656 1.0
75677 1.0
75682 1.0
75802 1.0
75807 1.0
75827 0.047619047619047616
75828 0.9523809523809523
75833 1.0
75854 1.0
75859 1.0
75953 1.0
76276 1.0
76281 1.0
76307 1.0
76401 1.0
76426 0.2222222222222222
76427 0.7777777777777778
76452 0.16666666666666666
76453 0.8333333333333334
76458 1.0
76552 1.0
76577 0.25
76578 0.75
76677 1.0
76901 1.0
77026 1.0
77176 0.13636363636363635
77177 0.8636363636363636
77276 1.0
77302 1.0
77651 1.0
77776 1.0
77802 1.0
77901 1.0
77926 0.875
77927 0.125
78026 1.0
