55 1.0
60 1.0
80 1.0
85 1.0
105 1.0
110 1.0
186 1.0
206 1.0
211 1.0
231 1.0
236 1.0
267 1.0
292 1.0
312 1.0
398 1.0
418 1.0
543 1.0
660 1.0
680 1.0
781 1.0
786 1.0
806 1.0
831 1.0
836 1.0
912 1.0
917 1.0
932 1.0
937 1.0
942 1.0
957 1.0
1038 1.0
1043 1.0
1063 1.0
1149 1.0
1169 1.0
1280 0.5
1281 0.5
1406 1.0
1411 1.0
1431 1.0
1456 0.5
1457 0.5
1537 1.0
1557 1.0
1562 1.0
1577 1.0
1582 1.0
1663 1.0
1688 1.0
1769 1.0
1774 1.0
2011 1.0
2031 1.0
2157 1.0
2162 1.0
2177 1.0
2182 1.0
2207 1.0
2268 1.0
2273 1.0
2288 1.0
2293 1.0
2308 1.0
2399 1.0
2414 1.0
2419 1.0
2656 1.0
2767 1.0
2772 1.0
2782 1.0
2802 1.0
2807 1.0
2893 1.0
2903 1.0
2908 1.0
2913 1.0
2918 1.0
2928 1.0
2933 1.0
3019 1.0
3024 1.0
3039 1.0
3044 1.0
3165 1.0
3185 1.0
3210 1.0
3286 1.0
3291 1.0
3306 1.0
3311 1.0
3331 1.0
3336 1.0
3356 1.0
3361 1.0
3417 1.0
3437 1.0
3442 1.0
3457 1.0
3523 1.0
3543 1.0
3785 1.0
3810 1.0
3911 1.0
3931 0.8888888888888888
3932 0.1111111111111111
3936 1.0
3956 1.0
3961 1.0
4022 1.0
4057 1.0
4062 1.0
4082 1.0
4087 1.0
4148 1.0
4163 1.0
4168 1.0
4274 1.0
4536 1.0
4541 1.0
4556 0.6
4557 0.4
4682 1.0
4687 0.6666666666666666
4688 0.3333333333333333
4692 1.0
4707 1.0
4788 1.0
4793 1.0
4894 1.0
4899 1.0
5156 1.0
5161 1.0
5282 1.0
5287 1.0
5307 1.0
5312 1.0
5393 1.0
5408 1.0
5413 1.0
5418 1.0
5428 1.0
5433 1.0
5438 1.0
5519 1.0
5524 1.0
5544 1.0
5766 1.0
5781 1.0
5786 1.0
5887 1.0
5897 1.0
5907 0.8333333333333334
5908 0.16666666666666666
5912 1.0
5932 1.0
6013 1.0
6018 1.0
6033 1.0
6038 0.875
6039 0.125
6043 1.0
6053 1.0
6058 1.0
6144 1.0
6149 1.0
6164 1.0
6169 1.0
6285 1.0
6396 1.0
6411 1.0
6416 1.0
6421 1.0
6436 1.0
6461 1.0
6517 1.0
6537 1.0
6542 1.0
6562 1.0
6567 1.0
6587 1.0
6592 1.0
6648 1.0
6663 1.0
6668 1.0
6693 1.0
6774 1.0
7016 1.0
7036 1.0
7061 1.0
7142 1.0
7167 1.0
7182 1.0
7187 1.0
7207 1.0
7212 1.0
7268 1.0
7273 1.0
7288 1.0
7293 1.0
7298 1.0
7313 1.0
7394 1.0
7399 1.0
7656 1.0
7661 1.0
7767 1.0
7772 1.0
7782 1.0
7787 1.0
7792 1.0
7807 1.0
7812 1.0
7837 1.0
7893 1.0
7898 1.0
7913 1.0
7918 1.0
7938 1.0
8019 1.0
8044 1.0
8266 1.0
8281 1.0
8286 1.0
8392 1.0
8407 1.0
8412 0.8
8413 0.2
8417 1.0
8432 1.0
8437 1.0
8518 1.0
8533 1.0
8538 1.0
8543 1.0
8558 1.0
8563 1.0
8644 1.0
8649 1.0
8669 1.0
8886 1.0
8891 1.0
8906 1.0
9017 1.0
9032 0.8571428571428571
9033 0.14285714285714285
9037 1.0
9143 1.0
9153 1.0
9158 1.0
9163 1.0
9168 1.0
9269 1.0
9274 1.0
9284 1.0
9294 1.0
9415 1.0
9516 1.0
9541 1.0
9561 1.0
9566 1.0
9586 1.0
9667 1.0
9687 1.0
9692 1.0
9712 1.0
9773 1.0
9788 1.0
9793 1.0
9798 1.0
9899 1.0
9919 1.0
10161 1.0
10166 1.0
10186 1.0
10211 1.0
10267 1.0
10272 1.0
10287 1.0
10307 1.0
10312 1.0
10317 1.0
10337 1.0
10393 1.0
10398 1.0
10413 1.0
10418 1.0
10438 1.0
10519 1.0
10524 1.0
10544 1.0
10761 1.0
10766 1.0
10786 1.0
10791 1.0
10892 1.0
10907 1.0
10912 1.0
10932 0.7142857142857143
10933 0.2857142857142857
10937 0.8
10938 0.2
11038 1.0
11043 1.0
11058 1.0
11063 1.0
11144 1.0
11149 1.0
11169 1.0
11174 1.0
11411 1.0
11512 1.0
11522 1.0
11532 1.0
11537 1.0
11557 1.0
11643 1.0
11658 1.0
11663 1.0
11668 1.0
11683 1.0
11764 1.0
11774 1.0
12011 1.0
12031 1.0
12036 1.0
12142 1.0
12157 0.6666666666666666
12158 0.3333333333333333
12268 1.0
12283 0.875
12284 0.125
12288 1.0
12308 1.0
12394 1.0
12399 1.0
12419 1.0
12646 1.0
12661 1.0
12666 1.0
12686 1.0
12691 1.0
12711 1.0
12772 1.0
12792 1.0
12812 1.0
12817 1.0
12837 1.0
12842 1.0
12893 1.0
12918 1.0
12938 1.0
12943 1.0
13024 1.0
13266 1.0
13286 1.0
13291 1.0
13311 1.0
13392 1.0
13397 1.0
13412 1.0
13437 1.0
13518 1.0
13523 1.0
13538 1.0
13543 1.0
13563 1.0
13649 1.0
13669 1.0
13674 1.0
13886 1.0
13891 1.0
13911 1.0
14017 1.0
14032 1.0
14037 1.0
14057 1.0
14062 1.0
14143 1.0
14148 1.0
14163 1.0
14168 1.0
14183 1.0
14188 1.0
14269 1.0
14274 1.0
14289 1.0
14294 1.0
14516 1.0
14642 1.0
14657 1.0
14662 1.0
14667 1.0
14682 1.0
14768 1.0
14773 1.0
14783 1.0
14788 1.0
14793 1.0
14808 1.0
14894 1.0
14899 1.0
14914 1.0
14919 1.0
15136 1.0
15262 1.0
15267 1.0
15282 1.0
15287 1.0
15388 1.0
15393 1.0
15408 1.0
15413 1.0
15418 1.0
15433 1.0
15519 1.0
15524 1.0
15539 1.0
15544 1.0
15680 1.0
15685 1.0
15705 1.0
15710 1.0
15725 1.0
15730 1.0
15735 1.0
15826 1.0
15831 1.0
15856 1.0
16280 1.0
16300 0.6666666666666666
16301 0.3333333333333333
16305 1.0
16325 0.5
16326 0.5
16330 1.0
16355 1.0
16451 1.0
16456 1.0
16476 1.0
16481 1.0
16577 1.0
16905 1.0
16930 1.0
17026 1.0
17051 0.9090909090909091
17052 0.09090909090909091
17056 1.0
17076 0.8666666666666667
17077 0.13333333333333333
17081 0.9090909090909091
17082 0.09090909090909091
17177 1.0
17202 1.0
17651 1.0
17656 1.0
17676 0.6
17677 0.4
17681 1.0
17802 0.9459459459459459
17803 0.05405405405405406
17807 1.0
17827 1.0
17928 1.0
18276 1.0
18402 0.8888888888888888
18403 0.1111111111111111
18427 0.8666666666666667
18428 0.13333333333333333
18432 1.0
18528 1.0
18553 1.0
18785 1.0
18805 1.0
18810 1.0
18830 1.0
18835 1.0
18855 1.0
18860 1.0
18956 1.0
18961 1.0
18981 1.0
18986 1.0
19405 1.0
19410 1.0
19430 1.0
19455 1.0
19556 1.0
19576 1.0
19581 0.9655172413793104
19582 0.034482758620689655
19601 1.0
19606 1.0
19707 1.0
20030 1.0
20055 1.0
20156 1.0
20176 1.0
20181 0.8333333333333334
20182 0.16666666666666666
20201 0.75
20202 0.25
20206 1.0
20302 1.0
20307 1.0
20327 1.0
20332 1.0
20655 1.0
20776 1.0
20781 1.0
20806 0.5
20807 0.5
20902 1.0
20927 0.9047619047619048
20928 0.09523809523809523
20932 1.0
20952 1.0
21053 1.0
21401 1.0
21406 1.0
21432 1.0
21527 0.3333333333333333
21528 0.6666666666666666
21552 0.7894736842105263
21553 0.21052631578947367
21557 1.0
21653 1.0
21678 1.0
21910 1.0
21930 1.0
21935 1.0
21955 1.0
21960 0.75
21961 0.25
21985 1.0
22081 1.0
22086 1.0
22106 1.0
22111 1.0
22555 1.0
22560 1.0
22656 1.0
22681 0.875
22682 0.125
22686 1.0
22706 0.9565217391304348
22707 0.043478260869565216
22731 1.0
22807 1.0
22832 1.0
23155 1.0
23160 1.0
23281 1.0
23306 1.0
23331 0.75
23332 0.25
23427 1.0
23432 1.0
23452 1.0
23457 1.0
23906 1.0
23931 1.0
24027 1.0
24052 0.8235294117647058
24053 0.17647058823529413
24057 0.9565217391304348
24058 0.043478260869565216
24178 1.0
24527 1.0
24531 1.0
24652 1.0
24657 1.0
24677 0.7142857142857143
24678 0.2857142857142857
24682 1.0
24778 1.0
24803 1.0
24808 1.0
25035 1.0
25040 1.0
25060 1.0
25181 1.0
25186 1.0
25206 1.0
25211 1.0
25231 1.0
25236 1.0
25332 1.0
25660 1.0
25680 1.0
25685 1.0
25781 1.0
25786 1.0
25806 0.8571428571428571
25807 0.14285714285714285
25811 1.0
25831 0.875
25832 0.125
25932 1.0
25957 1.0
25962 1.0
26285 1.0
26406 1.0
26411 1.0
26431 1.0
26456 1.0
26552 0.75
26553 0.25
26557 1.0
26562 1.0
26582 1.0
27031 1.0
27056 1.0
27157 1.0
27177 1.0
27182 1.0
27283 1.0
27303 1.0
27651 1.0
27656 1.0
27777 0.8571428571428571
27778 0.14285714285714285
27782 1.0
27802 0.75
27803 0.25
27807 1.0
27903 1.0
27908 1.0
27928 1.0
27933 1.0
28160 0.8333333333333334
28161 0.16666666666666666
28286 1.0
28306 1.0
28311 1.0
28331 1.0
28336 1.0
28341 1.0
28361 1.0
28437 1.0
28457 1.0
28462 1.0
28785 1.0
28810 1.0
28906 1.0
28911 1.0
28931 1.0
28936 1.0
28956 1.0
28961 1.0
29057 0.875
29058 0.125
29062 1.0
29082 1.0
29087 1.0
29531 1.0
29556 0.5
29557 0.5
29561 1.0
29682 1.0
29687 1.0
29707 1.0
29808 1.0
30156 1.0
30277 1.0
30282 1.0
30302 1.0
30307 0.9090909090909091
30308 0.09090909090909091
30312 1.0
30408 1.0
30428 1.0
30433 1.0
30776 1.0
30781 1.0
30902 1.0
30907 0.75
30908 0.25
30932 1.0
31028 1.0
31033 1.0
31053 1.0
31058 1.0
31280 1.0
31305 1.0
31310 1.0
31330 1.0
31350 1.0
31355 1.0
31925 1.0
31930 1.0
31950 0.7777777777777778
31951 0.2222222222222222
31955 1.0
31975 0.5
31976 0.5
31980 1.0
32051 1.0
32076 1.0
32101 1.0
32530 1.0
32550 1.0
32555 1.0
32581 1.0
32676 1.0
32701 0.9615384615384616
32702 0.038461538461538464
32706 1.0
32802 1.0
32827 1.0
33150 0.5
33151 0.5
33276 1.0
33301 0.8333333333333334
33302 0.16666666666666666
33326 1.0
33427 0.9642857142857143
33428 0.03571428571428571
33452 1.0
33553 1.0
33901 0.5555555555555556
33902 0.4444444444444444
33926 1.0
34027 0.75
34028 0.25
34052 0.8181818181818182
34053 0.18181818181818182
34153 1.0
34178 1.0
34430 1.0
34435 1.0
34455 1.0
34460 1.0
34475 1.0
34480 0.9444444444444444
34481 0.05555555555555555
34485 1.0
34581 1.0
34601 1.0
34606 1.0
35030 1.0
35055 1.0
35080 0.8
35081 0.2
35105 0.75
35106 0.25
35201 1.0
35206 1.0
35226 1.0
35231 1.0
35327 1.0
35655 1.0
35680 1.0
35776 1.0
35801 1.0
35826 0.8888888888888888
35827 0.1111111111111111
35831 1.0
35927 1.0
35952 1.0
36275 0.6666666666666666
36276 0.3333333333333333
36401 1.0
36426 0.6666666666666666
36427 0.3333333333333333
36451 1.0
36552 0.9375
36553 0.0625
36577 1.0
36678 1.0
36901 1.0
37026 1.0
37152 0.75
37153 0.25
37177 0.5
37178 0.5
37278 1.0
37303 1.0
37535 1.0
37555 1.0
37560 1.0
37580 0.8333333333333334
37581 0.16666666666666666
37585 1.0
37605 1.0
37610 1.0
37706 1.0
37731 1.0
38155 1.0
38180 0.75
38181 0.25
38205 1.0
38231 1.0
38301 1.0
38326 1.0
38331 0.9545454545454546
38332 0.045454545454545456
38356 1.0
38780 1.0
38901 1.0
38906 1.0
38926 1.0
38931 1.0
38951 0.625
38952 0.375
38956 1.0
39052 1.0
39077 1.0
39526 1.0
39531 1.0
39551 0.75
39552 0.25
39557 1.0
39677 0.8666666666666667
39678 0.13333333333333333
39702 1.0
39803 1.0
40151 1.0
40156 1.0
40277 1.0
40302 0.75
40303 0.25
40403 1.0
40428 1.0
40529 1.0
40660 1.0
40680 1.0
40685 1.0
40705 1.0
40710 1.0
40730 1.0
40735 1.0
40806 1.0
40831 1.0
40836 1.0
40856 1.0
40861 1.0
41280 1.0
41305 1.0
41426 1.0
41431 1.0
41456 1.0
41481 1.0
41577 1.0
41582 1.0
41905 1.0
41930 1.0
42031 1.0
42051 0.75
42052 0.25
42056 0.8571428571428571
42057 0.14285714285714285
42076 0.75
42077 0.25
42081 0.8333333333333334
42082 0.16666666666666666
42177 1.0
42182 1.0
42202 1.0
42207 1.0
42526 1.0
42651 1.0
42656 1.0
42676 0.75
42677 0.25
42681 0.75
42682 0.25
42777 1.0
42802 0.9444444444444444
42803 0.05555555555555555
42807 1.0
42928 1.0
43276 1.0
43281 1.0
43402 0.9333333333333333
43403 0.06666666666666667
43427 0.85
43428 0.15
43528 1.0
43553 1.0
43805 1.0
43810 1.0
43835 1.0
43860 1.0
43956 1.0
43961 1.0
43981 1.0
43986 1.0
44410 1.0
44430 1.0
44531 1.0
44556 1.0
44581 0.9047619047619048
44582 0.09523809523809523
44586 1.0
44606 1.0
44707 1.0
45156 1.0
45181 0.7777777777777778
45182 0.2222222222222222
45186 1.0
45206 0.5
45207 0.5
45302 1.0
45307 1.0
45327 1.0
45332 1.0
45428 1.0
45776 1.0
45781 1.0
45801 0.3333333333333333
45802 0.6666666666666666
45927 0.9411764705882353
45928 0.058823529411764705
45932 0.8571428571428571
45933 0.14285714285714285
46053 1.0
46401 1.0
46406 1.0
46527 0.9
46528 0.1
46552 0.8666666666666667
46553 0.13333333333333333
46557 1.0
46653 1.0
46678 1.0
46779 1.0
46930 1.0
46935 1.0
46955 1.0
46960 1.0
46975 0.9090909090909091
46976 0.09090909090909091
46980 1.0
46985 1.0
47101 1.0
47550 1.0
47555 1.0
47575 0.8
47576 0.2
47600 0.8888888888888888
47601 0.1111111111111111
47605 1.0
47701 1.0
47726 1.0
48150 1.0
48155 1.0
48175 1.0
48201 1.0
48301 1.0
48326 0.8666666666666667
48327 0.13333333333333333
48351 1.0
48427 1.0
48452 1.0
48775 1.0
48800 1.0
48901 1.0
48926 0.6666666666666666
48927 0.3333333333333333
48951 0.6666666666666666
48952 0.3333333333333333
49052 0.7931034482758621
49053 0.20689655172413793
49077 0.875
49078 0.125
49178 1.0
49526 0.8
49527 0.2
49652 1.0
49677 0.8888888888888888
49678 0.1111111111111111
49778 0.8666666666666667
49779 0.13333333333333333
49803 1.0
50055 1.0
50060 1.0
50080 1.0
50100 1.0
50105 1.0
50110 1.0
50226 1.0
50680 1.0
50701 1.0
50705 1.0
50725 1.0
50801 1.0
50826 0.8571428571428571
50827 0.14285714285714285
50851 1.0
51280 1.0
51300 1.0
51325 1.0
51426 1.0
51451 0.8518518518518519
51452 0.14814814814814814
51552 1.0
51577 1.0
51901 1.0
51925 1.0
51930 1.0
52026 1.0
52051 1.0
52076 1.0
52177 0.9565217391304348
52178 0.043478260869565216
52202 1.0
52303 1.0
52525 1.0
52651 1.0
52777 0.6666666666666666
52778 0.3333333333333333
52802 0.7407407407407407
52803 0.25925925925925924
52903 1.0
52928 1.0
53180 1.0
53185 1.0
53205 0.8333333333333334
53206 0.16666666666666666
53230 0.9523809523809523
53231 0.047619047619047616
53235 1.0
53326 1.0
53356 1.0
53800 1.0
53805 1.0
53830 0.8333333333333334
53831 0.16666666666666666
53951 1.0
53956 1.0
53976 1.0
53981 1.0
54400 1.0
54405 1.0
54425 1.0
54430 1.0
54552 1.0
54576 0.8947368421052632
54577 0.10526315789473684
54677 1.0
54702 1.0
55151 1.0
55176 0.6
55177 0.4
55277 1.0
55302 1.0
55327 1.0
55428 1.0
55776 1.0
55902 0.75
55903 0.25
55927 0.8823529411764706
55928 0.11764705882352941
56028 1.0
56053 1.0
56305 1.0
56310 1.0
56330 1.0
56335 1.0
56355 0.9166666666666666
56356 0.08333333333333333
56360 1.0
56456 1.0
56481 1.0
56905 1.0
56930 1.0
56935 1.0
56955 1.0
56980 1.0
57051 1.0
57056 1.0
57076 0.9166666666666666
57077 0.08333333333333333
57081 1.0
57106 1.0
57202 1.0
57525 1.0
57530 1.0
57555 1.0
57651 1.0
57676 1.0
57681 1.0
57701 0.8571428571428571
57702 0.14285714285714285
57706 1.0
57802 1.0
57827 1.0
58150 1.0
58155 1.0
58276 1.0
58301 0.25
58302 0.75
58326 1.0
58427 0.9117647058823529
58428 0.08823529411764706
58452 1.0
58553 1.0
58901 1.0
59027 1.0
59052 0.8333333333333334
59053 0.16666666666666666
59153 0.9230769230769231
59154 0.07692307692307693
59178 1.0
59279 1.0
59430 1.0
59435 1.0
59455 1.0
59460 1.0
59581 1.0
59606 1.0
59611 1.0
60030 1.0
60055 1.0
60060 1.0
60181 1.0
60201 0.8333333333333334
60202 0.16666666666666666
60206 0.9230769230769231
60207 0.07692307692307693
60231 1.0
60327 1.0
60655 1.0
60680 1.0
60776 1.0
60801 0.5
60802 0.5
60806 1.0
60826 0.4
60827 0.6
60831 0.9166666666666666
60832 0.08333333333333333
60927 0.9090909090909091
60928 0.09090909090909091
60952 1.0
61401 1.0
61427 1.0
61431 1.0
61552 0.8928571428571429
61553 0.10714285714285714
61678 1.0
62026 1.0
62152 0.6363636363636364
62153 0.36363636363636365
62177 1.0
62278 1.0
62303 1.0
62550 1.0
62555 1.0
62560 1.0
62580 1.0
62600 1.0
62605 1.0
63175 1.0
63180 1.0
63200 1.0
63205 1.0
63225 0.782608695652174
63226 0.21739130434782608
63230 1.0
63326 1.0
63351 1.0
63452 1.0
63800 0.8571428571428571
63801 0.14285714285714285
63805 1.0
63926 1.0
63951 0.8333333333333334
63952 0.16666666666666666
63976 1.0
64052 1.0
64077 1.0
64401 1.0
64426 1.0
64526 1.0
64551 0.8571428571428571
64552 0.14285714285714285
64576 0.6666666666666666
64577 0.3333333333333333
64677 0.8125
64678 0.1875
64702 0.8571428571428571
64703 0.14285714285714285
64803 1.0
65025 0.3333333333333333
65026 0.6666666666666666
65151 1.0
65177 1.0
65277 0.6
65278 0.4
65302 0.8
65303 0.2
65403 0.8235294117647058
65404 0.17647058823529413
65428 0.875
65429 0.125
65680 1.0
65685 1.0
65700 1.0
65705 1.0
65725 1.0
65730 1.0
65735 1.0
66300 1.0
66305 1.0
66325 1.0
66350 1.0
66355 1.0
66451 1.0
66476 1.0
66900 1.0
66905 1.0
66925 1.0
66930 1.0
67051 1.0
67076 0.6666666666666666
67077 0.3333333333333333
67101 1.0
67177 1.0
67202 1.0
67525 1.0
67651 1.0
67676 1.0
67701 0.7142857142857143
67702 0.2857142857142857
67802 0.7619047619047619
67803 0.23809523809523808
67827 1.0
67928 1.0
68150 1.0
68276 1.0
68302 1.0
68402 0.8
68403 0.2
68427 0.45454545454545453
68428 0.5454545454545454
68528 0.8823529411764706
68529 0.11764705882352941
68553 0.9230769230769231
68554 0.07692307692307693
68654 1.0
68805 1.0
68810 1.0
68830 1.0
68835 1.0
68855 1.0
68860 1.0
68976 1.0
68981 1.0
69426 1.0
69430 1.0
69450 0.3333333333333333
69451 0.6666666666666666
69455 1.0
69475 0.5
69476 0.5
69480 0.8
69481 0.2
69551 1.0
69576 1.0
69581 1.0
69601 1.0
69606 1.0
70025 1.0
70030 1.0
70050 1.0
70151 1.0
70176 0.75
70177 0.25
70201 0.9
70202 0.1
70302 1.0
70327 1.0
70650 1.0
70776 1.0
70801 0.875
70802 0.125
70826 1.0
70902 1.0
70927 0.9047619047619048
70928 0.09523809523809523
70952 1.0
71053 1.0
71275 1.0
71401 1.0
71427 1.0
71527 0.6
71528 0.4
71552 0.9473684210526315
71553 0.05263157894736842
71653 0.9285714285714286
71654 0.07142857142857142
71678 0.9090909090909091
71679 0.09090909090909091
71910 1.0
71930 1.0
71935 1.0
71955 1.0
71960 1.0
71980 1.0
71985 1.0
72076 1.0
72081 1.0
72101 1.0
72106 1.0
72550 1.0
72555 1.0
72580 1.0
72676 1.0
72701 1.0
72706 1.0
72726 1.0
72731 1.0
72827 1.0
72852 1.0
73180 1.0
73276 1.0
73301 1.0
73326 0.8636363636363636
73327 0.13636363636363635
73331 1.0
73427 1.0
73452 1.0
73776 1.0
73901 1.0
73926 0.6666666666666666
73927 0.3333333333333333
73951 1.0
74052 0.8333333333333334
74053 0.16666666666666666
74077 1.0
74178 1.0
74526 1.0
74652 0.6666666666666666
74653 0.3333333333333333
74677 0.6875
74678 0.3125
74778 1.0
74803 1.0
75035 1.0
75055 1.0
75060 1.0
75080 1.0
75085 1.0
75105 1.0
75110 1.0
75206 1.0
75231 1.0
75655 1.0
75680 1.0
75801 1.0
75826 1.0
75831 1.0
75851 1.0
75856 1.0
75952 1.0
76280 1.0
76305 1.0
76401 1.0
76426 0.8571428571428571
76427 0.14285714285714285
76451 0.7857142857142857
76452 0.21428571428571427
76456 1.0
76552 1.0
76577 1.0
76905 1.0
77026 1.0
77051 1.0
77177 0.9166666666666666
77178 0.08333333333333333
77202 1.0
77303 1.0
77651 0.75
77652 0.25
77777 0.5555555555555556
77778 0.4444444444444444
77802 0.7142857142857143
77803 0.2857142857142857
77903 0.8888888888888888
77904 0.1111111111111111
77928 1.0
