57 1.0
62 1.0
83 1.0
88 1.0
109 1.0
114 1.0
182 1.0
187 1.0
208 1.0
213 1.0
234 1.0
239 1.0
265 1.0
307 1.0
312 1.0
317 1.0
395 1.0
412 1.0
416 1.0
656 1.0
776 1.0
781 1.0
807 1.0
828 1.0
833 1.0
911 1.0
916 1.0
927 1.0
932 1.0
937 1.0
953 1.0
957 0.3333333333333333
958 0.6666666666666666
1036 1.0
1057 1.0
1140 1.0
1145 1.0
1166 1.0
1401 1.0
1406 1.0
1526 1.0
1531 1.0
1552 1.0
1556 0.14285714285714285
1557 0.8571428571428571
1651 1.0
1656 1.0
1661 1.0
1676 0.3333333333333333
1677 0.6666666666666666
1682 1.0
1765 1.0
2000 1.0
2010 1.0
2026 1.0
2130 1.0
2151 1.0
2156 1.0
2265 1.0
2276 1.0
2281 1.0
2286 1.0
2390 1.0
2395 1.0
2401 1.0
2406 1.0
2411 1.0
2625 1.0
2750 1.0
2765 1.0
2770 1.0
2885 1.0
2900 0.1
2901 0.9
2906 1.0
3005 1.0
3010 1.0
3015 1.0
3020 1.0
3025 0.16666666666666666
3026 0.8333333333333334
3031 1.0
3036 1.0
3161 1.0
3187 1.0
3213 1.0
3281 1.0
3286 1.0
3291 1.0
3307 1.0
3312 1.0
3333 1.0
3338 1.0
3359 1.0
3364 1.0
3411 1.0
3416 1.0
3437 1.0
3458 1.0
3520 1.0
3541 1.0
3786 1.0
3812 1.0
3906 1.0
3911 1.0
3932 1.0
3937 1.0
3958 1.0
4015 1.0
4020 1.0
4052 1.0
4057 1.0
4062 1.0
4083 1.0
4140 1.0
4161 1.0
4166 1.0
4182 1.0
4187 1.0
4270 1.0
4531 1.0
4651 1.0
4656 1.0
4666 1.0
4676 0.3333333333333333
4677 0.6666666666666666
4682 1.0
4776 1.0
4781 1.0
4786 1.0
4801 0.2
4802 0.8
4806 1.0
4890 1.0
4895 1.0
4911 1.0
4916 1.0
5125 1.0
5130 1.0
5135 1.0
5156 1.0
5255 1.0
5276 1.0
5281 1.0
5385 1.0
5401 1.0
5406 1.0
5411 1.0
5510 1.0
5520 1.0
5526 1.0
5536 1.0
5755 1.0
5760 1.0
5875 1.0
5880 1.0
5885 1.0
5895 1.0
5906 1.0
6000 1.0
6005 1.0
6010 1.0
6015 1.0
6025 0.07692307692307693
6026 0.9230769230769231
6031 1.0
6125 1.0
6135 1.0
6140 1.0
6145 1.0
6151 1.0
6156 1.0
6160 1.0
6286 1.0
6390 1.0
6411 1.0
6416 1.0
6432 1.0
6437 1.0
6463 1.0
6515 1.0
6536 1.0
6557 1.0
6562 1.0
6567 1.0
6583 1.0
6588 1.0
6645 1.0
6661 1.0
6666 1.0
6692 1.0
6770 1.0
7015 1.0
7031 1.0
7036 1.0
7140 1.0
7166 1.0
7182 1.0
7186 0.3333333333333333
7187 0.6666666666666666
7208 1.0
7265 1.0
7270 1.0
7281 1.0
7286 1.0
7291 1.0
7307 1.0
7312 1.0
7390 1.0
7395 1.0
7630 1.0
7656 1.0
7765 1.0
7770 1.0
7781 1.0
7786 1.0
7885 1.0
7890 1.0
7895 1.0
7901 1.0
7906 1.0
7911 1.0
7931 0.5
7932 0.5
8015 1.0
8041 1.0
8250 1.0
8255 1.0
8380 1.0
8385 1.0
8390 1.0
8406 1.0
8510 1.0
8515 1.0
8526 1.0
8531 1.0
8536 1.0
8640 1.0
8645 1.0
8651 1.0
8656 1.0
8661 1.0
8666 1.0
8875 1.0
8885 1.0
9000 1.0
9005 1.0
9010 1.0
9015 1.0
9031 1.0
9130 1.0
9135 1.0
9140 1.0
9150 0.1
9151 0.9
9156 1.0
9250 1.0
9260 1.0
9265 1.0
9270 1.0
9275 0.2
9276 0.8
9280 0.3333333333333333
9281 0.6666666666666666
9285 0.5
9286 0.5
9416 1.0
9515 1.0
9536 1.0
9541 1.0
9562 1.0
9588 1.0
9666 1.0
9682 1.0
9687 1.0
9692 1.0
9713 1.0
9770 1.0
9786 1.0
9791 1.0
9796 1.0
9895 1.0
9916 1.0
10156 1.0
10161 1.0
10265 1.0
10270 1.0
10281 1.0
10286 1.0
10307 1.0
10312 1.0
10333 1.0
10390 1.0
10406 1.0
10411 1.0
10416 1.0
10432 1.0
10436 1.0
10515 1.0
10520 1.0
10541 1.0
10760 1.0
10780 0.5
10781 0.5
10786 1.0
10890 1.0
10906 1.0
10932 1.0
11031 1.0
11036 1.0
11041 1.0
11056 0.3333333333333333
11057 0.6666666666666666
11140 1.0
11145 1.0
11406 1.0
11505 1.0
11515 1.0
11635 1.0
11640 1.0
11651 1.0
11656 1.0
11660 0.125
11661 0.875
11760 1.0
11770 1.0
11776 1.0
11781 1.0
12005 1.0
12125 1.0
12130 1.0
12135 1.0
12156 1.0
12250 1.0
12255 1.0
12265 1.0
12276 1.0
12281 1.0
12286 1.0
12375 1.0
12380 1.0
12390 1.0
12395 1.0
12400 0.3333333333333333
12401 0.6666666666666666
12406 1.0
12411 1.0
12640 1.0
12645 1.0
12661 1.0
12666 1.0
12687 1.0
12692 1.0
12713 1.0
12765 1.0
12770 1.0
12791 1.0
12807 1.0
12812 1.0
12817 1.0
12838 1.0
12890 1.0
12916 1.0
12937 1.0
13020 1.0
13265 1.0
13286 1.0
13390 1.0
13406 1.0
13411 1.0
13432 1.0
13437 1.0
13515 1.0
13520 1.0
13531 1.0
13536 1.0
13541 1.0
13557 1.0
13640 1.0
13645 1.0
13661 1.0
13666 1.0
13885 1.0
13890 1.0
14015 1.0
14031 1.0
14036 1.0
14140 1.0
14151 1.0
14156 1.0
14161 1.0
14166 1.0
14182 1.0
14265 1.0
14270 1.0
14281 1.0
14286 1.0
14291 1.0
14510 1.0
14630 1.0
14635 1.0
14640 1.0
14656 1.0
14760 1.0
14765 1.0
14781 1.0
14785 0.5
14786 0.5
14885 1.0
14890 1.0
14895 1.0
14906 1.0
14911 1.0
15130 1.0
15255 1.0
15260 1.0
15380 1.0
15385 1.0
15400 0.16666666666666666
15401 0.8333333333333334
15406 1.0
15505 1.0
15510 1.0
15515 1.0
15525 0.14285714285714285
15526 0.8571428571428571
15531 1.0
15536 1.0
15682 1.0
15687 1.0
15703 1.0
15708 1.0
15713 1.0
15729 1.0
15734 1.0
15739 1.0
15828 1.0
15833 1.0
15854 1.0
16276 1.0
16281 1.0
16307 1.0
16333 1.0
16354 1.0
16426 0.07142857142857142
16427 0.9285714285714286
16452 0.09523809523809523
16453 0.9047619047619048
16458 1.0
16479 1.0
16552 1.0
16578 1.0
16677 1.0
16901 1.0
17026 1.0
17052 1.0
17151 1.0
17176 0.037037037037037035
17177 0.9629629629629629
17202 1.0
17276 1.0
17301 1.0
17401 1.0
17625 1.0
17651 1.0
17750 1.0
17776 1.0
17900 0.04878048780487805
17901 0.9512195121951219
18000 1.0
18026 1.0
18375 1.0
18500 1.0
18525 0.4
18526 0.6
18625 1.0
18650 0.5
18651 0.5
18781 1.0
18786 1.0
18807 1.0
18812 1.0
18833 1.0
18859 1.0
18953 1.0
18958 1.0
18963 1.0
18984 1.0
18989 1.0
19406 1.0
19432 1.0
19526 1.0
19552 1.0
19557 1.0
19577 0.16666666666666666
19578 0.8333333333333334
19582 0.25
19583 0.75
19677 1.0
19682 1.0
19703 1.0
20151 1.0
20156 1.0
20177 1.0
20276 1.0
20301 0.045454545454545456
20302 0.9545454545454546
20401 1.0
20426 0.2
20427 0.8
20526 1.0
20750 1.0
20776 1.0
20780 1.0
20875 1.0
20901 1.0
21026 1.0
21150 0.2222222222222222
21151 0.7777777777777778
21375 1.0
21500 1.0
21526 1.0
21625 1.0
21650 0.25
21651 0.75
21750 1.0
21775 0.5
21776 0.5
21906 1.0
21911 1.0
21932 1.0
21937 1.0
21958 1.0
21963 1.0
22057 1.0
22083 1.0
22088 1.0
22109 1.0
22114 1.0
22182 1.0
22531 1.0
22536 1.0
22557 1.0
22651 1.0
22656 1.0
22677 1.0
22682 1.0
22702 1.0
22708 1.0
22802 1.0
22807 1.0
22827 0.2
22828 0.8
22833 1.0
23276 1.0
23281 1.0
23401 1.0
23426 0.375
23427 0.625
23432 1.0
23526 1.0
23551 0.5714285714285714
23552 0.42857142857142855
23901 1.0
24000 1.0
24026 1.0
24151 1.0
24275 0.14285714285714285
24276 0.8571428571428571
24500 1.0
24625 1.0
24750 1.0
24775 0.06666666666666667
24776 0.9333333333333333
24875 1.0
24900 0.16666666666666666
24901 0.8333333333333334
25031 1.0
25036 1.0
25062 1.0
25161 1.0
25182 1.0
25187 1.0
25207 0.06666666666666667
25208 0.9333333333333333
25213 1.0
25233 1.0
25307 1.0
25333 1.0
25338 1.0
25682 1.0
25781 1.0
25807 1.0
25833 1.0
25927 1.0
25932 1.0
25957 1.0
26052 1.0
26057 1.0
26281 1.0
26401 1.0
26406 1.0
26526 1.0
26531 1.0
26552 1.0
26557 1.0
26651 1.0
26677 1.0
27025 0.5
27026 0.5
27125 1.0
27151 1.0
27276 1.0
27401 1.0
27625 1.0
27750 1.0
27776 1.0
27875 1.0
27900 0.18181818181818182
27901 0.8181818181818182
28000 1.0
28025 0.36363636363636365
28026 0.6363636363636364
28156 1.0
28161 1.0
28286 1.0
28307 1.0
28312 1.0
28333 1.0
28338 1.0
28343 1.0
28432 1.0
28437 1.0
28458 1.0
28463 1.0
28781 1.0
28906 1.0
28911 1.0
28932 1.0
28958 1.0
29026 1.0
29052 1.0
29057 1.0
29062 1.0
29082 0.25
29083 0.75
29177 1.0
29182 1.0
29526 1.0
29531 1.0
29651 1.0
29656 1.0
29677 1.0
29681 0.25
29682 0.75
29776 1.0
29801 0.4
29802 0.6
29807 1.0
30275 0.25
30276 0.75
30401 1.0
30406 1.0
30526 1.0
30750 1.0
30875 1.0
31000 1.0
31025 0.1111111111111111
31026 0.8888888888888888
31125 1.0
31150 0.16666666666666666
31151 0.8333333333333334
31281 1.0
31302 1.0
31307 1.0
31312 1.0
31328 1.0
31333 1.0
31354 1.0
31359 1.0
31453 1.0
31479 1.0
31926 0.2
31927 0.8
31953 1.0
31979 1.0
32026 1.0
32052 1.0
32077 0.15384615384615385
32078 0.8461538461538461
32104 1.0
32177 1.0
32202 0.2
32203 0.8
32526 1.0
32651 1.0
32677 1.0
32776 1.0
32801 0.125
32802 0.875
32901 1.0
32926 0.7142857142857143
32927 0.2857142857142857
33026 1.0
33250 1.0
33275 1.0
33375 1.0
33401 1.0
33500 1.0
33525 0.045454545454545456
33526 0.9545454545454546
33625 1.0
33650 0.17647058823529413
33651 0.8235294117647058
34000 1.0
34125 1.0
34150 0.3333333333333333
34151 0.6666666666666666
34250 1.0
34406 1.0
34432 1.0
34437 1.0
34458 1.0
34462 1.0
34479 1.0
34484 1.0
34489 1.0
34578 1.0
34583 1.0
34603 0.125
34604 0.875
34609 1.0
35026 1.0
35031 1.0
35051 0.16666666666666666
35052 0.8333333333333334
35151 1.0
35177 1.0
35202 0.041666666666666664
35203 0.9583333333333334
35208 1.0
35302 1.0
35328 1.0
35427 1.0
35776 1.0
35901 1.0
35927 1.0
36026 1.0
36052 1.0
36375 1.0
36401 1.0
36500 1.0
36526 1.0
36625 1.0
36650 0.037037037037037035
36651 0.9629629629629629
36750 1.0
36775 0.14285714285714285
36776 0.8571428571428571
37000 1.0
37125 1.0
37250 1.0
37275 1.0
37375 1.0
37536 1.0
37557 1.0
37562 1.0
37583 1.0
37588 1.0
37609 1.0
37703 1.0
37708 1.0
37729 1.0
37734 1.0
38151 1.0
38177 1.0
38181 1.0
38276 1.0
38302 1.0
38328 1.0
38333 1.0
38354 1.0
38427 1.0
38452 0.25
38453 0.75
38901 1.0
38927 1.0
39026 1.0
39052 1.0
39151 1.0
39176 0.625
39177 0.375
39276 1.0
39500 1.0
39625 1.0
39651 1.0
39750 1.0
39776 1.0
39900 0.1111111111111111
39901 0.8888888888888888
40125 1.0
40250 1.0
40375 1.0
40400 0.4
40401 0.6
40500 1.0
40525 0.5
40526 0.5
40656 1.0
40661 1.0
40682 1.0
40687 1.0
40708 1.0
40713 1.0
40739 1.0
40807 1.0
40828 1.0
40833 1.0
40838 1.0
40859 1.0
40953 1.0
41276 1.0
41281 1.0
41401 1.0
41406 1.0
41427 1.0
41432 1.0
41453 1.0
41458 1.0
41552 1.0
41578 1.0
41906 1.0
42025 0.1111111111111111
42026 0.8888888888888888
42031 1.0
42052 1.0
42151 1.0
42177 1.0
42276 1.0
42302 1.0
42625 1.0
42651 1.0
42750 1.0
42775 0.125
42776 0.875
42901 1.0
43026 1.0
43250 1.0
43375 1.0
43500 1.0
43525 0.3
43526 0.7
43625 1.0
43650 0.6
43651 0.4
43781 1.0
43807 1.0
43812 1.0
43838 1.0
43864 1.0
43932 1.0
43957 0.04
43958 0.96
43963 1.0
43984 1.0
43989 1.0
44078 1.0
44083 1.0
44406 1.0
44526 1.0
44531 1.0
44552 1.0
44557 1.0
44578 1.0
44583 1.0
44677 1.0
44682 1.0
44703 1.0
44708 1.0
44802 1.0
45151 1.0
45156 1.0
45276 1.0
45301 0.125
45302 0.875
45401 1.0
45427 1.0
45526 1.0
45750 1.0
45776 1.0
45875 1.0
45901 1.0
46025 0.05
46026 0.95
46151 1.0
46375 1.0
46500 1.0
46625 1.0
46651 1.0
46750 1.0
46775 0.6666666666666666
46776 0.3333333333333333
46927 1.0
46932 1.0
46953 1.0
46958 1.0
46963 1.0
46979 1.0
46984 1.0
46989 1.0
47078 1.0
47104 1.0
47551 0.25
47552 0.75
47677 1.0
47703 1.0
47729 1.0
47802 1.0
47827 0.25
47828 0.75
47927 1.0
48276 1.0
48302 1.0
48400 0.1111111111111111
48401 0.8888888888888888
48427 1.0
48526 1.0
48551 0.2
48552 0.8
48651 1.0
48875 1.0
48900 0.5
48901 0.5
49000 1.0
49026 1.0
49125 1.0
49150 0.1
49151 0.9
49250 1.0
49275 0.15384615384615385
49276 0.8461538461538461
49625 1.0
49750 1.0
49875 1.0
50052 1.0
50057 1.0
50062 1.0
50078 1.0
50083 1.0
50104 1.0
50109 1.0
50114 1.0
50203 1.0
50229 1.0
50651 1.0
50677 1.0
50802 1.0
50828 1.0
50854 1.0
50901 1.0
50927 1.0
50952 0.25
50953 0.75
51052 1.0
51276 1.0
51401 1.0
51427 1.0
51526 1.0
51551 0.15384615384615385
51552 0.8461538461538461
51651 1.0
51676 0.1
51677 0.9
51776 1.0
52000 1.0
52026 1.0
52125 1.0
52151 1.0
52250 1.0
52275 0.15789473684210525
52276 0.8421052631578947
52375 1.0
52400 0.16666666666666666
52401 0.8333333333333334
52625 1.0
52750 1.0
52875 1.0
52900 1.0
53000 1.0
53177 1.0
53182 1.0
53208 1.0
53234 1.0
53239 1.0
53328 1.0
53333 1.0
53354 1.0
53359 1.0
53776 1.0
53802 1.0
53807 1.0
53901 1.0
53926 0.2
53927 0.8
53952 0.06666666666666667
53953 0.9333333333333333
53958 1.0
53978 0.5
53979 0.5
54052 1.0
54077 0.26666666666666666
54078 0.7333333333333333
54401 1.0
54526 1.0
54651 1.0
54676 0.08333333333333333
54677 0.9166666666666666
54776 1.0
54801 0.16666666666666666
54802 0.8333333333333334
54901 1.0
55125 1.0
55151 1.0
55250 1.0
55275 0.5
55276 0.5
55375 1.0
55401 1.0
55500 1.0
55525 0.25
55526 0.75
55875 1.0
56000 1.0
56026 1.0
56125 1.0
56307 1.0
56333 1.0
56338 1.0
56359 1.0
56364 1.0
56453 1.0
56458 1.0
56479 1.0
56483 0.2857142857142857
56484 0.7142857142857143
56578 1.0
56901 1.0
56906 1.0
56931 0.5
56932 0.5
57026 1.0
57051 0.1
57052 0.9
57078 1.0
57083 1.0
57177 1.0
57202 0.375
57203 0.625
57302 1.0
57526 1.0
57651 1.0
57776 1.0
57802 1.0
57901 1.0
57926 0.2
57927 0.8
58026 1.0
58250 1.0
58276 1.0
58375 1.0
58400 0.5
58401 0.5
58500 1.0
58525 0.125
58526 0.875
58650 0.16666666666666666
58651 0.8333333333333334
59000 1.0
59125 1.0
59150 1.0
59250 1.0
59432 1.0
59437 1.0
59463 1.0
59578 1.0
59583 1.0
59608 0.16666666666666666
59609 0.8333333333333334
60031 1.0
60057 1.0
60151 1.0
60176 0.16666666666666666
60177 0.8333333333333334
60182 1.0
60202 0.2
60203 0.8
60208 1.0
60302 1.0
60328 1.0
60427 1.0
60776 1.0
60802 1.0
60901 1.0
60926 0.0625
60927 0.9375
61026 1.0
61052 1.0
61151 1.0
61500 1.0
61526 1.0
61650 0.045454545454545456
61651 0.9545454545454546
61775 0.09090909090909091
61776 0.9090909090909091
62000 1.0
62125 1.0
62250 1.0
62276 1.0
62375 1.0
62400 1.0
62552 1.0
62557 1.0
62562 1.0
62578 1.0
62604 1.0
62609 1.0
62703 1.0
62729 1.0
63176 0.2
63177 0.8
63203 1.0
63228 0.3333333333333333
63229 0.6666666666666666
63302 1.0
63328 1.0
63353 0.25
63354 0.75
63427 1.0
63452 0.14285714285714285
63453 0.8571428571428571
63552 1.0
63776 1.0
63901 1.0
64026 1.0
64051 0.06666666666666667
64052 0.9333333333333333
64151 1.0
64176 0.25
64177 0.75
64276 1.0
64625 1.0
64651 1.0
64750 1.0
64775 0.18181818181818182
64776 0.8181818181818182
64875 1.0
64900 0.14285714285714285
64901 0.8571428571428571
65125 1.0
65250 1.0
65375 1.0
65500 1.0
65677 1.0
65682 1.0
65703 1.0
65708 1.0
65728 0.07142857142857142
65729 0.9285714285714286
65734 1.0
65739 1.0
65828 1.0
65853 0.25
65854 0.75
66276 1.0
66302 1.0
66401 1.0
66427 1.0
66453 1.0
66478 1.0
66552 1.0
66577 0.14285714285714285
66578 0.8571428571428571
66677 1.0
66901 1.0
67026 1.0
67150 0.16666666666666666
67151 0.8333333333333334
67176 0.3333333333333333
67177 0.6666666666666666
67276 1.0
67301 0.6
67302 0.4
67401 1.0
67651 1.0
67750 1.0
67776 1.0
67875 1.0
67900 0.0625
67901 0.9375
68000 1.0
68025 0.16666666666666666
68026 0.8333333333333334
68250 1.0
68375 1.0
68500 1.0
68625 1.0
68802 1.0
68807 1.0
68812 1.0
68828 1.0
68833 1.0
68838 1.0
68854 1.0
68859 1.0
68953 1.0
68979 1.0
68983 0.3333333333333333
68984 0.6666666666666666
69427 1.0
69432 1.0
69526 1.0
69552 1.0
69577 0.05263157894736842
69578 0.9473684210526315
69604 1.0
69677 1.0
69703 1.0
70026 1.0
70125 1.0
70151 1.0
70177 1.0
70276 1.0
70302 1.0
70401 1.0
70427 1.0
70750 1.0
70776 1.0
70875 1.0
70901 1.0
71000 1.0
71026 1.0
71125 1.0
71151 1.0
71375 1.0
71500 1.0
71625 1.0
71750 1.0
71911 1.0
71932 1.0
71937 1.0
71958 1.0
71963 1.0
71984 1.0
71989 1.0
72052 1.0
72078 1.0
72083 1.0
72104 1.0
72109 1.0
72203 1.0
72526 1.0
72531 1.0
72552 1.0
72677 1.0
72703 1.0
72802 1.0
72828 1.0
72927 1.0
73276 1.0
73401 1.0
73426 0.17647058823529413
73427 0.8235294117647058
73526 1.0
73552 1.0
73651 1.0
73875 1.0
73900 0.5
73901 0.5
74000 1.0
74026 1.0
74125 1.0
74150 0.045454545454545456
74151 0.9545454545454546
74250 1.0
74275 0.18181818181818182
74276 0.8181818181818182
74500 1.0
74625 1.0
74750 1.0
74875 1.0
74900 1.0
75036 1.0
75057 1.0
75062 1.0
75083 1.0
75088 1.0
75109 1.0
75114 1.0
75177 1.0
75203 1.0
75208 1.0
75228 0.5
75229 0.5
75233 0.1111111111111111
75234 0.8888888888888888
75328 1.0
75651 1.0
75776 1.0
75802 1.0
75828 1.0
75833 1.0
75927 1.0
75952 0.1111111111111111
75953 0.8888888888888888
76052 1.0
76276 1.0
76401 1.0
76526 1.0
76551 0.3
76552 0.7
76651 1.0
76677 1.0
76776 1.0
77000 1.0
77026 1.0
77125 1.0
77275 0.045454545454545456
77276 0.9545454545454546
77375 1.0
77401 1.0
77750 1.0
77875 1.0
78000 1.0
78025 1.0
