0 1.0
6 1.0
25 1.0
31 1.0
37 1.0
50 0.96
51 0.04
56 0.9661016949152542
57 0.03389830508474576
62 0.9913793103448276
63 0.008620689655172414
68 1.0
75 0.9866666666666667
76 0.013333333333333334
81 0.9453551912568307
82 0.0546448087431694
87 0.9621621621621622
88 0.03783783783783784
93 1.0
100 0.9714285714285714
101 0.02857142857142857
106 0.9863013698630136
107 0.0136986301369863
112 0.975609756097561
113 0.024390243902439025
118 1.0
125 1.0
131 0.9655172413793104
132 0.034482758620689655
137 1.0
143 1.0
149 1.0
150 1.0
156 0.972972972972973
157 0.02702702702702703
162 0.8962264150943396
163 0.10377358490566038
168 0.9530685920577617
169 0.04693140794223827
174 1.0
181 0.3333333333333333
182 0.6666666666666666
187 0.9117647058823529
188 0.08823529411764706
193 0.96875
194 0.03125
199 1.0
212 0.7
213 0.3
218 0.9696969696969697
219 0.030303030303030304
250 1.0
256 0.9565217391304348
257 0.043478260869565216
262 1.0
268 0.8983050847457628
269 0.1016949152542373
274 1.0
281 0.6666666666666666
282 0.3333333333333333
287 0.8888888888888888
288 0.1111111111111111
293 0.9066666666666666
294 0.09333333333333334
299 1.0
375 0.75
376 0.25
381 1.0
387 0.9696969696969697
388 0.030303030303030304
393 0.9104477611940298
394 0.08955223880597014
399 1.0
418 0.8181818181818182
419 0.18181818181818182
424 1.0
500 1.0
506 0.9333333333333333
507 0.06666666666666667
512 0.9714285714285714
513 0.02857142857142857
518 0.9387755102040817
519 0.061224489795918366
524 1.0
