57 1.0
62 1.0
83 1.0
88 1.0
104 1.0
109 1.0
114 1.0
177 1.0
182 1.0
187 1.0
203 1.0
208 1.0
213 1.0
229 1.0
234 1.0
239 1.0
265 1.0
307 1.0
312 1.0
317 1.0
395 1.0
416 1.0
437 1.0
656 1.0
776 1.0
781 1.0
807 1.0
828 1.0
833 1.0
901 1.0
906 1.0
911 1.0
916 1.0
927 1.0
932 1.0
937 1.0
952 0.3333333333333333
953 0.6666666666666666
1036 1.0
1041 1.0
1052 1.0
1057 1.0
1145 1.0
1161 1.0
1401 1.0
1406 1.0
1500 1.0
1526 1.0
1531 1.0
1552 1.0
1651 1.0
1656 1.0
1676 0.4
1677 0.6
1682 1.0
1765 1.0
2000 1.0
2005 1.0
2125 1.0
2151 1.0
2156 1.0
2265 1.0
2275 0.13333333333333333
2276 0.8666666666666667
2281 1.0
2286 1.0
2385 1.0
2390 1.0
2395 1.0
2400 0.1111111111111111
2401 0.8888888888888888
2406 1.0
2750 1.0
2765 1.0
2770 1.0
2875 1.0
2880 1.0
2885 1.0
2900 1.0
2906 1.0
3000 1.0
3005 1.0
3010 1.0
3015 1.0
3020 1.0
3026 1.0
3161 1.0
3187 1.0
3213 1.0
3281 1.0
3286 1.0
3291 1.0
3307 1.0
3312 1.0
3333 1.0
3338 1.0
3359 1.0
3364 1.0
3411 1.0
3416 1.0
3437 1.0
3458 1.0
3520 1.0
3541 1.0
3781 1.0
3906 1.0
3911 1.0
3932 1.0
3958 1.0
4015 1.0
4020 1.0
4052 1.0
4057 1.0
4062 1.0
4078 1.0
4082 1.0
4140 1.0
4156 1.0
4161 1.0
4166 1.0
4176 0.3333333333333333
4177 0.6666666666666666
4181 0.3333333333333333
4182 0.6666666666666666
4270 1.0
4531 1.0
4635 1.0
4651 1.0
4677 1.0
4776 1.0
4781 1.0
4786 1.0
4801 1.0
4890 1.0
4895 1.0
4911 1.0
5130 1.0
5250 1.0
5255 1.0
5276 1.0
5375 1.0
5385 1.0
5400 0.06666666666666667
5401 0.9333333333333333
5406 1.0
5411 1.0
5510 1.0
5520 1.0
5525 0.25
5526 0.75
5531 1.0
5536 1.0
5750 1.0
5755 1.0
5875 1.0
5880 1.0
5890 1.0
6000 1.0
6005 1.0
6010 1.0
6026 1.0
6031 1.0
6125 1.0
6130 1.0
6135 1.0
6140 1.0
6145 1.0
6150 0.4
6151 0.6
6156 1.0
6286 1.0
6390 1.0
6406 1.0
6411 1.0
6416 1.0
6437 1.0
6463 1.0
6515 1.0
6536 1.0
6557 1.0
6562 1.0
6567 1.0
6583 1.0
6588 1.0
6645 1.0
6661 1.0
6666 1.0
6687 1.0
6692 1.0
6770 1.0
7015 1.0
7031 1.0
7036 1.0
7140 1.0
7156 1.0
7166 1.0
7182 1.0
7187 1.0
7265 1.0
7270 1.0
7281 1.0
7286 1.0
7291 1.0
7302 1.0
7306 0.16666666666666666
7307 0.8333333333333334
7390 1.0
7395 1.0
7630 1.0
7651 1.0
7656 1.0
7760 1.0
7765 1.0
7776 1.0
7781 1.0
7786 1.0
7885 1.0
7890 1.0
7895 1.0
7901 1.0
7906 1.0
7911 1.0
7932 1.0
8010 1.0
8015 1.0
8255 1.0
8375 1.0
8380 1.0
8385 1.0
8390 1.0
8505 1.0
8510 1.0
8526 1.0
8530 0.1
8531 0.9
8625 1.0
8635 1.0
8640 1.0
8645 1.0
8651 1.0
8656 1.0
8661 1.0
8885 1.0
9000 1.0
9005 1.0
9010 1.0
9125 1.0
9130 1.0
9135 1.0
9150 1.0
9156 1.0
9250 1.0
9255 1.0
9260 1.0
9265 1.0
9270 1.0
9275 0.5
9276 0.5
9281 1.0
9411 1.0
9515 1.0
9536 1.0
9541 1.0
9562 1.0
9588 1.0
9682 1.0
9687 1.0
9692 1.0
9713 1.0
9770 1.0
9786 1.0
9791 1.0
9796 1.0
9895 1.0
9916 1.0
10135 1.0
10161 1.0
10260 1.0
10265 1.0
10270 1.0
10281 1.0
10286 1.0
10307 1.0
10311 0.3333333333333333
10312 0.6666666666666666
10390 1.0
10406 1.0
10411 1.0
10416 1.0
10432 1.0
10515 1.0
10520 1.0
10541 1.0
10755 1.0
10760 1.0
10781 1.0
10880 1.0
10890 1.0
10901 1.0
10906 1.0
10932 1.0
11026 1.0
11031 1.0
11036 1.0
11041 1.0
11140 1.0
11145 1.0
11161 1.0
11380 1.0
11505 1.0
11515 1.0
11635 1.0
11651 1.0
11656 1.0
11661 1.0
11760 1.0
11770 1.0
11776 1.0
11781 1.0
12005 1.0
12125 1.0
12130 1.0
12135 1.0
12250 1.0
12255 1.0
12265 1.0
12275 1.0
12375 1.0
12380 1.0
12385 1.0
12390 1.0
12395 1.0
12401 1.0
12406 1.0
12640 1.0
12645 1.0
12661 1.0
12666 1.0
12687 1.0
12692 1.0
12713 1.0
12765 1.0
12770 1.0
12791 1.0
12807 1.0
12812 1.0
12817 1.0
12838 1.0
12890 1.0
12916 1.0
12937 1.0
13020 1.0
13265 1.0
13286 1.0
13385 1.0
13390 1.0
13406 1.0
13411 1.0
13432 1.0
13437 1.0
13515 1.0
13520 1.0
13531 1.0
13536 1.0
13541 1.0
13557 1.0
13562 1.0
13640 1.0
13645 1.0
13661 1.0
13666 1.0
13880 1.0
13890 1.0
14005 1.0
14015 1.0
14031 1.0
14036 1.0
14135 1.0
14140 1.0
14151 1.0
14156 1.0
14160 0.125
14161 0.875
14166 1.0
14260 1.0
14265 1.0
14270 1.0
14281 1.0
14286 1.0
14291 1.0
14510 1.0
14630 1.0
14635 1.0
14640 1.0
14656 1.0
14760 1.0
14765 1.0
14776 1.0
14781 1.0
14885 1.0
14890 1.0
14895 1.0
14901 1.0
14905 0.25
14906 0.75
14911 1.0
15255 1.0
15260 1.0
15375 1.0
15380 1.0
15400 1.0
15406 1.0
15500 1.0
15505 1.0
15510 1.0
15515 1.0
15525 1.0
15530 1.0
15656 1.0
15682 1.0
15687 1.0
15703 1.0
15707 0.16666666666666666
15708 0.8333333333333334
15729 1.0
15733 0.043478260869565216
15734 0.9565217391304348
15739 1.0
15828 1.0
15833 1.0
15854 1.0
16276 1.0
16281 1.0
16302 1.0
16401 1.0
16427 1.0
16453 1.0
16552 1.0
16577 0.4
16578 0.6
16677 1.0
17025 0.25
17026 0.75
17150 0.09090909090909091
17151 0.9090909090909091
17176 0.125
17177 0.875
17276 1.0
17302 1.0
17401 1.0
17625 1.0
17750 1.0
17776 1.0
17875 1.0
17900 0.13636363636363635
17901 0.8636363636363636
18000 1.0
18025 0.2727272727272727
18026 0.7272727272727273
18375 1.0
18500 1.0
18625 1.0
18781 1.0
18786 1.0
18802 1.0
18807 1.0
18812 1.0
18833 1.0
18859 1.0
18906 1.0
18953 1.0
18958 1.0
18963 1.0
18984 1.0
19083 1.0
19406 1.0
19526 1.0
19531 1.0
19552 1.0
19557 1.0
19578 1.0
19583 1.0
19677 1.0
19682 1.0
19703 1.0
19802 1.0
20150 0.5
20151 0.5
20156 1.0
20276 1.0
20301 0.13333333333333333
20302 0.8666666666666667
20401 1.0
20426 0.4
20427 0.6
20526 1.0
20750 1.0
20875 1.0
20901 1.0
21000 1.0
21025 0.08333333333333333
21026 0.9166666666666666
21125 1.0
21150 0.1111111111111111
21151 0.8888888888888888
21375 1.0
21500 1.0
21625 1.0
21650 0.5
21651 0.5
21750 1.0
21906 1.0
21911 1.0
21932 1.0
21937 1.0
21958 1.0
21963 1.0
22057 1.0
22062 1.0
22078 1.0
22082 0.043478260869565216
22083 0.9565217391304348
22088 1.0
22108 0.2
22109 0.8
22114 1.0
22182 1.0
22208 1.0
22531 1.0
22651 1.0
22656 1.0
22682 1.0
22708 1.0
22776 1.0
22802 1.0
22807 1.0
22828 1.0
22833 1.0
22927 1.0
23276 1.0
23281 1.0
23375 1.0
23401 1.0
23426 0.5
23427 0.5
23526 1.0
23551 0.6666666666666666
23552 0.3333333333333333
23651 1.0
23875 1.0
23901 1.0
24000 1.0
24026 1.0
24125 1.0
24151 1.0
24250 1.0
24275 0.3
24276 0.7
24500 1.0
24625 1.0
24750 1.0
24775 1.0
24875 1.0
25031 1.0
25036 1.0
25062 1.0
25161 1.0
25182 1.0
25187 1.0
25208 1.0
25213 1.0
25307 1.0
25333 1.0
25776 1.0
25781 1.0
25802 1.0
25807 1.0
25901 1.0
25927 1.0
25932 1.0
26026 1.0
26052 1.0
26057 1.0
26401 1.0
26406 1.0
26526 1.0
26531 1.0
26551 0.5
26552 0.5
26651 1.0
26677 1.0
26776 1.0
27000 1.0
27125 1.0
27151 1.0
27250 1.0
27275 0.05
27276 0.95
27375 1.0
27401 1.0
27625 1.0
27750 1.0
27875 1.0
27901 1.0
28000 1.0
28026 1.0
28156 1.0
28161 1.0
28286 1.0
28306 0.3333333333333333
28307 0.6666666666666666
28312 1.0
28332 0.09090909090909091
28333 0.9090909090909091
28338 1.0
28343 1.0
28432 1.0
28458 1.0
28463 1.0
28906 1.0
28932 1.0
29026 1.0
29052 1.0
29056 0.07142857142857142
29057 0.9285714285714286
29082 0.3333333333333333
29083 0.6666666666666666
29151 1.0
29177 1.0
29182 1.0
29500 1.0
29526 1.0
29531 1.0
29651 1.0
29681 0.5
29682 0.5
29776 1.0
29802 1.0
29807 1.0
29901 1.0
30250 1.0
30276 1.0
30375 1.0
30400 0.047619047619047616
30401 0.9523809523809523
30500 1.0
30525 0.14285714285714285
30526 0.8571428571428571
30750 1.0
30875 1.0
31000 1.0
31026 1.0
31125 1.0
31151 1.0
31281 1.0
31302 1.0
31307 1.0
31312 1.0
31328 1.0
31333 1.0
31354 1.0
31359 1.0
31453 1.0
31478 0.25
31479 0.75
31901 1.0
31927 1.0
32026 1.0
32052 1.0
32078 1.0
32177 1.0
32203 1.0
32302 1.0
32650 0.16666666666666666
32651 0.8333333333333334
32750 1.0
32776 1.0
32801 0.16666666666666666
32802 0.8333333333333334
32900 0.05
32901 0.95
32927 1.0
33026 1.0
33250 1.0
33375 1.0
33500 1.0
33526 1.0
33625 1.0
33650 1.0
34000 1.0
34125 1.0
34250 1.0
34406 1.0
34432 1.0
34453 1.0
34458 1.0
34479 1.0
34484 1.0
34489 1.0
34578 1.0
34603 0.2
34604 0.8
35026 1.0
35052 1.0
35151 1.0
35177 1.0
35202 0.0625
35203 0.9375
35302 1.0
35328 1.0
35401 1.0
35426 0.3333333333333333
35427 0.6666666666666666
35750 1.0
35775 0.25
35776 0.75
35875 1.0
35901 1.0
35927 1.0
36026 1.0
36051 0.75
36052 0.25
36151 1.0
36375 1.0
36500 1.0
36625 1.0
36650 0.3076923076923077
36651 0.6923076923076923
36750 1.0
36775 0.4
36776 0.6
37000 1.0
37125 1.0
37250 1.0
37375 1.0
37536 1.0
37556 0.3333333333333333
37557 0.6666666666666666
37562 1.0
37583 1.0
37588 1.0
37609 1.0
37651 1.0
37677 1.0
37703 1.0
37708 1.0
37729 1.0
37733 0.2
37734 0.8
37828 1.0
38156 1.0
38276 1.0
38302 1.0
38328 1.0
38333 1.0
38401 1.0
38427 1.0
38453 1.0
38552 1.0
38875 1.0
38901 1.0
39000 1.0
39025 0.16666666666666666
39026 0.8333333333333334
39051 0.2
39052 0.8
39151 1.0
39176 0.5
39177 0.5
39276 1.0
39500 1.0
39625 1.0
39750 1.0
39775 0.06666666666666667
39776 0.9333333333333333
39875 1.0
39900 0.16666666666666666
39901 0.8333333333333334
40250 1.0
40375 1.0
40500 1.0
40656 1.0
40661 1.0
40682 1.0
40687 1.0
40708 1.0
40713 1.0
40739 1.0
40807 1.0
40828 1.0
40833 1.0
40838 1.0
40859 1.0
40864 1.0
40953 1.0
41276 1.0
41401 1.0
41426 0.14285714285714285
41427 0.8571428571428571
41453 1.0
41458 1.0
41526 1.0
41552 1.0
41577 0.2857142857142857
41578 0.7142857142857143
41676 0.2
41677 0.8
41901 1.0
42000 1.0
42025 0.125
42026 0.875
42151 1.0
42177 1.0
42276 1.0
42301 0.25
42302 0.75
42401 1.0
42625 1.0
42750 1.0
42776 1.0
42875 1.0
42900 0.10526315789473684
42901 0.8947368421052632
43000 1.0
43025 0.4444444444444444
43026 0.5555555555555556
43250 1.0
43375 1.0
43500 1.0
43625 1.0
43781 1.0
43807 1.0
43812 1.0
43833 1.0
43838 1.0
43864 1.0
43932 1.0
43957 0.041666666666666664
43958 0.9583333333333334
43963 1.0
43984 1.0
43989 1.0
44078 1.0
44083 1.0
44406 1.0
44526 1.0
44552 1.0
44557 1.0
44583 1.0
44677 1.0
44708 1.0
44802 1.0
45125 1.0
45156 1.0
45276 1.0
45301 0.3333333333333333
45302 0.6666666666666666
45401 1.0
45526 1.0
45750 1.0
45776 1.0
45875 1.0
45901 1.0
46000 1.0
46025 0.26666666666666666
46026 0.7333333333333333
46125 1.0
46150 0.16666666666666666
46151 0.8333333333333334
46375 1.0
46500 1.0
46625 1.0
46750 1.0
46927 1.0
46932 1.0
46953 1.0
46958 1.0
46963 1.0
46979 1.0
46984 1.0
46989 1.0
47078 1.0
47104 1.0
47203 1.0
47552 1.0
47651 1.0
47677 1.0
47703 1.0
47776 1.0
47801 0.06666666666666667
47802 0.9333333333333333
47827 0.5
47828 0.5
47901 1.0
47927 1.0
48250 1.0
48276 1.0
48375 1.0
48401 1.0
48427 1.0
48526 1.0
48551 0.5
48552 0.5
48625 1.0
48651 1.0
49000 1.0
49125 1.0
49150 0.5
49151 0.5
49250 1.0
49275 0.8
49276 0.2
49625 1.0
49750 1.0
49875 1.0
50052 1.0
50057 1.0
50062 1.0
50078 1.0
50083 1.0
50104 1.0
50108 0.05
50109 0.95
50114 1.0
50203 1.0
50229 1.0
50676 1.0
50776 1.0
50802 1.0
50828 1.0
50901 1.0
50927 1.0
50953 1.0
51051 0.14285714285714285
51052 0.8571428571428571
51401 1.0
51500 1.0
51526 1.0
51552 1.0
51650 0.043478260869565216
51651 0.9565217391304348
51676 1.0
51775 0.14285714285714285
51776 0.8571428571428571
52000 1.0
52026 1.0
52125 1.0
52250 1.0
52276 1.0
52375 1.0
52400 0.5
52401 0.5
52625 1.0
52750 1.0
52875 1.0
53000 1.0
53182 1.0
53208 1.0
53234 1.0
53239 1.0
53302 1.0
53328 1.0
53333 1.0
53354 1.0
53359 1.0
53776 1.0
53802 1.0
53901 1.0
53927 1.0
53953 1.0
54026 1.0
54052 1.0
54078 1.0
54176 0.3333333333333333
54177 0.6666666666666666
54526 1.0
54651 1.0
54676 0.5
54677 0.5
54776 1.0
54801 0.3333333333333333
54802 0.6666666666666666
54901 1.0
55250 1.0
55375 1.0
55401 1.0
55500 1.0
55525 0.625
55526 0.375
55875 1.0
56000 1.0
56125 1.0
56307 1.0
56333 1.0
56338 1.0
56359 1.0
56364 1.0
56453 1.0
56458 1.0
56479 1.0
56484 1.0
56578 1.0
56901 1.0
56906 1.0
57026 1.0
57052 1.0
57057 1.0
57077 0.13333333333333333
57078 0.8666666666666667
57083 1.0
57151 1.0
57177 1.0
57202 0.16666666666666666
57203 0.8333333333333334
57276 1.0
57301 0.2
57302 0.8
57651 1.0
57750 1.0
57776 1.0
57802 1.0
57901 1.0
57926 0.5
57927 0.5
58026 1.0
58250 1.0
58375 1.0
58500 1.0
58526 1.0
58625 1.0
58650 0.2222222222222222
58651 0.7777777777777778
59000 1.0
59125 1.0
59250 1.0
59432 1.0
59437 1.0
59463 1.0
59552 1.0
59557 1.0
59578 1.0
59583 1.0
59609 1.0
59703 1.0
59708 1.0
60031 1.0
60057 1.0
60151 1.0
60176 0.25
60177 0.75
60203 1.0
60208 1.0
60302 1.0
60327 0.25
60328 0.75
60427 1.0
60750 1.0
60776 1.0
60875 1.0
60900 0.2
60901 0.8
60927 1.0
61025 0.034482758620689655
61026 0.9655172413793104
61051 0.5
61052 0.5
61150 0.16666666666666666
61151 0.8333333333333334
61500 1.0
61526 1.0
61625 1.0
61650 0.5
61651 0.5
61750 1.0
61775 0.25
61776 0.75
62125 1.0
62250 1.0
62375 1.0
62552 1.0
62557 1.0
62562 1.0
62578 1.0
62604 1.0
62609 1.0
62703 1.0
62728 0.25
62729 0.75
63151 1.0
63177 1.0
63203 1.0
63276 1.0
63302 1.0
63328 1.0
63354 1.0
63401 1.0
63427 1.0
63452 0.25
63453 0.75
63552 1.0
63651 1.0
63776 1.0
63875 1.0
63901 1.0
64000 1.0
64026 1.0
64052 1.0
64151 1.0
64177 1.0
64250 1.0
64275 0.16666666666666666
64276 0.8333333333333334
64625 1.0
64750 1.0
64775 1.0
64875 1.0
64900 1.0
65250 1.0
65375 1.0
65500 1.0
65677 1.0
65682 1.0
65703 1.0
65708 1.0
65728 0.07692307692307693
65729 0.9230769230769231
65734 1.0
65828 1.0
65854 1.0
66276 1.0
66302 1.0
66401 1.0
66427 1.0
66453 1.0
66552 1.0
66578 1.0
66651 1.0
66677 1.0
66901 1.0
67025 0.3333333333333333
67026 0.6666666666666666
67125 1.0
67151 1.0
67177 1.0
67275 0.058823529411764705
67276 0.9411764705882353
67302 1.0
67375 1.0
67400 0.09090909090909091
67401 0.9090909090909091
67625 1.0
67750 1.0
67875 1.0
67900 0.3333333333333333
67901 0.6666666666666666
68000 1.0
68025 0.3333333333333333
68026 0.6666666666666666
68250 1.0
68375 1.0
68500 1.0
68625 1.0
68802 1.0
68807 1.0
68812 1.0
68828 1.0
68833 1.0
68838 1.0
68854 1.0
68859 1.0
68953 1.0
68978 0.14285714285714285
68979 0.8571428571428571
68984 1.0
69078 1.0
69426 0.25
69427 0.75
69526 1.0
69552 1.0
69577 0.08333333333333333
69578 0.9166666666666666
69651 1.0
69677 1.0
69702 0.16666666666666666
69703 0.8333333333333334
69802 1.0
70026 1.0
70125 1.0
70151 1.0
70250 1.0
70276 1.0
70301 0.4
70302 0.6
70401 1.0
70526 1.0
70875 1.0
71000 1.0
71026 1.0
71125 1.0
71150 0.5
71151 0.5
71375 1.0
71500 1.0
71625 1.0
71750 1.0
71906 1.0
71911 1.0
71932 1.0
71937 1.0
71958 1.0
71963 1.0
71979 1.0
71984 1.0
71989 1.0
72052 1.0
72077 0.1111111111111111
72078 0.8888888888888888
72083 1.0
72103 0.25
72104 0.75
72109 1.0
72203 1.0
72526 1.0
72552 1.0
72651 1.0
72676 0.25
72677 0.75
72703 1.0
72776 1.0
72802 1.0
72828 1.0
72927 1.0
73276 1.0
73375 1.0
73400 0.1111111111111111
73401 0.8888888888888888
73427 1.0
73526 1.0
73552 1.0
73651 1.0
73875 1.0
74000 1.0
74125 1.0
74150 0.2
74151 0.8
74250 1.0
74275 0.5
74276 0.5
74625 1.0
74750 1.0
74875 1.0
75031 1.0
75036 1.0
75052 1.0
75057 1.0
75083 1.0
75088 1.0
75109 1.0
75114 1.0
75177 1.0
75203 1.0
75208 1.0
75229 1.0
75234 1.0
75328 1.0
75776 1.0
75801 0.2
75802 0.8
75828 1.0
75926 0.047619047619047616
75927 0.9523809523809523
75952 0.14285714285714285
75953 0.8571428571428571
76051 0.2
76052 0.8
76276 1.0
76400 0.16666666666666666
76401 0.8333333333333334
76500 1.0
76525 0.14285714285714285
76526 0.8571428571428571
76552 1.0
76651 1.0
76677 1.0
76776 1.0
77000 1.0
77125 1.0
77250 1.0
77275 0.3
77276 0.7
77375 1.0
77750 1.0
77875 1.0
78000 1.0
