60 1.0
65 1.0
85 1.0
110 1.0
161 1.0
186 1.0
191 1.0
206 1.0
210 0.125
211 0.875
231 1.0
236 1.0
272 1.0
312 1.0
317 1.0
393 1.0
398 1.0
418 1.0
423 1.0
519 1.0
660 1.0
680 1.0
786 1.0
806 1.0
811 1.0
831 1.0
836 1.0
861 1.0
917 1.0
936 0.09090909090909091
937 0.9090909090909091
942 1.0
956 1.0
961 0.5
962 0.5
1043 1.0
1063 1.0
1144 1.0
1149 1.0
1174 1.0
1285 1.0
1310 1.0
1406 1.0
1411 1.0
1431 1.0
1436 1.0
1456 1.0
1537 1.0
1542 1.0
1557 1.0
1562 1.0
1582 1.0
1587 1.0
1663 1.0
1668 1.0
1688 1.0
1769 1.0
1774 1.0
2016 1.0
2036 1.0
2056 1.0
2061 1.0
2157 1.0
2162 1.0
2167 1.0
2182 1.0
2187 1.0
2207 1.0
2268 1.0
2273 1.0
2293 1.0
2313 1.0
2399 1.0
2419 1.0
2656 1.0
2661 1.0
2772 1.0
2782 1.0
2807 0.9
2808 0.1
2812 1.0
2893 1.0
2913 1.0
2918 1.0
2933 1.0
3019 1.0
3024 1.0
3044 1.0
3165 1.0
3185 1.0
3190 1.0
3286 1.0
3291 1.0
3311 1.0
3336 1.0
3356 1.0
3361 1.0
3412 1.0
3417 1.0
3436 0.2
3437 0.8
3442 1.0
3461 0.5
3462 0.5
3518 1.0
3523 1.0
3790 1.0
3810 1.0
3911 1.0
3916 1.0
3931 1.0
3936 1.0
3961 1.0
4022 1.0
4062 1.0
4067 1.0
4082 1.0
4087 1.0
4148 1.0
4168 1.0
4173 1.0
4274 1.0
4541 1.0
4556 1.0
4561 1.0
4586 1.0
4682 1.0
4687 1.0
4692 1.0
4707 1.0
4712 1.0
4788 1.0
4793 1.0
4894 1.0
4899 1.0
4919 1.0
5161 1.0
5166 1.0
5287 1.0
5292 1.0
5307 1.0
5312 1.0
5317 1.0
5393 1.0
5413 1.0
5418 1.0
5519 1.0
5524 1.0
5544 1.0
5766 1.0
5781 1.0
5786 1.0
5892 1.0
5897 1.0
5912 1.0
5932 1.0
5937 1.0
6018 1.0
6033 1.0
6038 1.0
6043 1.0
6058 1.0
6063 1.0
6144 1.0
6149 1.0
6169 1.0
6285 1.0
6396 1.0
6411 1.0
6416 1.0
6421 1.0
6436 1.0
6461 1.0
6517 1.0
6522 1.0
6537 1.0
6542 1.0
6562 1.0
6567 1.0
6587 1.0
6592 1.0
6668 1.0
6688 1.0
6693 1.0
6774 1.0
7021 1.0
7036 1.0
7061 1.0
7086 1.0
7142 1.0
7187 1.0
7212 1.0
7268 1.0
7273 1.0
7292 0.16666666666666666
7293 0.8333333333333334
7298 1.0
7313 1.0
7394 1.0
7399 1.0
7661 1.0
7686 1.0
7767 1.0
7772 1.0
7787 1.0
7792 1.0
7807 1.0
7812 1.0
7837 1.0
7893 1.0
7898 1.0
7913 1.0
7918 1.0
7938 1.0
8019 1.0
8024 1.0
8044 1.0
8271 1.0
8286 1.0
8392 1.0
8407 1.0
8412 1.0
8417 1.0
8422 1.0
8432 1.0
8437 1.0
8518 1.0
8533 1.0
8538 1.0
8543 1.0
8548 1.0
8558 1.0
8563 1.0
8644 1.0
8649 1.0
8669 1.0
8891 1.0
8896 1.0
8911 1.0
9017 1.0
9037 1.0
9057 1.0
9062 0.8333333333333334
9063 0.16666666666666666
9143 1.0
9158 1.0
9163 1.0
9168 1.0
9183 1.0
9188 1.0
9269 1.0
9274 1.0
9289 1.0
9294 1.0
9415 1.0
9440 1.0
9516 1.0
9541 1.0
9561 1.0
9566 1.0
9586 1.0
9687 1.0
9692 1.0
9712 1.0
9768 1.0
9773 1.0
9793 1.0
9798 1.0
9899 1.0
9919 1.0
10161 1.0
10166 1.0
10186 0.75
10187 0.25
10211 1.0
10267 1.0
10272 1.0
10287 1.0
10312 1.0
10317 1.0
10337 1.0
10393 1.0
10398 1.0
10418 1.0
10438 1.0
10443 1.0
10519 1.0
10524 1.0
10544 1.0
10549 1.0
10761 1.0
10766 1.0
10786 1.0
10791 1.0
10897 1.0
10912 1.0
10917 1.0
10932 1.0
10937 1.0
11038 1.0
11043 1.0
11048 1.0
11063 1.0
11144 1.0
11149 1.0
11386 1.0
11416 1.0
11512 1.0
11522 1.0
11537 1.0
11542 1.0
11557 1.0
11562 1.0
11643 1.0
11663 1.0
11668 1.0
11683 1.0
11688 1.0
11769 1.0
11774 1.0
12011 1.0
12031 1.0
12036 1.0
12142 1.0
12157 1.0
12162 1.0
12187 1.0
12273 1.0
12283 1.0
12288 1.0
12293 1.0
12308 1.0
12394 1.0
12399 1.0
12419 1.0
12641 1.0
12646 1.0
12661 1.0
12666 1.0
12691 1.0
12772 1.0
12792 1.0
12812 1.0
12817 1.0
12837 1.0
12842 1.0
12893 1.0
12913 1.0
12918 1.0
12923 1.0
12938 1.0
12943 1.0
13024 1.0
13266 1.0
13286 1.0
13291 1.0
13311 1.0
13391 0.5
13392 0.5
13397 1.0
13412 1.0
13437 1.0
13442 1.0
13462 1.0
13518 1.0
13523 1.0
13538 1.0
13543 1.0
13548 1.0
13563 1.0
13649 1.0
13669 1.0
13674 1.0
13886 1.0
13896 1.0
13911 1.0
13936 1.0
14022 1.0
14037 1.0
14042 1.0
14057 1.0
14062 1.0
14143 1.0
14148 1.0
14163 1.0
14168 1.0
14173 1.0
14188 1.0
14269 1.0
14274 1.0
14294 1.0
14516 1.0
14536 1.0
14642 1.0
14647 1.0
14662 0.8571428571428571
14663 0.14285714285714285
14667 0.6666666666666666
14668 0.3333333333333333
14687 1.0
14768 1.0
14773 1.0
14788 1.0
14793 1.0
14813 1.0
14818 1.0
14894 1.0
14899 1.0
14914 1.0
14919 1.0
15141 1.0
15267 1.0
15282 1.0
15287 1.0
15312 0.75
15313 0.25
15393 1.0
15413 1.0
15418 0.8333333333333334
15419 0.16666666666666666
15433 1.0
15438 1.0
15519 1.0
15524 1.0
15544 1.0
15685 1.0
15705 1.0
15710 1.0
15730 1.0
15735 1.0
15831 1.0
15835 1.0
15855 0.25
15856 0.75
16285 1.0
16305 1.0
16310 1.0
16330 1.0
16335 1.0
16355 1.0
16456 0.9655172413793104
16457 0.034482758620689655
16461 1.0
16476 1.0
16481 1.0
16905 1.0
16930 0.5
16931 0.5
17056 1.0
17076 1.0
17081 1.0
17101 1.0
17106 1.0
17202 1.0
17530 1.0
17656 1.0
17676 0.8333333333333334
17677 0.16666666666666666
17681 1.0
17701 1.0
17706 0.9545454545454546
17707 0.045454545454545456
17802 1.0
17807 1.0
17827 1.0
17832 1.0
18276 1.0
18281 1.0
18301 1.0
18306 1.0
18331 1.0
18427 0.9230769230769231
18428 0.07692307692307693
18432 1.0
18452 1.0
18457 1.0
18558 1.0
18785 1.0
18805 1.0
18810 1.0
18830 1.0
18835 1.0
18855 1.0
18860 1.0
18955 0.2857142857142857
18956 0.7142857142857143
18961 1.0
18981 1.0
18986 1.0
19405 1.0
19410 1.0
19430 1.0
19455 1.0
19480 1.0
19561 1.0
19581 1.0
19586 1.0
19606 1.0
20030 1.0
20035 1.0
20060 1.0
20156 1.0
20181 1.0
20201 1.0
20206 0.9166666666666666
20207 0.08333333333333333
20211 1.0
20307 1.0
20327 1.0
20332 1.0
20655 0.5
20656 0.5
20660 1.0
20781 1.0
20786 1.0
20801 1.0
20806 0.75
20807 0.25
20831 0.5
20832 0.5
20927 1.0
20932 1.0
20952 1.0
20957 1.0
21280 0.6666666666666666
21281 0.3333333333333333
21406 1.0
21431 1.0
21457 1.0
21552 1.0
21557 1.0
21577 1.0
21582 1.0
21678 1.0
21910 1.0
21915 1.0
21935 1.0
21940 1.0
21955 1.0
21960 1.0
21985 1.0
22081 1.0
22085 0.07142857142857142
22086 0.9285714285714286
22106 1.0
22111 1.0
22555 1.0
22560 1.0
22661 1.0
22681 1.0
22686 1.0
22706 1.0
22711 1.0
22731 1.0
22832 1.0
23155 1.0
23160 1.0
23180 0.5
23181 0.5
23281 1.0
23286 1.0
23306 0.8888888888888888
23307 0.1111111111111111
23311 1.0
23331 0.8125
23332 0.1875
23337 1.0
23432 1.0
23457 1.0
23781 1.0
23785 1.0
23810 1.0
23906 1.0
23911 1.0
23931 1.0
23936 1.0
23956 0.3333333333333333
23957 0.6666666666666666
24052 0.5
24053 0.5
24057 1.0
24062 1.0
24077 1.0
24082 1.0
24531 1.0
24536 1.0
24556 0.8
24557 0.2
24677 0.8
24678 0.2
24682 1.0
24707 1.0
24803 1.0
24808 1.0
25035 1.0
25040 1.0
25060 1.0
25181 1.0
25186 1.0
25206 1.0
25211 1.0
25231 1.0
25236 1.0
25337 1.0
25660 1.0
25685 1.0
25781 1.0
25786 1.0
25806 1.0
25811 1.0
25831 0.875
25832 0.125
25836 1.0
25932 1.0
25957 1.0
25962 1.0
26285 1.0
26311 1.0
26411 1.0
26431 0.8333333333333334
26432 0.16666666666666666
26436 1.0
26456 1.0
26461 1.0
26557 1.0
26562 1.0
26582 1.0
26910 1.0
27036 1.0
27056 0.625
27057 0.375
27182 1.0
27187 1.0
27207 1.0
27656 1.0
27661 1.0
27681 1.0
27807 0.9714285714285714
27808 0.02857142857142857
27812 1.0
27933 1.0
28160 1.0
28165 1.0
28286 1.0
28306 1.0
28311 1.0
28331 1.0
28336 1.0
28341 1.0
28361 1.0
28457 1.0
28462 1.0
28785 1.0
28810 1.0
28911 1.0
28931 1.0
28936 0.9
28937 0.1
28956 1.0
28961 1.0
28986 1.0
29057 1.0
29062 1.0
29082 1.0
29087 1.0
29410 1.0
29435 1.0
29531 1.0
29536 1.0
29556 0.5
29557 0.5
29581 1.0
29586 1.0
29682 1.0
29687 1.0
29707 1.0
29712 1.0
30156 1.0
30182 1.0
30186 1.0
30307 0.9743589743589743
30308 0.02564102564102564
30312 1.0
30332 1.0
30433 1.0
30781 1.0
30786 1.0
30907 1.0
30932 0.875
30933 0.125
30937 1.0
31053 1.0
31058 1.0
31280 1.0
31305 1.0
31310 1.0
31330 1.0
31335 1.0
31355 1.0
31925 1.0
31930 1.0
31955 1.0
31975 1.0
31980 1.0
32076 1.0
32081 1.0
32101 1.0
32106 1.0
32530 1.0
32555 1.0
32580 1.0
32600 1.0
32606 1.0
32676 1.0
32701 1.0
32706 1.0
32726 1.0
32731 1.0
33155 1.0
33175 1.0
33180 1.0
33206 1.0
33301 1.0
33326 0.8333333333333334
33327 0.16666666666666666
33331 1.0
33427 1.0
33452 1.0
33776 1.0
33780 1.0
33901 1.0
33906 1.0
33926 0.7857142857142857
33927 0.21428571428571427
33931 1.0
33951 0.8888888888888888
33952 0.1111111111111111
33956 1.0
34052 1.0
34077 1.0
34430 1.0
34435 1.0
34455 1.0
34460 1.0
34480 1.0
34485 1.0
34581 1.0
34606 1.0
35030 1.0
35035 1.0
35055 1.0
35060 1.0
35080 0.7142857142857143
35081 0.2857142857142857
35105 0.5
35106 0.5
35110 1.0
35201 1.0
35206 1.0
35226 1.0
35231 1.0
35655 1.0
35680 1.0
35705 1.0
35801 1.0
35806 1.0
35826 0.7
35827 0.3
35831 1.0
35851 1.0
35856 1.0
36280 1.0
36305 0.8
36306 0.2
36426 0.5
36427 0.5
36431 1.0
36451 0.9090909090909091
36452 0.09090909090909091
36456 1.0
36552 1.0
36577 1.0
36905 1.0
37051 1.0
37056 1.0
37077 1.0
37177 1.0
37182 1.0
37202 1.0
37535 1.0
37555 1.0
37560 1.0
37580 1.0
37585 1.0
37605 1.0
37610 1.0
37706 1.0
37731 1.0
38155 1.0
38180 0.8
38181 0.2
38205 0.75
38206 0.25
38210 1.0
38230 1.0
38306 1.0
38326 1.0
38331 1.0
38356 1.0
38780 1.0
38805 1.0
38830 1.0
38931 1.0
38951 0.8571428571428571
38952 0.14285714285714285
38956 0.9333333333333333
38957 0.06666666666666667
38981 1.0
39077 1.0
39405 1.0
39526 1.0
39531 1.0
39551 1.0
39556 1.0
39576 1.0
39581 0.8461538461538461
39582 0.15384615384615385
39677 1.0
39702 1.0
39707 1.0
40030 0.6666666666666666
40031 0.3333333333333333
40151 1.0
40176 0.3333333333333333
40177 0.6666666666666666
40181 1.0
40202 1.0
40207 1.0
40302 1.0
40307 1.0
40327 0.8333333333333334
40328 0.16666666666666666
40332 1.0
40428 1.0
40660 1.0
40680 1.0
40685 1.0
40705 1.0
40710 1.0
40735 1.0
40831 1.0
40836 1.0
40855 0.09090909090909091
40856 0.9090909090909091
40861 1.0
41285 1.0
41305 0.8
41306 0.2
41310 1.0
41431 1.0
41456 1.0
41461 1.0
41481 1.0
41905 1.0
41910 1.0
41930 1.0
41935 1.0
42031 1.0
42056 1.0
42076 1.0
42081 1.0
42106 1.0
42182 1.0
42202 1.0
42207 1.0
42530 1.0
42651 1.0
42656 1.0
42681 0.9230769230769231
42682 0.07692307692307693
42706 0.7692307692307693
42707 0.23076923076923078
42802 1.0
42807 1.0
42827 1.0
42832 1.0
43155 0.5
43156 0.5
43276 1.0
43281 1.0
43301 0.6666666666666666
43302 0.3333333333333333
43306 0.75
43307 0.25
43332 1.0
43427 0.9615384615384616
43428 0.038461538461538464
43432 1.0
43452 1.0
43457 1.0
43553 1.0
43805 1.0
43810 1.0
43831 1.0
43835 1.0
43860 1.0
43956 1.0
43961 1.0
43981 1.0
43986 1.0
44410 1.0
44430 0.6666666666666666
44431 0.3333333333333333
44435 1.0
44556 1.0
44581 1.0
44586 1.0
44611 1.0
44707 1.0
45030 1.0
45060 1.0
45156 1.0
45181 0.8571428571428571
45182 0.14285714285714285
45206 0.875
45207 0.125
45307 1.0
45332 1.0
45660 1.0
45781 1.0
45806 0.8333333333333334
45807 0.16666666666666666
45831 1.0
45927 1.0
45932 1.0
45957 1.0
46281 1.0
46406 1.0
46431 0.625
46432 0.375
46552 0.625
46553 0.375
46557 1.0
46582 1.0
46678 1.0
46935 1.0
46955 1.0
46960 1.0
46975 1.0
46980 1.0
46985 1.0
47555 1.0
47575 1.0
47580 1.0
47600 0.8666666666666667
47601 0.13333333333333333
47605 1.0
47701 1.0
47726 1.0
48175 1.0
48180 1.0
48200 0.5
48201 0.5
48205 1.0
48225 1.0
48230 1.0
48326 1.0
48351 1.0
48800 0.7142857142857143
48801 0.2857142857142857
48805 1.0
48926 1.0
48951 0.8571428571428571
48952 0.14285714285714285
48976 1.0
49077 1.0
49405 1.0
49425 1.0
49526 1.0
49551 0.7333333333333333
49552 0.26666666666666666
49576 0.8333333333333334
49577 0.16666666666666666
49677 0.9230769230769231
49678 0.07692307692307693
49702 1.0
50055 1.0
50060 1.0
50080 1.0
50085 1.0
50100 1.0
50105 1.0
50110 1.0
50676 1.0
50680 1.0
50700 1.0
50705 1.0
50725 0.5
50726 0.5
50730 1.0
50826 1.0
50851 1.0
50856 1.0
51280 1.0
51300 1.0
51305 1.0
51330 1.0
51355 0.5
51356 0.5
51451 0.9444444444444444
51452 0.05555555555555555
51456 1.0
51476 1.0
51481 1.0
51926 1.0
51930 0.8333333333333334
51931 0.16666666666666666
52051 1.0
52076 0.9130434782608695
52077 0.08695652173913043
52081 1.0
52202 1.0
52525 1.0
52530 1.0
52555 1.0
52676 0.6666666666666666
52677 0.3333333333333333
52701 0.6363636363636364
52702 0.36363636363636365
52802 1.0
52827 1.0
53180 1.0
53185 1.0
53205 1.0
53210 1.0
53230 1.0
53235 1.0
53356 1.0
53805 1.0
53810 1.0
53830 1.0
53835 1.0
53855 0.5714285714285714
53856 0.42857142857142855
53951 1.0
53956 1.0
53976 1.0
53981 1.0
54405 1.0
54430 1.0
54576 0.9230769230769231
54577 0.07692307692307693
54581 1.0
54601 1.0
54606 1.0
54727 1.0
55030 0.6666666666666666
55031 0.3333333333333333
55055 0.5
55056 0.5
55176 1.0
55181 1.0
55201 0.7647058823529411
55202 0.23529411764705882
55206 1.0
55302 1.0
55327 1.0
55651 1.0
55656 1.0
55675 1.0
55776 1.0
55781 1.0
55801 0.75
55802 0.25
55826 1.0
55831 1.0
55927 0.9230769230769231
55928 0.07692307692307693
55952 1.0
56305 1.0
56310 1.0
56330 1.0
56335 1.0
56355 1.0
56360 1.0
56456 1.0
56481 1.0
56905 1.0
56930 0.7142857142857143
56931 0.2857142857142857
56935 1.0
56955 1.0
56960 1.0
56980 1.0
57076 1.0
57081 1.0
57101 1.0
57106 1.0
57555 1.0
57560 1.0
57676 1.0
57681 1.0
57701 0.9
57702 0.1
57706 0.9565217391304348
57707 0.043478260869565216
57731 1.0
57827 1.0
58155 1.0
58181 1.0
58281 1.0
58301 0.875
58302 0.125
58306 1.0
58326 0.25
58327 0.75
58331 1.0
58427 1.0
58452 1.0
58901 1.0
58906 1.0
58926 0.5714285714285714
58927 0.42857142857142855
58931 1.0
58952 1.0
59052 0.9166666666666666
59053 0.08333333333333333
59077 1.0
59178 1.0
59430 1.0
59435 1.0
59455 1.0
59460 1.0
59480 1.0
59581 1.0
59606 1.0
59611 1.0
60030 1.0
60055 1.0
60060 1.0
60085 1.0
60206 1.0
60211 1.0
60231 1.0
60236 1.0
60655 1.0
60680 0.75
60681 0.25
60806 1.0
60826 0.5
60827 0.5
60831 0.972972972972973
60832 0.02702702702702703
60856 0.5
60857 0.5
60927 1.0
60952 1.0
60957 1.0
61406 1.0
61426 1.0
61431 1.0
61451 0.25
61452 0.75
61456 0.625
61457 0.375
61552 1.0
61577 1.0
61582 1.0
61905 1.0
62026 1.0
62031 1.0
62051 0.75
62052 0.25
62056 0.4
62057 0.6
62082 1.0
62177 0.9375
62178 0.0625
62202 1.0
62207 1.0
62555 1.0
62560 1.0
62580 1.0
62585 1.0
62600 1.0
62605 1.0
62610 1.0
63175 1.0
63180 1.0
63200 1.0
63205 1.0
63225 0.9642857142857143
63226 0.03571428571428571
63230 1.0
63351 1.0
63800 1.0
63805 1.0
63825 0.6666666666666666
63826 0.3333333333333333
63850 0.9230769230769231
63851 0.07692307692307693
63855 1.0
63951 1.0
63976 1.0
64425 0.7142857142857143
64426 0.2857142857142857
64450 0.75
64451 0.25
64551 1.0
64576 0.8974358974358975
64577 0.10256410256410256
64601 0.7142857142857143
64602 0.2857142857142857
64702 1.0
65025 1.0
65030 1.0
65151 1.0
65176 0.3333333333333333
65177 0.6666666666666666
65201 0.5
65202 0.5
65302 0.8333333333333334
65303 0.16666666666666666
65327 1.0
65680 1.0
65685 1.0
65705 1.0
65725 1.0
65730 1.0
65735 1.0
66300 1.0
66305 1.0
66325 0.5
66326 0.5
66330 1.0
66350 0.9285714285714286
66351 0.07142857142857142
66355 1.0
66476 1.0
66905 1.0
66925 1.0
66930 1.0
66950 1.0
66980 0.5
66981 0.5
67051 1.0
67076 1.0
67101 1.0
67550 1.0
67555 1.0
67676 1.0
67701 0.8888888888888888
67702 0.1111111111111111
67726 1.0
67827 1.0
68150 1.0
68155 1.0
68180 1.0
68301 1.0
68326 0.46153846153846156
68327 0.5384615384615384
68427 0.8823529411764706
68428 0.11764705882352941
68452 1.0
68805 1.0
68810 1.0
68830 1.0
68835 1.0
68855 1.0
68860 1.0
68976 1.0
69425 1.0
69430 1.0
69435 1.0
69455 1.0
69480 0.9444444444444444
69481 0.05555555555555555
69576 1.0
69601 1.0
69606 1.0
70035 1.0
70050 0.6666666666666666
70051 0.3333333333333333
70055 1.0
70080 0.8
70081 0.2
70106 1.0
70176 1.0
70201 1.0
70206 1.0
70226 1.0
70231 1.0
70676 1.0
70680 1.0
70801 1.0
70826 0.9090909090909091
70827 0.09090909090909091
70831 1.0
70927 1.0
70952 1.0
71275 1.0
71280 1.0
71305 1.0
71401 1.0
71426 0.9166666666666666
71427 0.08333333333333333
71451 0.7692307692307693
71452 0.23076923076923078
71552 0.9444444444444444
71553 0.05555555555555555
71577 0.8888888888888888
71578 0.1111111111111111
71910 1.0
71930 1.0
71935 1.0
71955 1.0
71960 1.0
71980 0.9565217391304348
71981 0.043478260869565216
71985 1.0
72106 1.0
72555 1.0
72560 1.0
72580 1.0
72605 0.6666666666666666
72606 0.3333333333333333
72701 1.0
72706 1.0
72726 1.0
72731 1.0
73175 1.0
73180 0.8888888888888888
73181 0.1111111111111111
73301 1.0
73326 0.95
73327 0.05
73331 1.0
73351 1.0
73356 1.0
73780 1.0
73805 1.0
73901 1.0
73926 0.875
73927 0.125
73951 0.8947368421052632
73952 0.10526315789473684
73956 1.0
74052 1.0
74077 1.0
74400 1.0
74405 1.0
74430 1.0
74526 1.0
74551 0.7
74552 0.3
74576 0.4
74577 0.6
74677 0.9473684210526315
74678 0.05263157894736842
74702 1.0
75035 1.0
75055 1.0
75060 1.0
75080 0.9090909090909091
75081 0.09090909090909091
75085 1.0
75105 1.0
75110 1.0
75206 1.0
75231 1.0
75655 1.0
75680 1.0
75705 0.6666666666666666
75706 0.3333333333333333
75730 1.0
75826 1.0
75831 1.0
75851 1.0
75856 1.0
76280 1.0
76285 1.0
76305 1.0
76431 1.0
76451 0.9333333333333333
76452 0.06666666666666667
76456 1.0
76481 1.0
76577 1.0
76905 1.0
77026 1.0
77051 1.0
77056 1.0
77076 1.0
77081 1.0
77177 1.0
77202 1.0
77656 1.0
77676 0.7
77677 0.3
77701 0.3333333333333333
77702 0.6666666666666666
77802 0.9523809523809523
77803 0.047619047619047616
77827 1.0
77928 1.0
