0 1.0
6 1.0
25 0.9555555555555556
26 0.044444444444444446
31 1.0
50 0.9807692307692307
51 0.019230769230769232
56 0.963963963963964
57 0.036036036036036036
62 1.0
75 0.9225352112676056
76 0.07746478873239436
81 0.9765625
82 0.0234375
87 1.0
100 0.96
101 0.04
106 0.9634703196347032
107 0.0365296803652968
112 1.0
125 1.0
131 1.0
150 0.9166666666666666
151 0.08333333333333333
156 0.96
157 0.04
162 1.0
168 1.0
176 1.0
181 0.875
182 0.125
187 0.9661016949152542
188 0.03389830508474576
193 1.0
206 0.8524590163934426
207 0.14754098360655737
212 0.9381443298969072
213 0.061855670103092786
218 1.0
231 0.8333333333333334
232 0.16666666666666666
237 0.9787234042553191
238 0.02127659574468085
243 1.0
250 0.9285714285714286
251 0.07142857142857142
256 1.0
262 1.0
275 1.0
281 0.8703703703703703
282 0.12962962962962962
287 0.9230769230769231
288 0.07692307692307693
293 0.9343065693430657
294 0.06569343065693431
299 1.0
306 1.0
312 0.8271028037383178
313 0.17289719626168223
318 0.9608695652173913
319 0.0391304347826087
324 1.0
337 1.0
343 1.0
349 1.0
375 1.0
381 0.8888888888888888
382 0.1111111111111111
387 0.9230769230769231
388 0.07692307692307693
393 1.0
399 1.0
406 0.9473684210526315
407 0.05263157894736842
412 0.8771929824561403
413 0.12280701754385964
418 0.9073275862068966
419 0.09267241379310345
424 1.0
438 1.0
443 0.8395061728395061
444 0.16049382716049382
449 1.0
500 1.0
506 1.0
512 0.9130434782608695
513 0.08695652173913043
518 0.803921568627451
519 0.19607843137254902
524 1.0
531 1.0
537 0.8958333333333334
538 0.10416666666666667
543 0.859504132231405
544 0.14049586776859505
549 1.0
