266 1.0
270 1.0
291 1.0
296 1.0
391 1.0
395 0.2222222222222222
396 0.7777777777777778
416 0.75
417 0.25
421 0.7142857142857143
422 0.2857142857142857
516 1.0
520 0.8888888888888888
521 0.1111111111111111
542 1.0
547 1.0
890 0.3333333333333333
891 0.6666666666666666
895 1.0
921 1.0
1015 0.6
1016 0.4
1020 0.3333333333333333
1021 0.6666666666666666
1041 0.8
1042 0.2
1046 0.5
1047 0.5
1140 0.5
1141 0.5
1145 0.7857142857142857
1146 0.21428571428571427
1166 0.75
1167 0.25
1171 1.0
1391 1.0
1515 0.5
1516 0.5
1520 0.3333333333333333
1521 0.6666666666666666
1541 1.0
1641 1.0
1645 0.6
1646 0.4
1666 0.5
1667 0.5
1671 0.7272727272727273
1672 0.2727272727272727
1765 0.5
1766 0.5
1770 0.6
1771 0.4
1791 1.0
1796 0.75
1797 0.25
2015 1.0
2020 1.0
2140 1.0
2145 1.0
2171 1.0
2265 0.25
2266 0.75
2270 0.5
2271 0.5
2291 0.3333333333333333
2292 0.6666666666666666
2296 0.7142857142857143
2297 0.2857142857142857
2395 0.8125
2396 0.1875
2416 1.0
2421 0.6
2422 0.4
2765 0.5
2766 0.5
2770 1.0
2891 1.0
2895 0.5
2896 0.5
2916 0.8
2917 0.2
2921 1.0
3015 0.3333333333333333
3016 0.6666666666666666
3020 1.0
3046 0.8
3047 0.2
3270 0.3333333333333333
3271 0.6666666666666666
3395 0.625
3396 0.375
3421 1.0
3515 0.3333333333333333
3516 0.6666666666666666
3520 0.3333333333333333
3521 0.6666666666666666
3541 0.25
3542 0.75
3546 0.75
3547 0.25
3640 0.5
3641 0.5
3645 0.8
3646 0.2
3666 0.3333333333333333
3667 0.6666666666666666
3671 0.3333333333333333
3672 0.6666666666666666
3890 1.0
3895 1.0
3921 1.0
4020 1.0
4141 1.0
4146 1.0
4166 0.75
4167 0.25
4171 0.7142857142857143
4172 0.2857142857142857
4266 1.0
4270 0.6923076923076923
4271 0.3076923076923077
4291 0.6666666666666666
4292 0.3333333333333333
4296 0.8571428571428571
4297 0.14285714285714285
4546 1.0
4645 1.0
4671 1.0
4766 1.0
4791 1.0
4796 0.6
4797 0.4
4891 1.0
4895 0.8571428571428571
4896 0.14285714285714285
4916 1.0
4921 1.0
5166 1.0
5171 1.0
5266 1.0
5270 1.0
5296 1.0
5391 1.0
5395 0.5
5396 0.5
5416 1.0
5421 1.0
5515 0.3333333333333333
5516 0.6666666666666666
5520 0.4166666666666667
5521 0.5833333333333334
5541 1.0
5546 1.0
5796 1.0
5895 1.0
5916 1.0
5921 1.0
6015 0.3333333333333333
6016 0.6666666666666666
6020 0.375
6021 0.625
6041 1.0
6046 1.0
6140 0.6666666666666666
6141 0.3333333333333333
6145 0.7647058823529411
6146 0.23529411764705882
6166 0.75
6167 0.25
6171 1.0
6390 1.0
6395 1.0
6515 0.3333333333333333
6516 0.6666666666666666
6520 1.0
6541 1.0
6640 1.0
6645 0.16666666666666666
6646 0.8333333333333334
6666 0.5
6667 0.5
6671 0.5
6672 0.5
6765 0.4
6766 0.6
6770 0.6363636363636364
6771 0.36363636363636365
6791 1.0
6796 1.0
7041 1.0
7145 0.8
7146 0.2
7171 1.0
7266 1.0
7270 1.0
7291 0.75
7292 0.25
7296 0.2
7297 0.8
7395 0.6875
7396 0.3125
7416 1.0
7421 0.8
7422 0.2
7641 1.0
7646 1.0
7671 1.0
7770 0.8333333333333334
7771 0.16666666666666666
7791 1.0
7891 1.0
7895 0.8333333333333334
7896 0.16666666666666666
7916 1.0
7921 0.6666666666666666
7922 0.3333333333333333
8015 0.6666666666666666
8016 0.3333333333333333
8020 0.875
8021 0.125
8041 1.0
8046 1.0
8270 1.0
8390 1.0
8395 0.75
8396 0.25
8421 1.0
8521 1.0
8541 1.0
8546 0.8
8547 0.2
8640 0.5714285714285714
8641 0.42857142857142855
8645 0.8
8646 0.2
8666 1.0
8671 1.0
8895 0.5
8896 0.5
9015 1.0
9020 1.0
9046 1.0
9140 0.5
9141 0.5
9145 0.25
9146 0.75
9166 1.0
9171 1.0
9265 0.3333333333333333
9266 0.6666666666666666
9270 0.9090909090909091
9271 0.09090909090909091
9291 0.6666666666666666
9292 0.3333333333333333
9296 1.0
9520 0.5
9521 0.5
9546 1.0
9645 0.6666666666666666
9646 0.3333333333333333
9666 1.0
9766 1.0
9770 0.25
9771 0.75
9791 1.0
9796 1.0
9890 0.5
9891 0.5
9895 0.6875
9896 0.3125
9916 0.5
9917 0.5
9921 1.0
10145 1.0
10265 0.5
10266 0.5
10270 0.625
10271 0.375
10391 1.0
10395 0.4
10396 0.6
10416 0.6666666666666666
10417 0.3333333333333333
10421 0.7142857142857143
10422 0.2857142857142857
10515 0.3333333333333333
10516 0.6666666666666666
10520 0.6111111111111112
10521 0.3888888888888889
10541 1.0
10546 0.8333333333333334
10547 0.16666666666666666
10765 1.0
10890 0.3333333333333333
10891 0.6666666666666666
10895 1.0
11015 0.3333333333333333
11016 0.6666666666666666
11021 1.0
11041 1.0
11046 0.8
11047 0.2
11140 0.3333333333333333
11141 0.6666666666666666
11145 0.875
11146 0.125
11166 0.5
11167 0.5
11171 1.0
11396 1.0
11515 1.0
11520 1.0
11546 1.0
11641 1.0
11645 0.6
11646 0.4
11666 1.0
11671 1.0
11765 1.0
11770 0.75
11771 0.25
11791 1.0
11796 1.0
12140 1.0
12145 1.0
12171 1.0
12266 1.0
12270 1.0
12291 1.0
12296 1.0
12390 0.5
12391 0.5
12395 0.75
12396 0.25
12416 1.0
12421 1.0
12640 1.0
12671 1.0
12765 0.6666666666666666
12766 0.3333333333333333
12770 1.0
12895 0.42857142857142855
12896 0.5714285714285714
12916 0.5
12917 0.5
12921 1.0
13015 0.25
13016 0.75
13020 0.75
13021 0.25
13046 1.0
13270 1.0
13390 1.0
13395 0.875
13396 0.125
13416 1.0
13515 0.3333333333333333
13516 0.6666666666666666
13521 1.0
13541 1.0
13546 0.5
13547 0.5
13640 0.6666666666666666
13641 0.3333333333333333
13645 0.75
13646 0.25
13666 1.0
13671 1.0
13890 1.0
14020 1.0
14041 1.0
14046 1.0
14141 1.0
14145 0.5714285714285714
14146 0.42857142857142855
14166 1.0
14171 0.75
14172 0.25
14266 1.0
14270 0.625
14271 0.375
14291 1.0
14296 1.0
14640 0.5
14641 0.5
14645 1.0
14671 1.0
14766 1.0
14770 0.4444444444444444
14771 0.5555555555555556
14791 1.0
14796 1.0
14891 1.0
14895 0.6875
14896 0.3125
14916 1.0
14921 1.0
15265 1.0
15270 1.0
15296 1.0
15395 0.3333333333333333
15396 0.6666666666666666
15416 1.0
15421 0.8888888888888888
15422 0.1111111111111111
15515 0.5
15516 0.5
15520 0.7333333333333333
15521 0.26666666666666666
15541 0.75
15542 0.25
15546 0.8333333333333334
15547 0.16666666666666666
15771 1.0
15791 0.6666666666666666
15792 0.3333333333333333
15796 0.5
15797 0.5
15916 0.16666666666666666
15917 0.8333333333333334
15942 0.25
15943 0.75
16016 1.0
16041 0.20833333333333334
16042 0.7916666666666666
16046 0.6666666666666666
16047 0.3333333333333333
16067 0.1111111111111111
16068 0.8888888888888888
16072 1.0
16391 1.0
16416 0.5
16417 0.5
16421 1.0
16541 0.42857142857142855
16542 0.5714285714285714
16567 0.6666666666666666
16568 0.3333333333333333
16572 1.0
16666 0.17857142857142858
16667 0.8214285714285714
16671 0.14285714285714285
16672 0.8571428571428571
16692 0.3333333333333333
16693 0.6666666666666666
17015 0.5
17016 0.5
17041 0.75
17042 0.25
17166 0.16666666666666666
17167 0.8333333333333334
17193 1.0
17266 1.0
17291 0.21428571428571427
17292 0.7857142857142857
17296 0.6666666666666666
17297 0.3333333333333333
17317 0.2
17318 0.8
17323 1.0
17666 1.0
17671 1.0
17766 1.0
17791 0.14285714285714285
17792 0.8571428571428571
17796 0.3333333333333333
17797 0.6666666666666666
17817 1.0
17916 0.12121212121212122
17917 0.8787878787878788
17921 0.375
17922 0.625
17942 0.8571428571428571
17943 0.14285714285714285
18266 1.0
18391 1.0
18417 1.0
18421 0.5
18422 0.5
18443 1.0
18516 1.0
18541 0.23529411764705882
18542 0.7647058823529411
18546 0.5
18547 0.5
18567 0.625
18568 0.375
18572 1.0
18667 1.0
18891 1.0
18896 1.0
18916 0.5
18917 0.5
18921 1.0
19016 1.0
19021 1.0
19042 1.0
19046 1.0
19072 1.0
19166 0.058823529411764705
19167 0.9411764705882353
19171 0.3333333333333333
19172 0.6666666666666666
19192 0.25
19193 0.75
19198 1.0
19521 1.0
19541 1.0
19641 1.0
19667 1.0
19671 1.0
19692 0.6666666666666666
19693 0.3333333333333333
19766 1.0
19791 0.15789473684210525
19792 0.8421052631578947
19796 0.4
19797 0.6
19817 0.7272727272727273
19818 0.2727272727272727
20140 0.25
20141 0.75
20166 1.0
20292 1.0
20297 1.0
20317 0.75
20318 0.25
20322 1.0
20416 0.23809523809523808
20417 0.7619047619047619
20421 0.4
20422 0.6
20442 0.5
20443 0.5
20766 1.0
20770 0.25
20771 0.75
20791 1.0
20916 0.14285714285714285
20917 0.8571428571428571
21041 0.15
21042 0.85
21046 0.25
21047 0.75
21067 0.8333333333333334
21068 0.16666666666666666
21072 1.0
21390 0.25
21391 0.75
21396 1.0
21416 1.0
21421 1.0
21516 1.0
21542 1.0
21547 1.0
21567 1.0
21666 0.20833333333333334
21667 0.7916666666666666
21671 0.25
21672 0.75
21692 0.6666666666666666
21693 0.3333333333333333
22016 1.0
22020 0.5
22021 0.5
22041 1.0
22046 1.0
22141 1.0
22166 0.23076923076923078
22167 0.7692307692307693
22192 1.0
22291 0.15789473684210525
22292 0.8421052631578947
22296 0.2
22297 0.8
22317 0.42857142857142855
22318 0.5714285714285714
22666 1.0
22671 1.0
22766 1.0
22791 0.5
22792 0.5
22817 1.0
22916 0.14285714285714285
22917 0.8571428571428571
22921 0.3333333333333333
22922 0.6666666666666666
22942 0.7777777777777778
22943 0.2222222222222222
22947 1.0
23265 0.3333333333333333
23266 0.6666666666666666
23291 1.0
23296 1.0
23391 1.0
23417 1.0
23422 1.0
23442 0.6666666666666666
23443 0.3333333333333333
23541 0.375
23542 0.625
23547 1.0
23567 0.42857142857142855
23568 0.5714285714285714
23916 1.0
23921 0.8
23922 0.2
24041 0.3333333333333333
24042 0.6666666666666666
24067 0.6666666666666666
24068 0.3333333333333333
24166 0.3333333333333333
24167 0.6666666666666666
24171 0.6
24172 0.4
24192 0.6666666666666666
24193 0.3333333333333333
24515 1.0
24542 1.0
24546 1.0
24666 0.25
24667 0.75
24671 1.0
24692 1.0
24791 0.42105263157894735
24792 0.5789473684210527
24796 0.42857142857142855
24797 0.5714285714285714
24817 0.6666666666666666
24818 0.3333333333333333
24916 1.0
25141 1.0
25145 0.3333333333333333
25146 0.6666666666666666
25166 1.0
25266 1.0
25271 1.0
25292 1.0
25296 1.0
25416 0.16666666666666666
25417 0.8333333333333334
25421 0.42857142857142855
25422 0.5714285714285714
25442 0.8
25443 0.2
25447 1.0
25766 1.0
25791 1.0
25796 1.0
25891 1.0
25916 1.0
25922 1.0
25942 0.5
25943 0.5
26016 1.0
26041 0.20833333333333334
26042 0.7916666666666666
26046 0.25
26047 0.75
26067 0.6666666666666666
26068 0.3333333333333333
26396 1.0
26416 1.0
26516 1.0
26541 0.25
26542 0.75
26568 1.0
26666 0.35
26667 0.65
26671 0.25
26672 0.75
26692 1.0
27021 1.0
27041 1.0
27146 1.0
27166 0.4
27167 0.6
27171 1.0
27197 1.0
27291 0.2916666666666667
27292 0.7083333333333334
27296 0.25
27297 0.75
27317 0.8333333333333334
27318 0.16666666666666666
27640 0.25
27641 0.75
27666 1.0
27671 1.0
27766 1.0
27791 0.3333333333333333
27792 0.6666666666666666
27796 0.5
27797 0.5
27817 1.0
27891 1.0
27916 0.21739130434782608
27917 0.782608695652174
27921 0.4
27922 0.6
27942 1.0
28266 1.0
28271 1.0
28291 1.0
28417 1.0
28422 1.0
28442 1.0
28541 0.1875
28542 0.8125
28546 0.3333333333333333
28547 0.6666666666666666
28567 0.6363636363636364
28568 0.36363636363636365
28572 1.0
28890 1.0
28916 1.0
28921 1.0
29041 0.2857142857142857
29042 0.7142857142857143
29047 1.0
29067 1.0
29166 0.16666666666666666
29167 0.8333333333333334
29171 0.42857142857142855
29172 0.5714285714285714
29192 0.875
29193 0.125
29292 1.0
29516 1.0
29541 1.0
29546 1.0
29641 1.0
29667 1.0
29692 1.0
29791 0.13636363636363635
29792 0.8636363636363636
29797 1.0
29817 1.0
30166 1.0
30292 1.0
30297 1.0
30416 0.2857142857142857
30417 0.7142857142857143
30421 0.14285714285714285
30422 0.8571428571428571
30442 1.0
30447 1.0
30796 1.0
30916 0.6666666666666666
30917 0.3333333333333333
30921 1.0
31016 1.0
31041 0.15384615384615385
31042 0.8461538461538461
31046 0.2
31047 0.8
31067 1.0
31167 1.0
31391 1.0
31416 0.8333333333333334
31417 0.16666666666666666
31442 1.0
31542 1.0
31563 1.0
31567 0.08695652173913043
31568 0.9130434782608695
32036 1.0
32041 0.3
32042 0.7
32162 1.0
32167 1.0
32187 0.5
32188 0.5
32192 0.14814814814814814
32193 0.8518518518518519
32219 1.0
32292 1.0
32313 1.0
32318 1.0
32641 1.0
32666 0.4
32667 0.6
32787 1.0
32792 1.0
32812 0.3333333333333333
32813 0.6666666666666666
32817 0.125
32818 0.875
32917 1.0
32938 1.0
32943 1.0
33291 0.6
33292 0.4
33412 1.0
33417 1.0
33438 1.0
33442 0.10526315789473684
33443 0.8947368421052632
33537 1.0
33562 0.5
33563 0.5
33567 0.16666666666666666
33568 0.8333333333333334
33891 1.0
33916 0.4
33917 0.6
34042 1.0
34063 1.0
34067 0.2
34068 0.8
34093 1.0
34167 1.0
34188 1.0
34192 0.3333333333333333
34193 0.6666666666666666
34516 1.0
34537 1.0
34541 0.3333333333333333
34542 0.6666666666666666
34667 1.0
34687 0.3333333333333333
34688 0.6666666666666666
34692 0.125
34693 0.875
34718 0.3333333333333333
34719 0.6666666666666666
34792 1.0
34813 1.0
34817 0.125
34818 0.875
35141 1.0
35166 0.5384615384615384
35167 0.46153846153846156
35292 1.0
35312 0.16666666666666666
35313 0.8333333333333334
35317 0.13793103448275862
35318 0.8620689655172413
35417 1.0
35438 1.0
35442 0.4444444444444444
35443 0.5555555555555556
35766 1.0
35787 1.0
35791 0.5
35792 0.5
35912 1.0
35917 1.0
35938 1.0
35942 0.16666666666666666
35943 0.8333333333333334
36042 1.0
36063 1.0
36068 1.0
36416 0.375
36417 0.625
36537 1.0
36542 1.0
36562 1.0
36567 0.3181818181818182
36568 0.6818181818181818
36662 1.0
36667 1.0
36687 1.0
36692 0.4
36693 0.6
37041 0.6
37042 0.4
37167 1.0
37187 0.5
37188 0.5
37192 0.2857142857142857
37193 0.7142857142857143
37292 1.0
37313 1.0
37317 0.4
37318 0.6
37641 1.0
37666 0.5555555555555556
37667 0.4444444444444444
37692 1.0
37792 1.0
37813 1.0
37817 0.06666666666666667
37818 0.9333333333333333
37844 1.0
37917 1.0
37938 1.0
37943 1.0
38287 1.0
38291 0.8
38292 0.2
38317 1.0
38417 1.0
38438 1.0
38442 0.1
38443 0.9
38537 1.0
38568 1.0
38891 1.0
38916 0.6
38917 0.4
38942 1.0
39037 1.0
39042 1.0
39063 1.0
39067 0.2608695652173913
39068 0.7391304347826086
39167 1.0
39188 1.0
39192 0.6
39193 0.4
39516 1.0
39537 1.0
39541 0.6666666666666666
39542 0.3333333333333333
39662 1.0
39667 1.0
39687 0.5
39688 0.5
39692 0.2777777777777778
39693 0.7222222222222222
39792 1.0
39812 0.5
39813 0.5
39817 0.2
39818 0.8
40166 1.0
40192 1.0
40292 1.0
40312 1.0
40317 0.3333333333333333
40318 0.6666666666666666
40417 1.0
40438 1.0
40442 0.25
40443 0.75
40766 1.0
40791 0.625
40792 0.375
40796 1.0
40817 1.0
40912 1.0
40917 1.0
40938 1.0
40942 0.2727272727272727
40943 0.7272727272727273
41068 1.0
41416 0.75
41417 0.25
41542 1.0
41563 1.0
41567 0.13043478260869565
41568 0.8695652173913043
41593 1.0
41667 1.0
41692 0.25
41693 0.75
42016 1.0
42041 0.625
42042 0.375
42046 1.0
42162 1.0
42167 1.0
42187 0.4
42188 0.6
42192 0.2631578947368421
42193 0.7368421052631579
42292 1.0
42313 1.0
42318 1.0
42666 0.6666666666666666
42667 0.3333333333333333
42792 1.0
42812 0.6666666666666666
42813 0.3333333333333333
42817 0.5217391304347826
42818 0.4782608695652174
42917 1.0
42938 1.0
42942 0.875
42943 0.125
43266 1.0
43291 0.75
43292 0.25
43317 1.0
43412 1.0
43417 1.0
43437 0.3333333333333333
43438 0.6666666666666666
43442 0.45
43443 0.55
43537 1.0
43542 1.0
43562 0.4
43563 0.6
43567 0.3333333333333333
43568 0.6666666666666666
43916 0.5555555555555556
43917 0.4444444444444444
44042 1.0
44063 1.0
44067 0.4166666666666667
44068 0.5833333333333334
44188 1.0
44192 0.2
44193 0.8
44541 0.6
44542 0.4
44567 1.0
44662 1.0
44667 1.0
44688 1.0
44692 0.5384615384615384
44693 0.46153846153846156
44792 1.0
44817 0.25
44818 0.75
45166 1.0
45172 1.0
45292 1.0
45317 0.2727272727272727
45318 0.7272727272727273
45412 1.0
45417 1.0
45442 0.25
45443 0.75
45791 0.75
45792 0.25
45912 1.0
45917 1.0
45942 0.3333333333333333
45943 0.6666666666666666
46042 1.0
46062 1.0
46067 0.5
46068 0.5
46391 1.0
46416 0.6666666666666666
46417 0.3333333333333333
46421 1.0
46542 1.0
46562 0.6666666666666666
46563 0.3333333333333333
46567 0.7647058823529411
46568 0.23529411764705882
46667 1.0
46688 1.0
46692 0.3333333333333333
46693 0.6666666666666666
47037 1.0
47041 0.2
47042 0.8
47067 0.75
47068 0.25
47089 1.0
47187 0.045454545454545456
47188 0.9545454545454546
47193 0.8888888888888888
47194 0.1111111111111111
47213 0.25
47214 0.75
47218 0.16666666666666666
47219 0.8333333333333334
47667 1.0
47692 0.3333333333333333
47693 0.6666666666666666
47813 1.0
47818 1.0
47838 0.25
47839 0.75
47843 0.5
47844 0.5
48286 0.5
48287 0.5
48291 0.5
48292 0.5
48318 1.0
48344 1.0
48412 1.0
48437 0.058823529411764705
48438 0.9411764705882353
48443 1.0
48463 0.8
48464 0.2
48468 0.6
48469 0.4
48912 1.0
48917 1.0
48942 0.375
48943 0.625
48968 0.5
48969 0.5
49063 1.0
49068 1.0
49088 0.5
49089 0.5
49093 0.3333333333333333
49094 0.6666666666666666
49536 0.5
49537 0.5
49541 0.3333333333333333
49542 0.6666666666666666
49562 1.0
49568 1.0
49662 1.0
49687 0.12
49688 0.88
49692 0.2222222222222222
49693 0.7777777777777778
49713 0.8571428571428571
49714 0.14285714285714285
49718 0.625
49719 0.375
50162 1.0
50166 0.5
50167 0.5
50188 1.0
50192 0.25
50193 0.75
50218 0.3333333333333333
50219 0.6666666666666666
50313 1.0
50317 0.1
50318 0.9
50338 0.2857142857142857
50339 0.7142857142857143
50343 0.16666666666666666
50344 0.8333333333333334
50667 1.0
50791 0.5
50792 0.5
50812 1.0
50817 1.0
50937 0.0625
50938 0.9375
50943 1.0
50963 0.25
50964 0.75
50969 1.0
51416 0.25
51417 0.75
51442 0.6666666666666666
51443 0.3333333333333333
51468 1.0
51537 1.0
51562 0.07142857142857142
51563 0.9285714285714286
51568 1.0
51588 0.6666666666666666
51589 0.3333333333333333
51593 0.5
51594 0.5
52042 1.0
52067 1.0
52187 0.2
52188 0.8
52192 0.23076923076923078
52193 0.7692307692307693
52213 1.0
52218 1.0
52541 1.0
52661 1.0
52666 0.5
52667 0.5
52692 0.3333333333333333
52693 0.6666666666666666
52718 1.0
52812 0.19047619047619047
52813 0.8095238095238095
52817 0.05555555555555555
52818 0.9444444444444444
52843 0.8
52844 0.2
53287 1.0
53291 0.3333333333333333
53292 0.6666666666666666
53317 0.25
53318 0.75
53343 0.5
53344 0.5
53438 1.0
53443 1.0
53463 0.16666666666666666
53464 0.8333333333333334
53468 0.3333333333333333
53469 0.6666666666666666
53912 1.0
53916 0.6
53917 0.4
53942 0.4
53943 0.6
54062 0.125
54063 0.875
54068 1.0
54088 0.3333333333333333
54089 0.6666666666666666
54093 0.3
54094 0.7
54541 0.6
54542 0.4
54567 1.0
54593 1.0
54688 1.0
54693 1.0
54713 1.0
54718 1.0
55161 1.0
55166 0.4
55167 0.6
55187 1.0
55192 0.6666666666666666
55193 0.3333333333333333
55218 1.0
55312 0.25
55313 0.75
55317 0.08333333333333333
55318 0.9166666666666666
55339 1.0
55343 1.0
55791 0.14285714285714285
55792 0.8571428571428571
55812 1.0
55937 0.07692307692307693
55938 0.9230769230769231
55942 0.1875
55943 0.8125
55968 1.0
56416 0.5
56417 0.5
56442 0.6666666666666666
56443 0.3333333333333333
56562 0.1111111111111111
56563 0.8888888888888888
56568 1.0
56588 0.4
56589 0.6
56593 0.4
56594 0.6
57037 1.0
57041 0.4444444444444444
57042 0.5555555555555556
57062 1.0
57067 0.25
57068 0.75
57093 1.0
57162 1.0
57187 0.11764705882352941
57188 0.8823529411764706
57192 0.09090909090909091
57193 0.9090909090909091
57218 0.5
57219 0.5
57541 1.0
57661 0.5
57662 0.5
57666 0.4
57667 0.6
57693 1.0
57787 1.0
57813 1.0
57818 1.0
57839 1.0
57843 0.6
57844 0.4
58287 1.0
58291 0.6666666666666666
58292 0.3333333333333333
58317 0.4
58318 0.6
58412 1.0
58437 0.1875
58438 0.8125
58443 1.0
58463 1.0
58468 0.8571428571428571
58469 0.14285714285714285
58911 1.0
58916 0.5
58917 0.5
58937 1.0
59062 0.05555555555555555
59063 0.9444444444444444
59067 0.25
59068 0.75
59088 1.0
59093 1.0
59188 1.0
59542 1.0
59562 1.0
59567 1.0
59687 0.08333333333333333
59688 0.9166666666666666
59693 1.0
59713 0.5
59714 0.5
59718 0.4
59719 0.6
60042 1.0
60161 0.5
60162 0.5
60166 0.3333333333333333
60167 0.6666666666666666
60187 1.0
60193 1.0
60312 0.25
60313 0.75
60318 1.0
60338 0.75
60339 0.25
60343 0.5
60344 0.5
60791 0.3333333333333333
60792 0.6666666666666666
60817 0.3333333333333333
60818 0.6666666666666666
60937 0.14285714285714285
60938 0.8571428571428571
60943 1.0
60963 1.0
60968 0.6
60969 0.4
61412 1.0
61417 1.0
61542 1.0
61562 0.09090909090909091
61563 0.9090909090909091
61567 0.13333333333333333
61568 0.8666666666666667
61588 1.0
61593 1.0
61688 1.0
62041 0.75
62042 0.25
62067 1.0
62162 1.0
62167 1.0
62187 0.2692307692307692
62188 0.7307692307692307
62192 0.3076923076923077
62193 0.6923076923076923
62218 0.5
62219 0.5
62313 1.0
62542 1.0
62567 1.0
62662 1.0
62667 1.0
62687 0.2
62688 0.8
62713 0.5
62714 0.5
62718 0.125
62719 0.875
62813 1.0
62838 0.14285714285714285
62839 0.8571428571428571
63167 1.0
63192 1.0
63292 1.0
63312 0.2857142857142857
63313 0.7142857142857143
63318 1.0
63338 0.25
63339 0.75
63344 1.0
63438 1.0
63463 0.4
63464 0.6
63468 0.5
63469 0.5
63786 1.0
63791 0.3333333333333333
63792 0.6666666666666666
63817 1.0
63912 1.0
63938 1.0
63942 0.4
63943 0.6
63963 0.2222222222222222
63964 0.7777777777777778
63968 0.5
63969 0.5
64062 0.1111111111111111
64063 0.8888888888888888
64088 0.25
64089 0.75
64417 1.0
64437 1.0
64442 1.0
64537 1.0
64562 0.36363636363636365
64563 0.6363636363636364
64568 1.0
64588 0.5263157894736842
64589 0.47368421052631576
64688 1.0
64714 1.0
65041 0.5
65042 0.5
65162 1.0
65187 0.3333333333333333
65188 0.6666666666666666
65193 1.0
65213 0.75
65214 0.25
65218 0.6666666666666666
65219 0.3333333333333333
65313 1.0
65338 0.46153846153846156
65339 0.5384615384615384
65344 1.0
65667 1.0
65792 1.0
65812 0.09090909090909091
65813 0.9090909090909091
65817 0.25
65818 0.75
65838 0.25
65839 0.75
65844 1.0
65938 1.0
65963 0.1111111111111111
65964 0.8888888888888888
66286 1.0
66412 1.0
66437 0.2857142857142857
66438 0.7142857142857143
66443 1.0
66463 0.125
66464 0.875
66468 0.125
66469 0.875
66563 1.0
66588 0.42105263157894735
66589 0.5789473684210527
66916 0.5
66917 0.5
66942 1.0
67037 1.0
67062 0.25
67063 0.75
67067 1.0
67088 0.6
67089 0.4
67093 0.3333333333333333
67094 0.6666666666666666
67188 1.0
67213 0.4666666666666667
67214 0.5333333333333333
67219 1.0
67537 1.0
67542 1.0
67567 1.0
67662 1.0
67667 1.0
67687 0.125
67688 0.875
67713 0.7142857142857143
67714 0.2857142857142857
67718 0.3333333333333333
67719 0.6666666666666666
67813 1.0
67838 0.625
67839 0.375
67843 1.0
68166 1.0
68292 1.0
68312 0.3333333333333333
68313 0.6666666666666666
68317 0.14285714285714285
68318 0.8571428571428571
68338 0.6
68339 0.4
68343 0.3333333333333333
68344 0.6666666666666666
68438 1.0
68443 1.0
68463 0.6666666666666666
68464 0.3333333333333333
68468 0.5
68469 0.5
68791 0.4
68792 0.6
68817 1.0
68912 1.0
68938 1.0
68943 1.0
68963 0.75
68964 0.25
68968 0.42857142857142855
68969 0.5714285714285714
69063 1.0
69088 0.06666666666666667
69089 0.9333333333333333
69442 1.0
69537 1.0
69542 1.0
69562 0.125
69563 0.875
69568 1.0
69588 0.5
69589 0.5
69594 1.0
69688 1.0
69713 0.2727272727272727
69714 0.7272727272727273
70041 0.3333333333333333
70042 0.6666666666666666
70067 1.0
70161 0.25
70162 0.75
70167 1.0
70187 0.2857142857142857
70188 0.7142857142857143
70193 1.0
70213 0.6
70214 0.4
70218 0.75
70219 0.25
70313 1.0
70338 0.625
70339 0.375
70667 1.0
70692 1.0
70787 1.0
70792 1.0
70812 0.5
70813 0.5
70818 1.0
70838 1.0
70843 0.3333333333333333
70844 0.6666666666666666
70937 0.09090909090909091
70938 0.9090909090909091
70963 0.4444444444444444
70964 0.5555555555555556
70968 0.5
70969 0.5
71291 1.0
71317 1.0
71412 1.0
71417 1.0
71437 0.2
71438 0.8
71443 1.0
71463 0.8
71464 0.2
71468 1.0
71563 1.0
71588 0.6363636363636364
71589 0.36363636363636365
71593 0.5
71594 0.5
71916 0.6666666666666666
71917 0.3333333333333333
71942 1.0
72037 1.0
72042 1.0
72063 1.0
72067 0.5
72068 0.5
72088 0.3
72089 0.7
72093 0.5
72094 0.5
72188 1.0
72213 0.2727272727272727
72214 0.7272727272727273
72542 1.0
72662 1.0
72667 1.0
72687 0.14285714285714285
72688 0.8571428571428571
72693 1.0
72713 1.0
72719 1.0
72813 1.0
72838 0.5
72839 0.5
73167 1.0
73287 1.0
73292 1.0
73312 0.8571428571428571
73313 0.14285714285714285
73317 0.25
73318 0.75
73338 0.5
73339 0.5
73343 0.8
73344 0.2
73438 1.0
73463 0.5
73464 0.5
73787 1.0
73912 1.0
73916 0.5
73917 0.5
73937 0.2727272727272727
73938 0.7272727272727273
73942 0.5
73943 0.5
73963 1.0
73968 0.75
73969 0.25
74062 0.09090909090909091
74063 0.9090909090909091
74088 0.2
74089 0.8
74093 1.0
74411 1.0
74442 1.0
74537 1.0
74541 0.3333333333333333
74542 0.6666666666666666
74563 1.0
74567 0.5
74568 0.5
74588 0.6666666666666666
74589 0.3333333333333333
74593 1.0
74687 0.05263157894736842
74688 0.9473684210526315
74713 0.7777777777777778
74714 0.2222222222222222
74719 1.0
75041 0.6666666666666666
75042 0.3333333333333333
75068 1.0
75162 1.0
75167 1.0
75187 0.25
75188 0.75
75192 0.375
75193 0.625
75214 1.0
75218 0.5714285714285714
75219 0.42857142857142855
75313 1.0
75338 0.2857142857142857
75339 0.7142857142857143
75344 1.0
75786 1.0
75812 0.375
75813 0.625
75817 0.2857142857142857
75818 0.7142857142857143
75838 0.6666666666666666
75839 0.3333333333333333
75843 0.4
75844 0.6
75938 1.0
75963 0.5
75964 0.5
75968 0.25
75969 0.75
76286 1.0
76291 1.0
76317 1.0
76412 1.0
76437 0.16666666666666666
76438 0.8333333333333334
76442 0.375
76443 0.625
76468 0.8
76469 0.2
76563 1.0
76588 0.7333333333333333
76589 0.26666666666666666
76593 0.5
76594 0.5
76916 0.5
76917 0.5
77037 1.0
77041 0.5
77042 0.5
77063 1.0
77068 1.0
77088 1.0
77093 0.6666666666666666
77094 0.3333333333333333
77187 0.16666666666666666
77188 0.8333333333333334
77193 1.0
77213 0.5714285714285714
77214 0.42857142857142855
77218 1.0
77567 1.0
77667 1.0
77687 0.6
77688 0.4
77692 1.0
77713 0.8
77714 0.2
77718 1.0
77812 0.14285714285714285
77813 0.8571428571428571
77818 1.0
77838 0.7692307692307693
77839 0.23076923076923078
