0 1.0
25 0.9846153846153847
26 0.015384615384615385
31 1.0
50 0.9683544303797469
51 0.03164556962025317
56 1.0
75 0.9663865546218487
76 0.03361344537815126
81 1.0
100 0.9560117302052786
101 0.04398826979472141
106 1.0
125 0.967741935483871
126 0.03225806451612903
131 1.0
150 0.8823529411764706
151 0.11764705882352941
156 1.0
175 0.8769230769230769
176 0.12307692307692308
181 0.9414893617021277
182 0.05851063829787234
187 1.0
200 0.6833333333333333
201 0.31666666666666665
206 0.9479905437352246
207 0.05200945626477541
212 1.0
225 0.45454545454545453
226 0.5454545454545454
231 0.932
232 0.068
237 1.0
250 0.95
251 0.05
256 1.0
275 1.0
281 0.9175257731958762
282 0.08247422680412371
287 1.0
300 0.25
301 0.75
306 0.8599033816425121
307 0.14009661835748793
312 0.967741935483871
313 0.03225806451612903
318 1.0
331 0.810126582278481
332 0.189873417721519
337 0.9782608695652174
338 0.021739130434782608
343 1.0
356 0.5
357 0.5
362 0.9534883720930233
363 0.046511627906976744
368 1.0
375 1.0
381 1.0
400 0.8181818181818182
401 0.18181818181818182
406 0.8543689320388349
407 0.14563106796116504
412 0.9629629629629629
413 0.037037037037037035
418 1.0
431 0.6541353383458647
432 0.3458646616541353
437 0.9061728395061729
438 0.09382716049382717
443 1.0
456 0.3333333333333333
457 0.6666666666666666
462 0.8601398601398601
463 0.13986013986013987
468 1.0
500 0.85
501 0.15
506 0.9736842105263158
507 0.02631578947368421
512 1.0
525 0.6666666666666666
526 0.3333333333333333
531 0.8690476190476191
532 0.13095238095238096
537 0.9349593495934959
538 0.06504065040650407
543 0.9508196721311475
544 0.04918032786885246
556 0.48
557 0.52
562 0.7356608478802993
563 0.26433915211970077
568 0.9555555555555556
569 0.044444444444444446
574 1.0
587 0.3333333333333333
588 0.6666666666666666
593 0.972972972972973
594 0.02702702702702703
599 1.0
