50 1.0
55 1.0
60 1.0
80 1.0
85 1.0
100 1.0
105 1.0
156 1.0
176 1.0
186 1.0
201 1.0
206 1.0
211 1.0
226 1.0
231 1.0
236 1.0
267 1.0
307 1.0
312 1.0
327 1.0
413 1.0
418 1.0
438 1.0
655 1.0
776 1.0
801 1.0
887 1.0
902 1.0
907 1.0
927 0.8181818181818182
928 0.18181818181818182
932 1.0
1028 1.0
1033 1.0
1038 1.0
1043 1.0
1053 1.0
1058 1.0
1144 1.0
1149 1.0
1164 1.0
1376 1.0
1401 0.6666666666666666
1402 0.3333333333333333
1502 0.8
1503 0.2
1628 1.0
1653 0.9130434782608695
1654 0.08695652173913043
1658 1.0
1754 1.0
1764 1.0
1769 1.0
1779 1.0
1784 1.0
2001 1.0
2006 1.0
2127 1.0
2253 0.8333333333333334
2254 0.16666666666666666
2258 1.0
2263 1.0
2268 1.0
2278 1.0
2283 1.0
2379 1.0
2384 1.0
2389 1.0
2394 1.0
2399 1.0
2409 1.0
2752 1.0
2762 1.0
2767 1.0
2878 1.0
2883 1.0
2888 1.0
3004 1.0
3009 1.0
3014 1.0
3019 1.0
3024 1.0
3160 1.0
3185 1.0
3210 1.0
3281 1.0
3286 1.0
3291 1.0
3306 1.0
3311 1.0
3331 1.0
3336 1.0
3356 1.0
3361 1.0
3412 1.0
3417 1.0
3427 1.0
3432 1.0
3437 1.0
3452 1.0
3457 1.0
3523 1.0
3543 1.0
3780 1.0
3881 1.0
3901 1.0
3906 1.0
3931 1.0
3952 1.0
4017 1.0
4022 1.0
4027 1.0
4052 1.0
4057 0.8571428571428571
4058 0.14285714285714285
4143 1.0
4153 1.0
4158 1.0
4163 1.0
4168 1.0
4178 1.0
4183 1.0
4269 1.0
4274 1.0
4289 1.0
4526 1.0
4627 1.0
4637 1.0
4652 1.0
4763 1.0
4778 0.8666666666666667
4779 0.13333333333333333
4783 1.0
4788 1.0
4879 1.0
4889 1.0
4899 1.0
4904 1.0
4909 1.0
5131 1.0
5252 1.0
5257 1.0
5378 0.9090909090909091
5379 0.09090909090909091
5383 1.0
5388 1.0
5403 1.0
5504 1.0
5509 1.0
5514 1.0
5524 1.0
5534 1.0
5877 1.0
5882 1.0
5892 1.0
6003 1.0
6008 1.0
6013 1.0
6129 1.0
6134 1.0
6139 1.0
6144 1.0
6149 1.0
6285 1.0
6391 1.0
6406 1.0
6411 1.0
6416 1.0
6436 1.0
6456 1.0
6461 1.0
6517 1.0
6537 1.0
6557 1.0
6562 1.0
6567 1.0
6582 1.0
6587 1.0
6648 1.0
6663 1.0
6668 1.0
6688 1.0
6693 1.0
6774 1.0
7011 1.0
7026 1.0
7031 1.0
7137 1.0
7182 1.0
7263 1.0
7268 0.5
7269 0.5
7273 1.0
7278 1.0
7283 1.0
7288 1.0
7293 1.0
7303 1.0
7308 1.0
7394 1.0
7399 1.0
7409 1.0
7626 1.0
7631 1.0
7752 1.0
7757 1.0
7762 1.0
7767 0.5
7768 0.5
7777 1.0
7783 1.0
7878 1.0
7883 1.0
7888 1.0
7893 1.0
7898 1.0
7903 1.0
7908 1.0
7913 1.0
8004 1.0
8009 1.0
8014 1.0
8019 1.0
8029 1.0
8034 1.0
8251 1.0
8377 1.0
8382 1.0
8387 1.0
8503 1.0
8508 1.0
8513 1.0
8528 1.0
8533 1.0
8629 1.0
8634 1.0
8639 1.0
8644 1.0
8649 1.0
8881 1.0
9002 1.0
9007 1.0
9012 1.0
9128 0.8333333333333334
9129 0.16666666666666666
9254 1.0
9259 1.0
9264 1.0
9269 1.0
9274 1.0
9410 1.0
9511 1.0
9536 1.0
9541 1.0
9556 1.0
9561 1.0
9586 1.0
9662 1.0
9682 1.0
9687 1.0
9712 1.0
9773 1.0
9788 1.0
9793 1.0
9798 1.0
9813 1.0
9899 1.0
9919 1.0
10131 1.0
10156 1.0
10161 1.0
10262 1.0
10267 1.0
10272 1.0
10282 1.0
10307 0.75
10308 0.25
10312 1.0
10393 1.0
10408 0.9285714285714286
10409 0.07142857142857142
10413 1.0
10433 1.0
10514 1.0
10519 1.0
10524 1.0
10534 1.0
10539 1.0
10544 1.0
10756 1.0
10877 1.0
10882 1.0
10887 1.0
10892 1.0
11028 1.0
11033 1.0
11038 1.0
11134 1.0
11139 1.0
11144 1.0
11149 1.0
11154 1.0
11159 1.0
11502 1.0
11507 1.0
11512 1.0
11628 1.0
11633 1.0
11638 1.0
11754 1.0
11759 1.0
11764 1.0
11774 1.0
12006 1.0
12127 1.0
12132 1.0
12254 1.0
12263 1.0
12379 1.0
12384 1.0
12389 1.0
12394 1.0
12399 1.0
12641 1.0
12646 1.0
12656 1.0
12661 1.0
12666 1.0
12686 1.0
12691 1.0
12711 1.0
12767 1.0
12772 1.0
12782 1.0
12792 1.0
12807 1.0
12812 1.0
12817 1.0
12837 1.0
12893 1.0
12908 1.0
12913 1.0
12918 1.0
12933 1.0
12938 1.0
13024 1.0
13261 1.0
13387 1.0
13392 1.0
13407 1.0
13412 1.0
13513 1.0
13518 1.0
13528 0.75
13529 0.25
13533 1.0
13538 1.0
13558 1.0
13644 1.0
13649 1.0
13664 1.0
13669 1.0
13881 1.0
13891 1.0
14002 1.0
14007 1.0
14017 1.0
14027 1.0
14032 1.0
14133 1.0
14138 1.0
14143 1.0
14153 1.0
14158 1.0
14163 1.0
14254 1.0
14259 1.0
14264 1.0
14269 1.0
14274 1.0
14279 1.0
14284 1.0
14289 1.0
14506 1.0
14627 1.0
14632 1.0
14637 1.0
14658 1.0
14753 1.0
14758 1.0
14763 1.0
14768 1.0
14778 1.0
14783 1.0
14879 1.0
14884 1.0
14889 1.0
14894 1.0
14899 1.0
14909 1.0
15252 1.0
15257 1.0
15378 1.0
15383 1.0
15388 1.0
15504 1.0
15509 1.0
15514 1.0
15519 1.0
15655 1.0
15675 1.0
15680 1.0
15685 1.0
15700 1.0
15705 1.0
15725 1.0
15730 1.0
15735 1.0
15801 1.0
15826 0.9333333333333333
15827 0.06666666666666667
15851 1.0
15856 1.0
15952 1.0
16275 0.6666666666666666
16276 0.3333333333333333
16300 1.0
16401 0.8
16402 0.2
16426 1.0
16451 1.0
16527 1.0
16552 1.0
16577 1.0
16653 1.0
16678 1.0
16779 1.0
17001 1.0
17127 1.0
17152 0.5
17153 0.5
17253 0.9
17254 0.1
17278 1.0
17379 1.0
17404 1.0
17752 1.0
17878 0.875
17879 0.125
18004 1.0
18377 1.0
18503 1.0
18629 1.0
18775 1.0
18780 1.0
18785 1.0
18805 1.0
18810 1.0
18830 1.0
18855 0.5
18856 0.5
18901 1.0
18926 1.0
18931 1.0
18951 0.8888888888888888
18952 0.1111111111111111
18956 1.0
18976 1.0
18981 1.0
19077 1.0
19405 1.0
19526 1.0
19551 1.0
19652 1.0
19677 0.9285714285714286
19678 0.07142857142857142
19702 1.0
19778 0.9
19779 0.1
19803 1.0
19904 1.0
20126 1.0
20252 1.0
20277 1.0
20378 1.0
20403 0.9565217391304348
20404 0.043478260869565216
20504 1.0
20529 1.0
20751 1.0
20877 0.8888888888888888
20878 0.1111111111111111
21003 0.8571428571428571
21004 0.14285714285714285
21129 1.0
21502 1.0
21628 1.0
21754 1.0
21910 1.0
21930 0.8333333333333334
21931 0.16666666666666666
21935 1.0
21960 1.0
22031 1.0
22051 1.0
22056 1.0
22076 1.0
22081 1.0
22106 1.0
22111 1.0
22177 1.0
22182 1.0
22202 1.0
22207 1.0
22651 1.0
22656 1.0
22777 0.875
22778 0.125
22802 1.0
22807 1.0
22903 1.0
22928 1.0
23251 1.0
23377 1.0
23503 1.0
23528 0.9444444444444444
23529 0.05555555555555555
23629 1.0
23654 1.0
24002 1.0
24128 0.9166666666666666
24129 0.08333333333333333
24153 1.0
24254 1.0
24627 1.0
24753 1.0
24879 1.0
25030 1.0
25035 1.0
25060 1.0
25161 1.0
25176 1.0
25181 1.0
25186 1.0
25206 1.0
25211 1.0
25302 1.0
25307 1.0
25327 1.0
25332 1.0
25433 1.0
25776 1.0
25781 1.0
25902 0.875
25903 0.125
25907 1.0
25927 0.8571428571428571
25928 0.14285714285714285
25932 1.0
26028 1.0
26053 1.0
26058 1.0
26154 1.0
26376 1.0
26502 1.0
26527 1.0
26628 1.0
26653 0.9411764705882353
26654 0.058823529411764705
26754 1.0
26779 1.0
27001 1.0
27127 1.0
27253 0.8888888888888888
27254 0.1111111111111111
27379 1.0
27752 1.0
27878 1.0
28004 1.0
28155 1.0
28160 1.0
28281 1.0
28286 1.0
28306 1.0
28311 1.0
28331 1.0
28336 1.0
28427 1.0
28432 1.0
28457 1.0
28462 1.0
28901 1.0
28906 1.0
28931 1.0
29027 1.0
29032 1.0
29052 1.0
29057 1.0
29153 1.0
29178 1.0
29279 1.0
29501 1.0
29526 1.0
29627 1.0
29753 1.0
29778 0.9411764705882353
29779 0.058823529411764705
29879 1.0
29904 1.0
30252 1.0
30378 0.8571428571428571
30379 0.14285714285714285
30504 1.0
30529 1.0
30877 1.0
31003 1.0
31129 1.0
31275 1.0
31300 1.0
31305 1.0
31310 1.0
31325 0.5
31326 0.5
31330 1.0
31350 1.0
31355 1.0
31426 1.0
31451 1.0
31476 1.0
31577 1.0
31900 1.0
32026 1.0
32051 1.0
32076 1.0
32127 1.0
32152 1.0
32177 0.9411764705882353
32178 0.058823529411764705
32202 1.0
32278 0.9285714285714286
32279 0.07142857142857142
32303 1.0
32404 1.0
32626 1.0
32752 1.0
32777 1.0
32878 0.9090909090909091
32879 0.09090909090909091
32903 1.0
33004 1.0
33029 1.0
33377 1.0
33503 1.0
33629 1.0
34002 1.0
34128 1.0
34254 1.0
34400 1.0
34405 1.0
34425 1.0
34430 1.0
34450 1.0
34455 1.0
34475 1.0
34480 1.0
34485 1.0
34551 1.0
34576 1.0
34581 1.0
34601 1.0
34702 1.0
35025 1.0
35151 1.0
35176 1.0
35201 1.0
35277 0.7777777777777778
35278 0.2222222222222222
35302 1.0
35327 1.0
35403 0.8823529411764706
35404 0.11764705882352941
35529 1.0
35751 1.0
35877 1.0
36003 0.875
36004 0.125
36028 0.8571428571428571
36029 0.14285714285714285
36129 1.0
36154 1.0
36502 1.0
36628 1.0
36754 1.0
37127 1.0
37253 1.0
37379 1.0
37530 1.0
37555 1.0
37560 1.0
37580 1.0
37605 1.0
37651 1.0
37676 1.0
37701 0.875
37702 0.125
37706 1.0
37731 1.0
37802 1.0
37827 1.0
38150 1.0
38276 1.0
38301 1.0
38402 0.8571428571428571
38403 0.14285714285714285
38427 1.0
38452 1.0
38528 1.0
38553 1.0
38654 1.0
38876 1.0
39002 1.0
39027 1.0
39128 1.0
39153 0.9090909090909091
39154 0.09090909090909091
39254 1.0
39279 1.0
39627 1.0
39753 0.875
39754 0.125
39879 1.0
40252 1.0
40378 1.0
40504 1.0
40655 1.0
40660 1.0
40675 1.0
40680 1.0
40685 1.0
40705 1.0
40710 1.0
40735 1.0
40776 1.0
40801 1.0
40806 1.0
40826 0.8333333333333334
40827 0.16666666666666666
40831 1.0
40856 1.0
40861 1.0
40927 1.0
41401 0.875
41402 0.125
41527 0.8333333333333334
41528 0.16666666666666666
41552 0.9333333333333333
41553 0.06666666666666667
41653 1.0
41678 1.0
41779 1.0
42001 1.0
42026 1.0
42127 0.8571428571428571
42128 0.14285714285714285
42152 1.0
42253 1.0
42278 1.0
42379 1.0
42404 1.0
42752 1.0
42878 1.0
43004 1.0
43377 1.0
43503 1.0
43629 1.0
43805 0.75
43806 0.25
43810 1.0
43835 1.0
43906 1.0
43926 1.0
43931 1.0
43956 1.0
43961 1.0
43981 1.0
43986 1.0
44052 1.0
44057 1.0
44082 1.0
44405 1.0
44526 1.0
44556 1.0
44652 1.0
44677 1.0
44682 1.0
44702 1.0
44778 1.0
44803 1.0
44904 1.0
45151 1.0
45252 1.0
45378 1.0
45403 1.0
45504 1.0
45529 1.0
45877 1.0
46003 1.0
46129 1.0
46502 1.0
46628 1.0
46754 1.0
46925 1.0
46930 1.0
46950 0.8
46951 0.2
46960 1.0
46975 1.0
46980 1.0
46985 1.0
47076 1.0
47101 1.0
47177 1.0
47202 1.0
47651 1.0
47777 1.0
47802 0.9
47803 0.1
47827 1.0
47903 1.0
47928 1.0
48029 1.0
48251 0.5
48252 0.5
48377 1.0
48503 0.75
48504 0.25
48528 1.0
48629 1.0
48654 1.0
49002 1.0
49128 1.0
49254 1.0
49627 1.0
49753 1.0
49879 1.0
50050 1.0
50055 1.0
50060 1.0
50080 1.0
50100 1.0
50105 1.0
50110 1.0
50176 1.0
50201 1.0
50226 1.0
50302 1.0
50327 1.0
50776 0.75
50777 0.25
50802 1.0
50877 1.0
50927 0.8333333333333334
50928 0.16666666666666666
50952 1.0
51028 0.9166666666666666
51029 0.08333333333333333
51053 1.0
51154 1.0
51376 1.0
51502 1.0
51527 1.0
51628 1.0
51653 0.8
51654 0.2
51754 1.0
51779 1.0
52127 1.0
52253 1.0
52379 1.0
52752 1.0
52878 1.0
53004 1.0
53150 1.0
53180 1.0
53200 1.0
53206 1.0
53230 1.0
53235 1.0
53276 1.0
53301 1.0
53326 0.8888888888888888
53327 0.1111111111111111
53351 1.0
53356 1.0
53427 1.0
53452 1.0
53800 1.0
53876 1.0
53901 1.0
53926 1.0
54027 1.0
54052 1.0
54077 1.0
54153 1.0
54178 1.0
54501 1.0
54627 1.0
54652 1.0
54753 1.0
54778 1.0
54879 1.0
54904 1.0
55252 1.0
55378 1.0
55504 1.0
55877 1.0
56003 1.0
56129 1.0
56305 1.0
56330 1.0
56335 1.0
56355 1.0
56360 1.0
56426 1.0
56431 1.0
56451 0.8571428571428571
56452 0.14285714285714285
56456 1.0
56476 1.0
56481 1.0
56552 1.0
56577 1.0
56900 1.0
57001 1.0
57026 1.0
57051 1.0
57152 1.0
57177 1.0
57202 1.0
57278 0.9090909090909091
57279 0.09090909090909091
57303 1.0
57404 1.0
57626 1.0
57651 1.0
57752 1.0
57878 1.0
57903 0.8888888888888888
57904 0.1111111111111111
58004 1.0
58029 1.0
58251 1.0
58377 0.8
58378 0.2
58503 0.8
58504 0.2
58629 1.0
59002 1.0
59128 1.0
59254 1.0
59430 1.0
59460 1.0
59551 1.0
59576 1.0
59581 1.0
59606 1.0
59677 1.0
59702 1.0
60030 1.0
60151 1.0
60176 1.0
60277 0.8571428571428571
60278 0.14285714285714285
60302 0.9166666666666666
60303 0.08333333333333333
60403 1.0
60428 1.0
60529 1.0
60751 1.0
60877 1.0
60903 1.0
61003 1.0
61028 0.9230769230769231
61029 0.07692307692307693
61129 1.0
61154 1.0
61502 1.0
61628 1.0
61754 1.0
62127 1.0
62253 1.0
62379 1.0
62550 1.0
62555 1.0
62575 1.0
62600 1.0
62605 1.0
62701 1.0
62726 1.0
62802 1.0
62827 1.0
63150 1.0
63276 1.0
63301 1.0
63326 1.0
63402 1.0
63427 1.0
63452 1.0
63528 1.0
63553 1.0
63654 1.0
63876 1.0
64002 1.0
64128 1.0
64153 1.0
64254 1.0
64279 1.0
64627 1.0
64753 1.0
64879 1.0
65252 1.0
65378 1.0
65504 1.0
65675 1.0
65680 1.0
65700 0.8
65701 0.2
65725 1.0
65730 1.0
65801 1.0
65826 1.0
65851 1.0
65927 1.0
65952 1.0
66275 1.0
66376 1.0
66401 0.6666666666666666
66402 0.3333333333333333
66426 1.0
66451 1.0
66502 1.0
66527 1.0
66552 0.9285714285714286
66553 0.07142857142857142
66653 0.9444444444444444
66654 0.05555555555555555
66678 1.0
66779 1.0
67001 1.0
67026 1.0
67127 1.0
67253 0.75
67254 0.25
67278 1.0
67379 1.0
67404 1.0
67752 1.0
67878 1.0
68004 1.0
68377 1.0
68503 1.0
68629 1.0
68775 1.0
68800 1.0
68805 1.0
68810 1.0
68825 1.0
68830 1.0
68835 1.0
68850 1.0
68855 1.0
68951 1.0
68976 1.0
68981 1.0
69052 1.0
69077 1.0
69400 1.0
69526 1.0
69551 1.0
69627 1.0
69652 0.8
69653 0.2
69677 1.0
69702 1.0
69778 1.0
69803 1.0
69904 1.0
70126 1.0
70252 1.0
70378 1.0
70403 0.8571428571428571
70404 0.14285714285714285
70504 1.0
70529 1.0
70877 1.0
71003 1.0
71129 1.0
71502 1.0
71628 1.0
71754 1.0
71900 1.0
71905 1.0
71910 1.0
71925 1.0
71930 1.0
71935 1.0
71955 1.0
71960 1.0
71980 1.0
72051 1.0
72076 1.0
72101 1.0
72106 1.0
72177 1.0
72202 1.0
72651 1.0
72676 1.0
72777 0.6666666666666666
72778 0.3333333333333333
72802 1.0
72903 1.0
72928 1.0
73029 1.0
73377 1.0
73503 0.8888888888888888
73504 0.1111111111111111
73528 0.75
73529 0.25
73629 1.0
73654 1.0
74002 1.0
74128 1.0
74254 1.0
74627 0.75
74628 0.25
74753 1.0
74879 1.0
75025 1.0
75030 1.0
75035 1.0
75050 1.0
75055 1.0
75080 1.0
75085 1.0
75105 1.0
75176 1.0
75201 0.9473684210526315
75202 0.05263157894736842
75206 1.0
75226 1.0
75231 1.0
75302 1.0
75327 1.0
75776 1.0
75802 1.0
75902 1.0
75927 0.9285714285714286
75928 0.07142857142857142
76028 1.0
76053 1.0
76154 1.0
76376 1.0
76502 1.0
76628 1.0
76653 1.0
76754 1.0
76779 1.0
77001 1.0
77127 1.0
77253 1.0
77379 1.0
77752 1.0
77878 1.0
78004 1.0
