0 1.0
6 1.0
12 1.0
25 1.0
31 0.9803921568627451
32 0.0196078431372549
37 0.9803921568627451
38 0.0196078431372549
43 0.975
44 0.025
49 1.0
50 1.0
56 0.9518072289156626
57 0.04819277108433735
62 0.9849624060150376
63 0.015037593984962405
68 0.9895833333333334
69 0.010416666666666666
74 1.0
75 1.0
81 0.9907407407407407
82 0.009259259259259259
87 0.9739130434782609
88 0.02608695652173913
93 1.0
99 1.0
100 1.0
106 1.0
112 1.0
118 1.0
125 1.0
131 1.0
137 0.9333333333333333
138 0.06666666666666667
143 0.9565217391304348
144 0.043478260869565216
149 1.0
156 1.0
162 1.0
168 0.9689119170984456
169 0.031088082901554404
174 1.0
193 0.8888888888888888
194 0.1111111111111111
199 1.0
250 1.0
256 1.0
262 1.0
268 0.9
269 0.1
274 1.0
375 1.0
381 1.0
387 0.8
388 0.2
393 1.0
399 1.0
506 1.0
512 1.0
518 1.0
524 1.0
