0 1.0
6 1.0
25 0.9090909090909091
26 0.09090909090909091
31 0.9803921568627451
32 0.0196078431372549
37 0.9534883720930233
38 0.046511627906976744
43 1.0
50 0.9411764705882353
51 0.058823529411764705
56 0.9908256880733946
57 0.009174311926605505
62 0.9358974358974359
63 0.0641025641025641
68 0.9901960784313726
69 0.00980392156862745
74 1.0
75 0.9830508474576272
76 0.01694915254237288
81 0.935251798561151
82 0.06474820143884892
87 0.9868421052631579
88 0.013157894736842105
93 0.9655172413793104
94 0.034482758620689655
99 1.0
100 1.0
106 0.9921259842519685
107 0.007874015748031496
112 1.0
125 1.0
131 1.0
137 1.0
143 1.0
149 1.0
150 1.0
156 1.0
162 0.9230769230769231
163 0.07692307692307693
168 0.9671052631578947
169 0.03289473684210526
174 1.0
187 0.8536585365853658
188 0.14634146341463414
193 0.9622641509433962
194 0.03773584905660377
199 1.0
250 1.0
256 0.9375
257 0.0625
262 0.9411764705882353
263 0.058823529411764705
268 0.9152542372881356
269 0.0847457627118644
274 1.0
287 0.8
288 0.2
293 0.9285714285714286
294 0.07142857142857142
299 1.0
375 1.0
381 1.0
387 0.9375
388 0.0625
393 0.926829268292683
394 0.07317073170731707
399 1.0
500 1.0
506 1.0
512 1.0
518 0.9512195121951219
519 0.04878048780487805
524 1.0
