57 1.0
62 1.0
83 1.0
88 1.0
109 1.0
114 1.0
187 1.0
208 1.0
213 1.0
234 1.0
239 1.0
265 1.0
291 1.0
312 1.0
317 1.0
395 1.0
416 1.0
656 1.0
781 1.0
786 1.0
807 1.0
828 1.0
832 0.1
833 0.9
838 1.0
911 1.0
916 1.0
932 1.0
937 1.0
953 1.0
958 1.0
963 1.0
1036 1.0
1041 1.0
1057 1.0
1145 1.0
1166 1.0
1401 1.0
1406 1.0
1411 1.0
1432 1.0
1536 1.0
1552 1.0
1557 1.0
1562 1.0
1578 1.0
1583 1.0
1656 1.0
1661 1.0
1687 1.0
1765 1.0
2010 1.0
2030 0.25
2031 0.75
2151 1.0
2156 1.0
2161 1.0
2177 1.0
2182 1.0
2265 1.0
2281 1.0
2286 1.0
2302 1.0
2306 0.6666666666666666
2307 0.3333333333333333
2395 1.0
2411 1.0
2416 1.0
2656 1.0
2765 1.0
2770 1.0
2776 1.0
2781 1.0
2885 1.0
2890 1.0
2901 1.0
2906 1.0
2911 1.0
2927 1.0
2932 1.0
3015 1.0
3020 1.0
3036 1.0
3161 1.0
3166 1.0
3187 1.0
3213 1.0
3286 1.0
3291 1.0
3307 1.0
3312 1.0
3333 1.0
3338 1.0
3359 1.0
3364 1.0
3416 1.0
3437 1.0
3442 1.0
3458 1.0
3520 1.0
3541 1.0
3786 1.0
3812 1.0
3906 1.0
3911 1.0
3932 1.0
3937 1.0
3958 1.0
3963 1.0
4020 1.0
4036 1.0
4057 1.0
4062 1.0
4083 1.0
4145 1.0
4161 1.0
4166 1.0
4270 1.0
4531 1.0
4541 1.0
4557 1.0
4677 1.0
4682 1.0
4687 1.0
4781 1.0
4786 1.0
4791 1.0
4807 1.0
4890 1.0
4895 1.0
4911 1.0
5156 1.0
5161 1.0
5281 1.0
5286 1.0
5302 1.0
5306 0.42857142857142855
5307 0.5714285714285714
5385 1.0
5406 1.0
5411 1.0
5416 1.0
5427 1.0
5432 1.0
5515 1.0
5520 1.0
5541 1.0
5755 1.0
5760 1.0
5781 1.0
5885 1.0
5895 1.0
5901 1.0
5906 1.0
6010 1.0
6015 1.0
6026 1.0
6031 1.0
6036 1.0
6052 1.0
6140 1.0
6145 1.0
6151 1.0
6156 1.0
6161 1.0
6166 1.0
6286 1.0
6395 1.0
6411 1.0
6416 1.0
6432 1.0
6437 1.0
6463 1.0
6515 1.0
6536 1.0
6562 1.0
6567 1.0
6583 1.0
6588 1.0
6593 1.0
6645 1.0
6661 1.0
6666 1.0
6692 1.0
6770 1.0
7015 1.0
7031 1.0
7036 1.0
7057 1.0
7062 1.0
7140 1.0
7166 1.0
7182 1.0
7187 1.0
7207 0.5
7208 0.5
7212 0.3333333333333333
7213 0.6666666666666666
7265 1.0
7270 1.0
7286 1.0
7291 1.0
7296 1.0
7312 1.0
7390 1.0
7395 1.0
7656 1.0
7661 1.0
7765 1.0
7770 1.0
7781 1.0
7786 1.0
7791 1.0
7806 0.125
7807 0.875
7812 1.0
7890 1.0
7895 1.0
7906 1.0
7911 1.0
7916 1.0
7932 1.0
7937 1.0
8015 1.0
8041 1.0
8281 1.0
8285 1.0
8385 1.0
8390 1.0
8406 1.0
8411 1.0
8416 1.0
8431 0.25
8432 0.75
8437 1.0
8515 1.0
8531 1.0
8536 1.0
8541 1.0
8556 0.3333333333333333
8557 0.6666666666666666
8640 1.0
8645 1.0
8661 1.0
8885 1.0
8905 0.3333333333333333
8906 0.6666666666666666
9005 1.0
9010 1.0
9015 1.0
9026 1.0
9031 1.0
9036 1.0
9140 1.0
9151 1.0
9156 1.0
9160 0.5
9161 0.5
9166 1.0
9260 1.0
9270 1.0
9276 1.0
9281 1.0
9286 1.0
9416 1.0
9515 1.0
9541 1.0
9561 0.16666666666666666
9562 0.8333333333333334
9567 1.0
9588 1.0
9687 1.0
9692 1.0
9708 1.0
9713 1.0
9770 1.0
9786 1.0
9791 1.0
9796 1.0
9895 1.0
9916 1.0
10161 1.0
10166 1.0
10187 1.0
10265 1.0
10270 1.0
10286 1.0
10307 1.0
10312 1.0
10317 1.0
10333 1.0
10338 1.0
10390 1.0
10395 1.0
10411 1.0
10416 1.0
10432 1.0
10437 1.0
10515 1.0
10520 1.0
10541 1.0
10760 1.0
10765 1.0
10786 1.0
10791 1.0
10890 1.0
10906 1.0
10911 1.0
10932 1.0
10937 1.0
11031 1.0
11036 1.0
11041 1.0
11057 1.0
11062 1.0
11140 1.0
11145 1.0
11171 1.0
11411 1.0
11510 1.0
11515 1.0
11531 1.0
11536 1.0
11635 1.0
11640 1.0
11656 1.0
11661 1.0
11666 1.0
11681 1.0
11760 1.0
11770 1.0
12005 1.0
12010 1.0
12031 1.0
12140 1.0
12156 1.0
12265 1.0
12276 1.0
12281 1.0
12286 1.0
12390 1.0
12395 1.0
12406 1.0
12411 1.0
12645 1.0
12661 1.0
12666 1.0
12687 1.0
12692 1.0
12713 1.0
12765 1.0
12770 1.0
12791 1.0
12812 1.0
12817 1.0
12838 1.0
12843 1.0
12890 1.0
12916 1.0
12937 1.0
12942 1.0
13020 1.0
13265 1.0
13286 1.0
13291 1.0
13312 1.0
13390 1.0
13395 1.0
13411 1.0
13432 1.0
13437 1.0
13515 1.0
13520 1.0
13536 1.0
13541 1.0
13557 1.0
13645 1.0
13666 1.0
13885 1.0
13890 1.0
13906 1.0
13911 1.0
14015 1.0
14031 1.0
14036 1.0
14057 1.0
14062 1.0
14140 1.0
14145 1.0
14156 1.0
14161 1.0
14166 1.0
14181 0.2
14182 0.8
14187 1.0
14265 1.0
14270 1.0
14286 1.0
14291 1.0
14515 1.0
14635 1.0
14640 1.0
14656 1.0
14661 1.0
14760 1.0
14765 1.0
14781 1.0
14786 1.0
14791 1.0
14890 1.0
14895 1.0
14911 1.0
14915 0.5
14916 0.5
15135 1.0
15260 1.0
15265 1.0
15281 1.0
15385 1.0
15390 1.0
15406 1.0
15411 1.0
15515 1.0
15520 1.0
15531 1.0
15536 1.0
15540 1.0
15682 1.0
15687 1.0
15708 0.9
15709 0.1
15713 1.0
15729 1.0
15734 1.0
15739 1.0
15828 1.0
15833 1.0
15854 1.0
15859 1.0
16281 1.0
16302 1.0
16307 1.0
16328 1.0
16333 1.0
16359 1.0
16427 1.0
16452 0.08695652173913043
16453 0.9130434782608695
16458 1.0
16478 0.6
16479 0.4
16484 1.0
16578 1.0
16906 1.0
16927 1.0
17026 1.0
17051 0.07692307692307693
17052 0.9230769230769231
17057 1.0
17077 0.1111111111111111
17078 0.8888888888888888
17083 1.0
17177 1.0
17203 1.0
17302 1.0
17651 1.0
17676 1.0
17776 1.0
17801 0.07317073170731707
17802 0.926829268292683
17807 1.0
17901 1.0
17926 0.2727272727272727
17927 0.7272727272727273
18276 1.0
18401 1.0
18426 0.5
18427 0.5
18526 1.0
18551 1.0
18651 1.0
18781 1.0
18786 1.0
18807 1.0
18812 1.0
18833 1.0
18838 1.0
18859 1.0
18958 1.0
18963 1.0
18979 1.0
18983 0.2
18984 0.8
18989 1.0
19406 1.0
19411 1.0
19432 1.0
19552 1.0
19557 1.0
19578 1.0
19583 1.0
19603 1.0
19609 1.0
19677 1.0
19703 1.0
19708 1.0
20031 1.0
20156 1.0
20177 1.0
20182 1.0
20202 0.25
20203 0.75
20207 0.5
20208 0.5
20302 1.0
20307 1.0
20327 0.3333333333333333
20328 0.6666666666666666
20332 1.0
20427 1.0
20656 1.0
20776 1.0
20781 1.0
20802 1.0
20901 1.0
20926 0.17647058823529413
20927 0.8235294117647058
20932 1.0
21026 1.0
21051 0.16666666666666666
21052 0.8333333333333334
21375 1.0
21401 1.0
21526 1.0
21551 0.6666666666666666
21552 0.3333333333333333
21651 1.0
21676 0.2
21677 0.8
21776 1.0
21906 1.0
21911 1.0
21932 1.0
21937 1.0
21958 1.0
21963 1.0
21989 1.0
22057 1.0
22083 1.0
22088 1.0
22108 0.14285714285714285
22109 0.8571428571428571
22114 1.0
22536 1.0
22557 1.0
22656 1.0
22677 1.0
22682 1.0
22687 1.0
22703 1.0
22708 1.0
22802 1.0
22807 1.0
22833 1.0
23156 1.0
23276 1.0
23281 1.0
23302 1.0
23307 1.0
23328 1.0
23333 1.0
23427 1.0
23432 1.0
23452 0.5
23453 0.5
23457 1.0
23552 1.0
23557 1.0
23901 1.0
23906 1.0
24026 1.0
24031 1.0
24051 0.1111111111111111
24052 0.8888888888888888
24056 0.08333333333333333
24057 0.9166666666666666
24151 1.0
24177 1.0
24182 1.0
24505 1.0
24526 1.0
24531 1.0
24651 1.0
24656 1.0
24776 1.0
24801 0.5
24802 0.5
24901 1.0
25036 1.0
25041 1.0
25062 1.0
25182 1.0
25187 1.0
25208 1.0
25213 1.0
25234 1.0
25239 1.0
25333 1.0
25656 1.0
25682 1.0
25781 1.0
25807 1.0
25812 1.0
25833 1.0
25927 1.0
25932 1.0
25958 1.0
26281 1.0
26406 1.0
26432 1.0
26552 1.0
26556 0.05263157894736842
26557 0.9473684210526315
26583 1.0
26677 1.0
26682 1.0
27031 1.0
27057 1.0
27151 1.0
27156 1.0
27176 0.3
27177 0.7
27181 0.16666666666666666
27182 0.8333333333333334
27276 1.0
27301 0.2857142857142857
27302 0.7142857142857143
27625 1.0
27650 0.3333333333333333
27651 0.6666666666666666
27656 1.0
27776 1.0
27781 1.0
27801 1.0
27901 1.0
27926 1.0
27932 1.0
28026 1.0
28161 1.0
28286 1.0
28307 1.0
28312 1.0
28333 1.0
28338 1.0
28343 1.0
28364 1.0
28437 1.0
28458 1.0
28463 1.0
28781 1.0
28786 1.0
28806 1.0
28906 1.0
28911 1.0
28932 1.0
28937 1.0
28958 1.0
28963 1.0
29057 1.0
29062 1.0
29082 0.16666666666666666
29083 0.8333333333333334
29088 1.0
29182 1.0
29531 1.0
29677 1.0
29681 0.08
29682 0.92
29802 1.0
29807 1.0
30151 1.0
30276 1.0
30281 1.0
30301 0.5
30302 0.5
30307 1.0
30401 1.0
30406 1.0
30426 0.4
30427 0.6
30431 0.25
30432 0.75
30776 1.0
30781 1.0
30901 1.0
30906 1.0
31026 1.0
31031 1.0
31051 1.0
31056 1.0
31151 1.0
31281 1.0
31307 1.0
31312 1.0
31328 1.0
31333 1.0
31353 0.1111111111111111
31354 0.8888888888888888
31359 1.0
31927 1.0
31932 1.0
31953 1.0
31958 1.0
31978 0.2
31979 0.8
31984 1.0
32052 1.0
32078 1.0
32103 0.2
32104 0.8
32526 1.0
32552 1.0
32651 1.0
32676 0.2
32677 0.8
32702 0.2
32703 0.8
32802 1.0
32827 0.3333333333333333
32828 0.6666666666666666
32927 1.0
33276 1.0
33302 1.0
33401 1.0
33426 0.08695652173913043
33427 0.9130434782608695
33526 1.0
33551 0.13333333333333333
33552 0.8666666666666667
33900 0.5
33901 0.5
34000 1.0
34025 0.07142857142857142
34026 0.9285714285714286
34051 0.3333333333333333
34052 0.6666666666666666
34151 1.0
34176 1.0
34276 1.0
34432 1.0
34437 1.0
34458 1.0
34463 1.0
34479 1.0
34484 1.0
34489 1.0
34578 1.0
34583 1.0
34604 1.0
34609 1.0
35031 1.0
35052 1.0
35057 1.0
35109 1.0
35177 1.0
35203 1.0
35208 1.0
35228 0.2
35229 0.8
35234 1.0
35327 0.2
35328 0.8
35651 1.0
35682 1.0
35776 1.0
35802 1.0
35827 0.1
35828 0.9
35927 1.0
35952 0.1
35953 0.9
36052 1.0
36401 1.0
36427 1.0
36526 1.0
36551 0.16
36552 0.84
36651 1.0
36676 0.4
36677 0.6
37026 1.0
37151 1.0
37276 1.0
37401 1.0
37536 1.0
37557 1.0
37562 1.0
37583 1.0
37588 1.0
37609 1.0
37703 1.0
37708 1.0
37734 1.0
38156 1.0
38182 1.0
38208 1.0
38302 1.0
38307 1.0
38327 0.14285714285714285
38328 0.8571428571428571
38333 1.0
38359 1.0
38453 1.0
38781 1.0
38901 1.0
38927 1.0
38952 0.5
38953 0.5
38958 1.0
39052 1.0
39077 0.25
39078 0.75
39177 1.0
39526 1.0
39651 1.0
39676 0.08
39677 0.92
39776 1.0
39801 0.3333333333333333
39802 0.6666666666666666
40151 1.0
40276 1.0
40301 1.0
40401 1.0
40426 1.0
40526 1.0
40656 1.0
40661 1.0
40682 1.0
40687 1.0
40708 1.0
40713 1.0
40739 1.0
40807 1.0
40833 1.0
40838 1.0
40859 1.0
40864 1.0
41281 1.0
41307 1.0
41427 1.0
41432 1.0
41453 1.0
41457 0.037037037037037035
41458 0.9629629629629629
41552 1.0
41578 1.0
41583 1.0
41906 1.0
42026 1.0
42031 1.0
42052 1.0
42057 1.0
42078 1.0
42177 1.0
42182 1.0
42202 0.5
42203 0.5
42302 1.0
42651 1.0
42677 1.0
42776 1.0
42801 0.06896551724137931
42802 0.9310344827586207
42901 1.0
42927 1.0
43250 1.0
43276 1.0
43281 1.0
43400 0.058823529411764705
43401 0.9411764705882353
43526 1.0
43551 1.0
43651 1.0
43781 1.0
43807 1.0
43812 1.0
43838 1.0
43864 1.0
43958 1.0
43963 1.0
43983 0.3333333333333333
43984 0.6666666666666666
43989 1.0
44411 1.0
44432 1.0
44531 1.0
44552 1.0
44557 1.0
44583 1.0
44682 1.0
44703 1.0
44708 1.0
45151 1.0
45156 1.0
45181 0.25
45182 0.75
45302 1.0
45307 1.0
45328 1.0
45427 1.0
45776 1.0
45781 1.0
45901 1.0
45926 0.15384615384615385
45927 0.8461538461538461
45932 1.0
46026 1.0
46052 1.0
46375 1.0
46400 0.14285714285714285
46401 0.8571428571428571
46526 1.0
46651 1.0
46676 1.0
46776 1.0
46932 1.0
46953 1.0
46958 1.0
46963 1.0
46979 1.0
46984 1.0
46989 1.0
47104 1.0
47552 1.0
47557 1.0
47577 0.2
47578 0.8
47604 1.0
47702 0.058823529411764705
47703 0.9411764705882353
47729 1.0
47828 1.0
48151 1.0
48276 1.0
48302 1.0
48327 0.2857142857142857
48328 0.7142857142857143
48427 1.0
48452 0.5
48453 0.5
48552 1.0
48901 1.0
49026 1.0
49051 0.16
49052 0.84
49151 1.0
49176 0.2727272727272727
49177 0.7272727272727273
49526 1.0
49625 1.0
49651 1.0
49776 1.0
49801 1.0
49901 1.0
50057 1.0
50062 1.0
50083 1.0
50104 1.0
50109 1.0
50114 1.0
50203 1.0
50229 1.0
50677 1.0
50682 1.0
50708 1.0
50729 1.0
50802 1.0
50828 1.0
50853 0.2
50854 0.8
50953 1.0
51281 1.0
51302 1.0
51401 1.0
51426 0.1
51427 0.9
51452 0.2857142857142857
51453 0.7142857142857143
51552 1.0
51577 0.25
51578 0.75
51677 1.0
51901 1.0
52026 1.0
52052 1.0
52151 1.0
52176 0.05263157894736842
52177 0.9473684210526315
52276 1.0
52301 0.5
52302 0.5
52526 1.0
52651 1.0
52775 0.1
52776 0.9
52801 1.0
52901 1.0
53026 1.0
53177 1.0
53182 1.0
53208 1.0
53234 1.0
53239 1.0
53328 1.0
53333 1.0
53354 1.0
53359 1.0
53781 1.0
53802 1.0
53807 1.0
53833 1.0
53927 1.0
53953 1.0
53958 1.0
53979 1.0
53983 0.25
53984 0.75
54078 1.0
54401 1.0
54406 1.0
54427 1.0
54552 1.0
54577 0.125
54578 0.875
54677 1.0
54702 0.25
54703 0.75
54802 1.0
54827 1.0
55151 1.0
55276 1.0
55301 0.19047619047619047
55302 0.8095238095238095
55401 1.0
55426 0.16666666666666666
55427 0.8333333333333334
55776 1.0
55875 1.0
55900 0.125
55901 0.875
55926 0.5
55927 0.5
56026 1.0
56151 1.0
56307 1.0
56312 1.0
56333 1.0
56338 1.0
56359 1.0
56364 1.0
56453 1.0
56458 1.0
56484 1.0
56906 1.0
56932 1.0
56937 1.0
56958 1.0
57052 1.0
57078 1.0
57083 1.0
57109 1.0
57177 1.0
57203 1.0
57531 1.0
57556 1.0
57651 1.0
57677 1.0
57703 1.0
57802 1.0
57828 1.0
57927 1.0
58151 1.0
58276 1.0
58302 1.0
58401 1.0
58426 0.125
58427 0.875
58526 1.0
58551 0.3125
58552 0.6875
58901 1.0
59025 0.25
59026 0.75
59151 1.0
59276 1.0
59432 1.0
59437 1.0
59463 1.0
59583 1.0
59609 1.0
60031 1.0
60057 1.0
60062 1.0
60177 1.0
60182 1.0
60203 1.0
60208 1.0
60328 1.0
60333 1.0
60651 1.0
60656 1.0
60776 1.0
60802 1.0
60806 1.0
60828 1.0
60832 0.5
60833 0.5
60926 0.034482758620689655
60927 0.9655172413793104
60952 0.14285714285714285
60953 0.8571428571428571
61052 1.0
61401 1.0
61427 1.0
61526 1.0
61551 0.1875
61552 0.8125
61651 1.0
61676 0.09090909090909091
61677 0.9090909090909091
62026 1.0
62151 1.0
62276 1.0
62301 1.0
62401 1.0
62552 1.0
62557 1.0
62562 1.0
62583 1.0
62604 1.0
62609 1.0
63177 1.0
63182 1.0
63203 1.0
63229 1.0
63328 1.0
63353 0.3125
63354 0.6875
63453 1.0
63776 1.0
63802 1.0
63901 1.0
63926 0.14285714285714285
63927 0.8571428571428571
63952 0.1111111111111111
63953 0.8888888888888888
64052 1.0
64077 0.3333333333333333
64078 0.6666666666666666
64177 1.0
64526 1.0
64552 1.0
64651 1.0
64676 0.25
64677 0.75
64776 1.0
64801 0.1875
64802 0.8125
64901 1.0
65150 0.25
65151 0.75
65250 1.0
65276 1.0
65401 1.0
65525 0.08333333333333333
65526 0.9166666666666666
65682 1.0
65687 1.0
65703 1.0
65708 1.0
65729 1.0
65734 1.0
65739 1.0
66302 1.0
66307 1.0
66328 1.0
66354 1.0
66359 1.0
66427 1.0
66453 1.0
66478 0.15384615384615385
66479 0.8461538461538461
66578 1.0
66901 1.0
66906 1.0
66927 1.0
67026 1.0
67051 0.125
67052 0.875
67077 0.2
67078 0.8
67177 1.0
67202 0.3333333333333333
67203 0.6666666666666666
67302 1.0
67526 1.0
67651 1.0
67677 1.0
67776 1.0
67801 0.125
67802 0.875
67901 1.0
67926 0.5
67927 0.5
68026 1.0
68151 1.0
68275 0.25
68276 0.75
68401 1.0
68526 1.0
68651 1.0
68807 1.0
68812 1.0
68833 1.0
68838 1.0
68854 1.0
68859 1.0
68864 1.0
68978 0.125
68979 0.875
69427 1.0
69432 1.0
69453 1.0
69484 1.0
69552 1.0
69578 1.0
69603 0.2
69604 0.8
69609 1.0
69703 1.0
70026 1.0
70031 1.0
70151 1.0
70177 1.0
70203 1.0
70302 1.0
70327 0.5
70328 0.5
70776 1.0
70802 1.0
70901 1.0
70926 0.1875
70927 0.8125
71026 1.0
71051 0.2857142857142857
71052 0.7142857142857143
71276 1.0
71375 1.0
71401 1.0
71525 0.07142857142857142
71526 0.9285714285714286
71551 1.0
71651 1.0
71776 1.0
71911 1.0
71932 1.0
71937 1.0
71958 1.0
71963 1.0
71984 1.0
71989 1.0
72078 1.0
72083 1.0
72103 0.25
72104 0.75
72109 1.0
72557 1.0
72583 1.0
72677 1.0
72703 1.0
72708 1.0
72729 1.0
72828 1.0
73151 1.0
73177 1.0
73276 1.0
73301 0.08333333333333333
73302 0.9166666666666666
73327 0.2857142857142857
73328 0.7142857142857143
73427 1.0
73452 0.2857142857142857
73453 0.7142857142857143
73552 1.0
73901 1.0
74026 1.0
74051 0.05263157894736842
74052 0.9473684210526315
74151 1.0
74176 0.2857142857142857
74177 0.7142857142857143
74276 1.0
74525 0.25
74526 0.75
74650 0.14285714285714285
74651 0.8571428571428571
74776 1.0
74801 1.0
74901 1.0
75036 1.0
75052 1.0
75057 1.0
75062 1.0
75083 1.0
75088 1.0
75108 0.07142857142857142
75109 0.9285714285714286
75114 1.0
75208 1.0
75234 1.0
75656 1.0
75682 1.0
75802 1.0
75828 1.0
75833 1.0
75854 1.0
75858 0.3333333333333333
75859 0.6666666666666666
75952 0.16666666666666666
75953 0.8333333333333334
76276 1.0
76281 1.0
76301 1.0
76401 1.0
76426 0.2
76427 0.8
76452 0.5
76453 0.5
76552 1.0
76577 0.5714285714285714
76578 0.42857142857142855
76677 1.0
76901 1.0
77026 1.0
77151 1.0
77176 0.11764705882352941
77177 0.8823529411764706
77276 1.0
77301 0.2
77302 0.8
77651 1.0
77776 1.0
77901 1.0
78026 1.0
