0 1.0
25 0.9655172413793104
26 0.034482758620689655
31 1.0
50 0.9834710743801653
51 0.01652892561983471
56 1.0
75 0.9763313609467456
76 0.023668639053254437
81 1.0
100 0.9770773638968482
101 0.022922636103151862
106 1.0
125 0.9833333333333333
126 0.016666666666666666
131 1.0
150 0.943089430894309
151 0.056910569105691054
156 1.0
175 0.9417040358744395
176 0.05829596412556054
181 1.0
200 0.9207317073170732
201 0.07926829268292683
206 1.0
225 0.8870967741935484
226 0.11290322580645161
231 1.0
250 0.98
251 0.02
256 1.0
275 0.8717948717948718
276 0.1282051282051282
281 1.0
300 0.9077669902912622
301 0.09223300970873786
306 1.0
325 0.8115942028985508
326 0.18840579710144928
331 1.0
350 0.712
351 0.288
356 1.0
375 0.9565217391304348
376 0.043478260869565216
381 1.0
400 0.8686868686868687
401 0.13131313131313133
406 1.0
425 0.7741935483870968
426 0.22580645161290322
431 1.0
450 0.6150627615062761
451 0.38493723849372385
456 1.0
475 0.463768115942029
476 0.5362318840579711
481 0.9903846153846154
482 0.009615384615384616
500 0.984375
501 0.015625
506 1.0
525 0.8469387755102041
526 0.15306122448979592
531 1.0
550 0.6666666666666666
551 0.3333333333333333
556 0.9939393939393939
557 0.006060606060606061
575 0.36904761904761907
576 0.6309523809523809
581 0.9896373056994818
582 0.010362694300518135
600 0.0625
601 0.9375
606 0.90625
607 0.09375
