0 0.9285714285714286
1 0.07142857142857142
6 1.0
12 1.0
25 1.0
31 0.9615384615384616
32 0.038461538461538464
37 0.9615384615384616
38 0.038461538461538464
43 0.975609756097561
44 0.024390243902439025
49 1.0
50 1.0
56 0.967391304347826
57 0.03260869565217391
62 0.95
63 0.05
68 0.9893617021276596
69 0.010638297872340425
74 1.0
75 0.9807692307692307
76 0.019230769230769232
81 0.9905660377358491
82 0.009433962264150943
87 0.9774436090225563
88 0.022556390977443608
93 1.0
99 1.0
100 1.0
106 1.0
112 1.0
125 1.0
131 1.0
137 1.0
143 0.9230769230769231
144 0.07692307692307693
149 1.0
156 0.8333333333333334
157 0.16666666666666666
162 0.9318181818181818
163 0.06818181818181818
168 0.9702127659574468
169 0.029787234042553193
174 1.0
187 0.6666666666666666
188 0.3333333333333333
193 0.9459459459459459
194 0.05405405405405406
199 1.0
250 1.0
256 1.0
262 1.0
268 0.98
269 0.02
274 1.0
293 1.0
299 1.0
375 1.0
381 0.9230769230769231
382 0.07692307692307693
387 1.0
393 0.9714285714285714
394 0.02857142857142857
399 1.0
506 0.9230769230769231
507 0.07692307692307693
512 1.0
518 0.9666666666666667
519 0.03333333333333333
524 1.0
