37 1.0
56 1.0
62 1.0
68 1.0
81 1.0
87 1.0
112 1.0
143 1.0
156 1.0
161 0.1111111111111111
162 0.8888888888888888
181 1.0
186 0.08333333333333333
187 0.9166666666666666
206 1.0
211 0.16666666666666666
212 0.8333333333333334
231 1.0
237 1.0
273 0.25
274 0.75
281 1.0
286 0.2
287 0.8
293 1.0
305 0.03571428571428571
306 0.9642857142857143
311 0.14285714285714285
312 0.8571428571428571
331 1.0
336 0.3333333333333333
337 0.6666666666666666
393 1.0
399 1.0
412 1.0
417 0.2727272727272727
418 0.7272727272727273
431 1.0
436 0.3333333333333333
437 0.6666666666666666
443 1.0
518 1.0
523 0.08333333333333333
524 0.9166666666666666
537 1.0
543 1.0
667 0.3333333333333333
668 0.6666666666666666
687 1.0
768 1.0
781 1.0
787 1.0
792 0.16666666666666666
793 0.8333333333333334
806 1.0
811 0.25
812 0.75
831 1.0
836 0.17391304347826086
837 0.8260869565217391
856 1.0
862 1.0
892 1.0
899 1.0
906 1.0
912 1.0
918 1.0
931 1.0
936 0.09375
937 0.90625
942 0.3333333333333333
943 0.6666666666666666
956 1.0
962 1.0
1012 1.0
1018 1.0
1024 1.0
1031 1.0
1036 0.15384615384615385
1037 0.8461538461538461
1042 0.05
1043 0.95
1056 1.0
1061 1.0
1143 1.0
1148 0.125
1149 0.875
1168 1.0
1287 1.0
1393 1.0
1399 1.0
1406 1.0
1411 0.1111111111111111
1412 0.8888888888888888
1418 1.0
1424 1.0
1437 1.0
1462 1.0
1518 1.0
1524 1.0
1531 1.0
1536 0.1111111111111111
1537 0.8888888888888888
1543 1.0
1556 1.0
1561 0.030303030303030304
1562 0.9696969696969697
1568 1.0
1581 1.0
1587 1.0
1593 1.0
1643 1.0
1649 1.0
1656 1.0
1662 1.0
1667 0.15789473684210525
1668 0.8421052631578947
1673 0.3333333333333333
1674 0.6666666666666666
1681 1.0
1687 1.0
1693 1.0
1768 1.0
1773 0.07692307692307693
1774 0.9230769230769231
1787 1.0
1793 1.0
1918 1.0
1943 1.0
2012 1.0
2018 1.0
2031 1.0
2037 1.0
2043 1.0
2062 1.0
2068 1.0
2087 1.0
2137 1.0
2143 1.0
2149 1.0
2156 1.0
2161 0.18181818181818182
2162 0.8181818181818182
2168 1.0
2181 1.0
2186 0.02631578947368421
2187 0.9736842105263158
2193 1.0
2212 1.0
2268 1.0
2274 1.0
2281 1.0
2286 0.047619047619047616
2287 0.9523809523809523
2292 0.06896551724137931
2293 0.9310344827586207
2299 1.0
2306 1.0
2311 0.14285714285714285
2312 0.8571428571428571
2317 0.5
2318 0.5
2392 0.16666666666666666
2393 0.8333333333333334
2398 0.0625
2399 0.9375
2418 1.0
2424 1.0
2637 1.0
2642 0.25
2643 0.75
2649 1.0
2662 1.0
2667 0.2222222222222222
2668 0.7777777777777778
2687 1.0
2692 0.3333333333333333
2693 0.6666666666666666
2762 1.0
2768 1.0
2774 1.0
2781 1.0
2787 1.0
2792 0.2
2793 0.8
2806 1.0
2811 0.029411764705882353
2812 0.9705882352941176
2818 1.0
2837 1.0
2843 1.0
2887 1.0
2893 1.0
2899 1.0
2906 1.0
2911 0.043478260869565216
2912 0.9565217391304348
2917 0.08823529411764706
2918 0.9117647058823529
2923 1.0
2931 1.0
2937 1.0
2943 1.0
3018 1.0
3024 1.0
3037 1.0
3043 1.0
3049 1.0
3156 1.0
3161 1.0
3181 1.0
3186 0.16666666666666666
3187 0.8333333333333334
3206 1.0
3212 1.0
3225 1.0
3230 0.029411764705882353
3231 0.9705882352941176
3236 0.25
3237 0.75
3275 1.0
3281 1.0
3300 1.0
3305 0.15
3306 0.85
3325 1.0
3330 0.11940298507462686
3331 0.8805970149253731
3336 1.0
3350 1.0
3355 0.16666666666666666
3356 0.8333333333333334
3425 1.0
3430 0.2
3431 0.8
3450 1.0
3455 0.8
3456 0.2
3550 1.0
3781 1.0
3786 0.16666666666666666
3787 0.8333333333333334
3806 1.0
3811 0.2
3812 0.8
3831 1.0
3837 1.0
3856 1.0
3861 0.3333333333333333
3862 0.6666666666666666
3900 1.0
3905 0.14285714285714285
3906 0.8571428571428571
3925 1.0
3930 0.0625
3931 0.9375
3937 1.0
3950 1.0
3955 0.01694915254237288
3956 0.9830508474576272
3961 0.16666666666666666
3962 0.8333333333333334
3981 1.0
3987 1.0
4050 1.0
4055 0.35294117647058826
4056 0.6470588235294118
4075 1.0
4080 0.125
4081 0.875
4175 1.0
4406 1.0
4411 0.2
4412 0.8
4431 1.0
4437 1.0
4456 1.0
4461 0.16666666666666666
4462 0.8333333333333334
4487 1.0
4525 1.0
4530 0.13333333333333333
4531 0.8666666666666667
4536 1.0
4556 1.0
4562 1.0
4581 1.0
4586 0.07142857142857142
4587 0.9285714285714286
4606 1.0
4611 0.25
4612 0.75
4656 1.0
4675 1.0
4680 0.09259259259259259
4681 0.9074074074074074
4687 1.0
4700 1.0
4706 1.0
4800 1.0
4806 1.0
5036 0.125
5037 0.875
5043 1.0
5056 1.0
5062 1.0
5155 0.08333333333333333
5156 0.9166666666666666
5162 1.0
5181 1.0
5186 0.08333333333333333
5187 0.9166666666666666
5206 1.0
5211 0.038461538461538464
5212 0.9615384615384616
5231 1.0
5237 1.0
5281 1.0
5300 1.0
5305 0.0273972602739726
5306 0.9726027397260274
5311 0.3333333333333333
5312 0.6666666666666666
5331 1.0
5336 0.6
5337 0.4
5425 1.0
5430 0.5
5431 0.5
5656 1.0
5662 1.0
5687 1.0
5781 1.0
5786 0.4
5787 0.6
5806 1.0
5812 1.0
5831 1.0
5837 1.0
5843 1.0
5862 1.0
5906 1.0
5930 0.01282051282051282
5931 0.9871794871794872
5936 0.25
5937 0.75
5956 1.0
5961 0.1
5962 0.9
6050 1.0
6056 1.0
6275 1.0
6281 1.0
6300 1.0
6305 0.1111111111111111
6306 0.8888888888888888
6312 1.0
6325 1.0
6330 0.15789473684210525
6331 0.8421052631578947
6350 1.0
6355 0.08888888888888889
6356 0.9111111111111111
6400 1.0
6425 1.0
6450 1.0
6455 0.5
6456 0.5
6475 1.0
6480 0.75
6481 0.25
6550 1.0
6575 1.0
6675 1.0
6906 1.0
6911 1.0
6930 0.05263157894736842
6931 0.9473684210526315
6937 1.0
6956 1.0
6961 0.5
6962 0.5
6975 1.0
6981 1.0
6987 1.0
7025 1.0
7030 0.6666666666666666
7031 0.3333333333333333
7050 1.0
7055 0.3333333333333333
7056 0.6666666666666666
7075 1.0
7080 0.12121212121212122
7081 0.8787878787878788
7100 1.0
7105 0.05263157894736842
7106 0.9473684210526315
7175 1.0
7200 1.0
7300 1.0
7531 1.0
7537 1.0
7556 1.0
7562 1.0
7581 1.0
7587 1.0
7606 1.0
7611 0.3333333333333333
7612 0.6666666666666666
7650 1.0
7656 1.0
7675 1.0
7680 0.375
7681 0.625
7700 1.0
7705 0.1111111111111111
7706 0.8888888888888888
7731 1.0
7800 1.0
7806 1.0
7825 1.0
7830 1.0
7925 1.0
8156 1.0
8162 1.0
8181 1.0
8186 0.1
8187 0.9
8206 1.0
8212 1.0
8231 1.0
8237 1.0
8275 1.0
8280 0.09090909090909091
8281 0.9090909090909091
8300 1.0
8306 1.0
8325 1.0
8330 0.07692307692307693
8331 0.9230769230769231
8336 0.2
8337 0.8
8356 1.0
8362 1.0
8425 1.0
8430 0.6666666666666666
8431 0.3333333333333333
8450 1.0
8455 0.36363636363636365
8456 0.6363636363636364
8550 1.0
8781 1.0
8787 1.0
8806 1.0
8811 0.2
8812 0.8
8837 1.0
8862 1.0
8900 1.0
8905 0.14285714285714285
8906 0.8571428571428571
8931 1.0
8956 1.0
8961 0.058823529411764705
8962 0.9411764705882353
8981 1.0
8987 1.0
9050 1.0
9055 0.18181818181818182
9056 0.8181818181818182
9075 1.0
9081 1.0
9175 1.0
9400 1.0
9406 1.0
9425 1.0
9430 0.16666666666666666
9431 0.8333333333333334
9437 1.0
9450 1.0
9456 1.0
9462 1.0
9475 1.0
9480 0.07142857142857142
9481 0.9285714285714286
9487 1.0
9525 1.0
9550 1.0
9575 1.0
9600 1.0
9650 1.0
9675 1.0
9700 1.0
9800 1.0
10025 1.0
10031 1.0
10050 1.0
10055 0.21428571428571427
10056 0.7857142857142857
10062 1.0
10075 1.0
10080 0.2222222222222222
10081 0.7777777777777778
10100 1.0
10105 0.05
10106 0.95
10111 0.3333333333333333
10112 0.6666666666666666
10150 1.0
10175 1.0
10200 1.0
10205 0.6666666666666666
10206 0.3333333333333333
10225 1.0
10231 1.0
10300 1.0
10325 1.0
10425 1.0
10656 1.0
10681 1.0
10687 1.0
10706 1.0
10731 1.0
10737 1.0
10775 1.0
10800 1.0
10825 1.0
10830 0.3125
10831 0.6875
10850 1.0
10855 0.05555555555555555
10856 0.9444444444444444
10925 1.0
10950 1.0
11050 1.0
11280 0.25
11281 0.75
11305 0.07142857142857142
11306 0.9285714285714286
11311 0.25
11312 0.75
11331 1.0
11336 0.2
11337 0.8
11356 1.0
11362 1.0
11400 1.0
11405 1.0
11425 1.0
11430 0.25
11431 0.75
11450 1.0
11455 0.2127659574468085
11456 0.7872340425531915
11475 1.0
11481 1.0
11550 1.0
11575 1.0
11580 1.0
11675 1.0
11906 1.0
11931 1.0
11937 1.0
11956 1.0
11962 1.0
11981 1.0
12025 1.0
12030 0.6666666666666666
12031 0.3333333333333333
12050 1.0
12055 0.3333333333333333
12056 0.6666666666666666
12075 1.0
12080 0.11940298507462686
12081 0.8805970149253731
12087 1.0
12106 1.0
12112 1.0
12175 1.0
12180 1.0
12200 1.0
12205 0.5
12206 0.5
12300 1.0
12525 1.0
12550 1.0
12555 0.16666666666666666
12556 0.8333333333333334
12562 1.0
12575 1.0
12581 1.0
12587 1.0
12600 1.0
12605 0.15789473684210525
12606 0.8421052631578947
12650 1.0
12675 1.0
12700 1.0
12725 1.0
12800 1.0
12825 1.0
12925 1.0
13150 1.0
13155 0.5
13156 0.5
13175 1.0
13180 0.2727272727272727
13181 0.7272727272727273
13187 1.0
13200 1.0
13206 1.0
13225 1.0
13230 0.018518518518518517
13231 0.9814814814814815
13237 1.0
13275 1.0
13300 1.0
13325 1.0
13350 1.0
13425 1.0
13450 1.0
13550 1.0
13775 1.0
13780 0.3333333333333333
13781 0.6666666666666666
13800 1.0
13805 0.07142857142857142
13806 0.9285714285714286
13812 1.0
13825 1.0
13830 0.13333333333333333
13831 0.8666666666666667
13837 1.0
13850 1.0
13855 0.06521739130434782
13856 0.9347826086956522
13862 1.0
13900 1.0
13925 1.0
13950 1.0
13956 1.0
13975 1.0
13980 0.3333333333333333
13981 0.6666666666666666
14050 1.0
14075 1.0
14175 1.0
14400 1.0
14412 1.0
14425 1.0
14430 0.08333333333333333
14431 0.9166666666666666
14437 1.0
14456 1.0
14462 1.0
14481 1.0
14487 1.0
14525 1.0
14550 1.0
14555 1.0
14575 1.0
14580 0.3
14581 0.7
14600 1.0
14605 0.13333333333333333
14606 0.8666666666666667
14675 1.0
14700 1.0
14800 1.0
15025 1.0
15031 1.0
15037 1.0
15056 1.0
15062 1.0
15081 1.0
15087 1.0
15106 1.0
15112 1.0
15150 1.0
15175 1.0
15181 1.0
15200 1.0
15205 0.14705882352941177
15206 0.8529411764705882
15225 1.0
15230 0.06451612903225806
15231 0.9354838709677419
15300 1.0
15325 1.0
15425 1.0
