55 1.0
60 1.0
80 1.0
85 1.0
105 1.0
110 1.0
181 1.0
186 1.0
206 1.0
211 1.0
231 1.0
236 1.0
267 1.0
307 1.0
317 1.0
398 1.0
413 1.0
418 1.0
655 1.0
776 1.0
781 1.0
806 0.8333333333333334
807 0.16666666666666666
826 0.6666666666666666
827 0.3333333333333333
831 1.0
912 1.0
917 1.0
932 1.0
937 1.0
952 1.0
957 1.0
1038 1.0
1058 1.0
1144 1.0
1149 1.0
1169 1.0
1401 1.0
1406 1.0
1426 1.0
1527 1.0
1532 1.0
1537 1.0
1552 1.0
1557 1.0
1658 1.0
1663 1.0
1678 1.0
1683 1.0
1769 1.0
2001 1.0
2011 1.0
2031 1.0
2132 1.0
2152 0.75
2153 0.25
2157 1.0
2177 1.0
2268 1.0
2278 1.0
2283 1.0
2288 1.0
2303 1.0
2394 1.0
2399 1.0
2414 1.0
2626 1.0
2752 1.0
2767 1.0
2772 1.0
2777 1.0
2888 1.0
2903 1.0
2908 1.0
2913 1.0
3014 1.0
3019 1.0
3024 1.0
3029 1.0
3034 1.0
3039 1.0
3160 1.0
3185 1.0
3210 1.0
3281 1.0
3286 1.0
3291 1.0
3306 1.0
3311 1.0
3331 1.0
3336 1.0
3356 1.0
3361 1.0
3412 1.0
3417 1.0
3437 1.0
3457 1.0
3523 1.0
3543 1.0
3785 1.0
3810 1.0
3906 1.0
3911 1.0
3931 0.8333333333333334
3932 0.16666666666666666
3936 1.0
3956 1.0
4017 1.0
4022 1.0
4052 1.0
4057 1.0
4062 0.75
4063 0.25
4082 1.0
4143 1.0
4163 1.0
4168 1.0
4183 1.0
4274 1.0
4531 0.5
4532 0.5
4652 1.0
4657 1.0
4667 1.0
4677 1.0
4682 1.0
4778 1.0
4783 1.0
4788 1.0
4793 1.0
4803 1.0
4808 1.0
4894 1.0
4899 1.0
4914 1.0
4919 1.0
5151 1.0
5156 1.0
5161 1.0
5262 1.0
5277 0.75
5278 0.25
5282 1.0
5388 1.0
5403 1.0
5408 1.0
5413 1.0
5514 1.0
5519 1.0
5524 1.0
5529 1.0
5539 1.0
5544 1.0
5756 1.0
5761 1.0
5782 1.0
5877 1.0
5882 1.0
5887 1.0
5897 1.0
5903 1.0
5907 0.6666666666666666
5908 0.3333333333333333
6013 1.0
6018 1.0
6028 1.0
6033 0.875
6034 0.125
6038 1.0
6139 1.0
6144 1.0
6149 1.0
6154 1.0
6159 1.0
6164 1.0
6285 1.0
6391 1.0
6396 1.0
6411 1.0
6416 1.0
6431 1.0
6436 1.0
6461 1.0
6517 1.0
6537 1.0
6557 1.0
6562 1.0
6567 1.0
6582 1.0
6587 1.0
6648 1.0
6663 1.0
6668 1.0
6693 1.0
6774 1.0
7016 1.0
7031 1.0
7036 1.0
7142 1.0
7167 1.0
7182 1.0
7187 1.0
7207 1.0
7268 1.0
7273 1.0
7283 1.0
7288 1.0
7293 1.0
7308 1.0
7313 1.0
7394 1.0
7399 1.0
7656 1.0
7767 1.0
7772 1.0
7782 1.0
7787 0.75
7788 0.25
7792 1.0
7807 0.5
7808 0.5
7888 1.0
7893 1.0
7898 1.0
7903 1.0
7908 1.0
7913 1.0
7918 1.0
7933 1.0
8019 1.0
8044 1.0
8256 1.0
8281 1.0
8382 1.0
8392 1.0
8407 0.3333333333333333
8408 0.6666666666666666
8518 1.0
8528 1.0
8533 1.0
8538 1.0
8544 1.0
8644 1.0
8649 1.0
8659 1.0
8664 1.0
8876 1.0
8886 1.0
9007 1.0
9012 1.0
9017 1.0
9027 1.0
9032 1.0
9133 1.0
9138 1.0
9143 1.0
9153 0.875
9154 0.125
9158 1.0
9164 1.0
9264 1.0
9269 1.0
9274 1.0
9279 1.0
9284 1.0
9289 1.0
9415 1.0
9516 1.0
9536 1.0
9541 1.0
9561 1.0
9586 1.0
9667 1.0
9682 1.0
9687 1.0
9692 1.0
9707 1.0
9712 1.0
9773 1.0
9788 1.0
9793 1.0
9798 1.0
9899 1.0
9919 1.0
10156 1.0
10161 1.0
10267 1.0
10272 1.0
10282 1.0
10287 1.0
10307 1.0
10312 1.0
10332 1.0
10393 1.0
10398 1.0
10413 1.0
10418 1.0
10433 1.0
10438 1.0
10519 1.0
10524 1.0
10544 1.0
10761 1.0
10781 1.0
10786 1.0
10892 1.0
10907 1.0
10932 1.0
11018 1.0
11033 1.0
11038 1.0
11043 1.0
11058 1.0
11144 1.0
11149 1.0
11406 1.0
11507 1.0
11512 1.0
11517 1.0
11532 1.0
11537 1.0
11638 1.0
11643 1.0
11653 1.0
11658 1.0
11663 0.875
11664 0.125
11764 1.0
11774 1.0
11779 1.0
11784 1.0
12006 1.0
12127 1.0
12132 1.0
12137 1.0
12157 1.0
12258 1.0
12268 1.0
12278 1.0
12283 1.0
12288 1.0
12394 1.0
12399 1.0
12404 1.0
12409 1.0
12414 1.0
12641 1.0
12646 1.0
12661 1.0
12666 1.0
12686 1.0
12691 1.0
12711 1.0
12767 1.0
12772 1.0
12792 1.0
12807 1.0
12812 1.0
12817 1.0
12837 1.0
12842 1.0
12893 1.0
12918 1.0
12938 1.0
12943 1.0
13024 1.0
13266 1.0
13286 1.0
13392 1.0
13407 1.0
13412 1.0
13432 1.0
13437 1.0
13518 1.0
13523 1.0
13533 1.0
13538 1.0
13543 1.0
13558 1.0
13644 1.0
13649 1.0
13669 1.0
13886 1.0
13891 1.0
13906 1.0
14017 1.0
14032 0.8333333333333334
14033 0.16666666666666666
14037 1.0
14057 1.0
14143 1.0
14158 1.0
14163 1.0
14168 1.0
14183 1.0
14188 1.0
14269 1.0
14274 1.0
14284 1.0
14289 1.0
14294 1.0
14511 1.0
14632 1.0
14637 1.0
14642 1.0
14657 1.0
14662 1.0
14763 1.0
14768 1.0
14783 1.0
14788 1.0
14889 1.0
14894 1.0
14899 1.0
14909 1.0
14914 1.0
15131 1.0
15257 1.0
15267 1.0
15388 1.0
15403 1.0
15408 1.0
15413 1.0
15514 1.0
15519 1.0
15524 1.0
15529 1.0
15534 1.0
15539 1.0
15680 1.0
15685 1.0
15705 1.0
15710 1.0
15725 1.0
15730 0.9642857142857143
15731 0.03571428571428571
15735 1.0
15826 1.0
15831 1.0
15851 1.0
16275 1.0
16280 1.0
16300 1.0
16305 1.0
16330 1.0
16350 1.0
16426 0.9090909090909091
16427 0.09090909090909091
16451 0.9230769230769231
16452 0.07692307692307693
16456 1.0
16476 1.0
16552 1.0
16577 1.0
16900 1.0
17026 1.0
17051 0.8333333333333334
17052 0.16666666666666666
17152 1.0
17177 1.0
17202 1.0
17278 1.0
17303 1.0
17651 1.0
17752 1.0
17777 0.8666666666666667
17778 0.13333333333333333
17802 0.8
17803 0.2
17903 0.9714285714285714
17904 0.02857142857142857
17928 1.0
18029 1.0
18377 1.0
18402 0.5
18403 0.5
18503 1.0
18528 0.8888888888888888
18529 0.1111111111111111
18629 1.0
18654 1.0
18780 1.0
18785 1.0
18805 1.0
18810 1.0
18830 0.75
18831 0.25
18855 1.0
18951 1.0
18956 1.0
18961 1.0
18976 1.0
18981 1.0
18986 1.0
19405 1.0
19430 1.0
19531 1.0
19551 1.0
19556 1.0
19576 0.8181818181818182
19577 0.18181818181818182
19581 1.0
19677 1.0
19682 1.0
19702 1.0
19707 1.0
20031 1.0
20151 1.0
20176 1.0
20302 0.9655172413793104
20303 0.034482758620689655
20403 1.0
20428 1.0
20650 1.0
20751 0.5
20752 0.5
20776 0.8333333333333334
20777 0.16666666666666666
20781 1.0
20877 1.0
20902 0.875
20903 0.125
21028 0.88
21029 0.12
21053 1.0
21154 1.0
21376 1.0
21401 1.0
21502 1.0
21527 1.0
21628 0.6666666666666666
21629 0.3333333333333333
21653 0.9523809523809523
21654 0.047619047619047616
21754 1.0
21779 1.0
21905 1.0
21910 1.0
21930 0.75
21931 0.25
21935 1.0
21955 1.0
21960 1.0
22056 1.0
22081 1.0
22086 1.0
22106 1.0
22111 1.0
22182 1.0
22535 1.0
22555 1.0
22656 1.0
22676 1.0
22681 0.8333333333333334
22682 0.16666666666666666
22706 0.75
22707 0.25
22802 1.0
22807 1.0
22827 1.0
22832 1.0
23156 1.0
23276 1.0
23281 1.0
23402 1.0
23427 0.9583333333333334
23428 0.041666666666666664
23432 1.0
23528 1.0
23553 1.0
23901 1.0
24027 0.8666666666666667
24028 0.13333333333333333
24052 1.0
24057 1.0
24153 0.8888888888888888
24154 0.1111111111111111
24178 1.0
24279 1.0
24501 1.0
24627 1.0
24652 1.0
24754 1.0
24778 0.9642857142857143
24779 0.03571428571428571
24879 1.0
24904 1.0
25030 1.0
25035 1.0
25060 1.0
25181 1.0
25186 1.0
25206 0.9444444444444444
25207 0.05555555555555555
25211 0.9333333333333333
25212 0.06666666666666667
25231 1.0
25307 1.0
25332 1.0
25655 1.0
25680 1.0
25781 1.0
25806 1.0
25831 0.75
25832 0.25
25927 0.5
25928 0.5
25932 1.0
25957 1.0
26053 1.0
26058 1.0
26280 1.0
26406 1.0
26432 1.0
26527 1.0
26532 1.0
26552 1.0
26557 1.0
26653 1.0
26678 1.0
27026 1.0
27031 1.0
27152 0.8888888888888888
27153 0.1111111111111111
27157 1.0
27278 0.9642857142857143
27279 0.03571428571428571
27303 1.0
27404 1.0
27626 1.0
27752 1.0
27777 1.0
27878 1.0
27903 0.7931034482758621
27904 0.20689655172413793
28004 1.0
28029 1.0
28155 1.0
28160 1.0
28286 1.0
28306 1.0
28311 1.0
28331 1.0
28336 1.0
28341 1.0
28432 1.0
28437 1.0
28457 1.0
28462 1.0
28780 1.0
28906 1.0
28911 1.0
28931 0.6666666666666666
28932 0.3333333333333333
28956 1.0
29053 1.0
29057 0.9545454545454546
29058 0.045454545454545456
29062 1.0
29082 1.0
29183 1.0
29526 1.0
29531 1.0
29652 1.0
29657 1.0
29677 1.0
29682 1.0
29778 1.0
29783 1.0
29803 1.0
29808 1.0
30151 1.0
30277 0.5
30278 0.5
30282 1.0
30403 0.972972972972973
30404 0.02702702702702703
30408 1.0
30529 1.0
30751 1.0
30776 1.0
30877 1.0
30902 1.0
31003 1.0
31028 0.9285714285714286
31029 0.07142857142857142
31033 1.0
31129 1.0
31154 1.0
31280 1.0
31305 1.0
31310 1.0
31325 1.0
31330 1.0
31350 1.0
31355 1.0
31451 1.0
31476 1.0
31925 1.0
31950 1.0
31975 0.3333333333333333
31976 0.6666666666666666
32026 1.0
32051 1.0
32076 1.0
32101 0.6666666666666666
32102 0.3333333333333333
32177 1.0
32202 1.0
32525 1.0
32651 0.75
32652 0.25
32676 0.6666666666666666
32677 0.3333333333333333
32777 0.6666666666666666
32778 0.3333333333333333
32802 0.9090909090909091
32803 0.09090909090909091
32903 1.0
32928 1.0
33276 1.0
33377 1.0
33402 0.5714285714285714
33403 0.42857142857142855
33528 0.8846153846153846
33529 0.11538461538461539
33654 1.0
33877 1.0
34002 0.875
34003 0.125
34028 1.0
34128 1.0
34153 0.7777777777777778
34154 0.2222222222222222
34254 1.0
34279 1.0
34430 1.0
34435 1.0
34455 1.0
34460 1.0
34475 1.0
34480 1.0
34485 1.0
34576 1.0
34581 1.0
34601 1.0
34606 1.0
35025 1.0
35030 1.0
35050 1.0
35055 1.0
35151 1.0
35176 1.0
35201 0.9393939393939394
35202 0.06060606060606061
35206 1.0
35226 1.0
35302 1.0
35327 1.0
35776 1.0
35801 1.0
35902 0.8333333333333334
35903 0.16666666666666666
35927 0.9166666666666666
35928 0.08333333333333333
36028 1.0
36053 1.0
36376 1.0
36401 0.8
36402 0.2
36527 0.8
36528 0.2
36552 1.0
36653 0.8709677419354839
36654 0.12903225806451613
36779 1.0
37001 1.0
37026 1.0
37127 1.0
37253 0.6666666666666666
37254 0.3333333333333333
37278 0.6
37279 0.4
37379 1.0
37404 1.0
37535 1.0
37555 1.0
37560 1.0
37580 1.0
37585 1.0
37605 0.875
37606 0.125
37701 1.0
37706 1.0
37726 1.0
37731 1.0
38150 1.0
38180 1.0
38301 1.0
38326 1.0
38331 1.0
38351 1.0
38427 1.0
38452 1.0
38901 1.0
38926 0.5
38927 0.5
39027 1.0
39052 0.8571428571428571
39053 0.14285714285714285
39077 1.0
39153 1.0
39178 1.0
39526 1.0
39627 1.0
39652 0.75
39653 0.25
39778 1.0
39904 1.0
40126 1.0
40151 1.0
40252 1.0
40278 1.0
40378 1.0
40403 0.8666666666666667
40404 0.13333333333333333
40504 1.0
40529 1.0
40655 1.0
40660 1.0
40680 1.0
40685 1.0
40705 0.75
40706 0.25
40710 1.0
40735 1.0
40806 1.0
40826 1.0
40831 1.0
40836 1.0
40856 1.0
41280 1.0
41401 1.0
41406 1.0
41426 1.0
41431 1.0
41451 0.8333333333333334
41452 0.16666666666666666
41456 1.0
41552 1.0
41557 1.0
41577 1.0
41582 1.0
41905 1.0
42026 1.0
42031 1.0
42051 1.0
42152 0.8571428571428571
42153 0.14285714285714285
42177 1.0
42202 1.0
42278 1.0
42303 1.0
42651 1.0
42752 1.0
42777 0.9166666666666666
42778 0.08333333333333333
42802 1.0
42903 1.0
43029 1.0
43251 1.0
43276 1.0
43377 0.5
43378 0.5
43503 0.8888888888888888
43504 0.1111111111111111
43528 0.9166666666666666
43529 0.08333333333333333
43629 1.0
43654 1.0
43780 1.0
43805 1.0
43810 1.0
43835 1.0
43860 1.0
43951 1.0
43956 1.0
43961 1.0
43981 1.0
43986 1.0
44405 1.0
44431 1.0
44531 1.0
44551 0.75
44552 0.25
44556 1.0
44577 1.0
44581 1.0
44677 1.0
44682 1.0
44702 1.0
44707 1.0
44803 1.0
45151 1.0
45156 1.0
45177 1.0
45277 1.0
45302 0.9130434782608695
45303 0.08695652173913043
45403 1.0
45428 0.9
45429 0.1
45752 1.0
45776 1.0
45902 0.8888888888888888
45903 0.1111111111111111
46028 0.8888888888888888
46029 0.1111111111111111
46053 1.0
46154 1.0
46376 1.0
46401 1.0
46502 1.0
46527 1.0
46653 0.9545454545454546
46654 0.045454545454545456
46754 1.0
46779 1.0
46930 1.0
46950 1.0
46955 1.0
46960 1.0
46975 1.0
46980 1.0
46985 1.0
47076 1.0
47101 1.0
47550 1.0
47576 1.0
47600 0.5
47601 0.5
47676 1.0
47701 1.0
47726 1.0
47802 1.0
47827 1.0
47928 1.0
48150 1.0
48276 0.7142857142857143
48277 0.2857142857142857
48326 1.0
48402 1.0
48427 0.95
48428 0.05
48452 1.0
48528 0.8666666666666667
48529 0.13333333333333333
48553 1.0
48901 1.0
49002 1.0
49027 0.5714285714285714
49028 0.42857142857142855
49153 0.9333333333333333
49154 0.06666666666666667
49254 1.0
49279 1.0
49501 1.0
49627 1.0
49753 0.9
49754 0.1
49778 0.8888888888888888
49779 0.1111111111111111
49879 1.0
49904 1.0
50050 1.0
50055 1.0
50060 1.0
50080 1.0
50100 0.875
50101 0.125
50105 1.0
50110 1.0
50201 1.0
50226 1.0
50675 1.0
50776 1.0
50801 1.0
50826 1.0
50851 1.0
50927 0.8
50928 0.2
50952 1.0
51275 1.0
51401 0.8
51402 0.2
51426 1.0
51527 1.0
51552 1.0
51577 1.0
51653 0.6666666666666666
51654 0.3333333333333333
51678 1.0
52026 1.0
52127 1.0
52152 0.8571428571428571
52153 0.14285714285714285
52278 0.96
52279 0.04
52404 1.0
52626 1.0
52651 1.0
52752 1.0
52878 0.875
52879 0.125
52903 0.8888888888888888
52904 0.1111111111111111
53004 1.0
53029 1.0
53175 1.0
53180 1.0
53205 1.0
53230 0.9375
53231 0.0625
53235 1.0
53326 1.0
53331 1.0
53351 1.0
53356 1.0
53775 1.0
53800 1.0
53805 1.0
53830 1.0
53901 1.0
53926 1.0
53951 0.8636363636363636
53952 0.13636363636363635
53956 1.0
53976 1.0
54052 1.0
54077 1.0
54400 1.0
54526 1.0
54551 1.0
54677 0.9047619047619048
54678 0.09523809523809523
54778 1.0
54803 1.0
55126 1.0
55151 1.0
55252 0.5
55253 0.5
55277 0.8333333333333334
55278 0.16666666666666666
55378 1.0
55403 1.0
55529 1.0
55877 1.0
56003 1.0
56028 0.9166666666666666
56029 0.08333333333333333
56129 1.0
56154 1.0
56305 1.0
56330 1.0
56335 1.0
56355 0.8888888888888888
56356 0.1111111111111111
56360 1.0
56451 1.0
56456 1.0
56476 1.0
56481 1.0
56577 1.0
56900 1.0
56905 1.0
56926 1.0
56930 1.0
57026 1.0
57051 0.7777777777777778
57052 0.2222222222222222
57056 1.0
57076 0.9230769230769231
57077 0.07692307692307693
57081 1.0
57101 1.0
57177 1.0
57202 1.0
57525 1.0
57651 1.0
57677 1.0
57777 0.5
57778 0.5
57802 0.9375
57803 0.0625
57903 0.8571428571428571
57904 0.14285714285714285
57928 1.0
58251 1.0
58276 1.0
58377 1.0
58402 0.6363636363636364
58403 0.36363636363636365
58427 1.0
58528 0.9354838709677419
58529 0.06451612903225806
58553 1.0
58654 1.0
59002 1.0
59128 1.0
59153 0.7777777777777778
59154 0.2222222222222222
59254 1.0
59279 1.0
59430 1.0
59435 1.0
59460 1.0
59576 1.0
59581 1.0
59606 1.0
60030 1.0
60035 1.0
60055 0.5
60056 0.5
60151 1.0
60176 1.0
60181 1.0
60201 1.0
60206 1.0
60302 1.0
60327 1.0
60428 1.0
60776 1.0
60801 0.6666666666666666
60802 0.3333333333333333
60902 0.8333333333333334
60903 0.16666666666666666
60927 1.0
61028 0.8333333333333334
61029 0.16666666666666666
61053 1.0
61502 1.0
61527 0.8333333333333334
61528 0.16666666666666666
61653 0.92
61654 0.08
61779 1.0
62026 1.0
62127 1.0
62253 0.6
62254 0.4
62278 0.9166666666666666
62279 0.08333333333333333
62379 1.0
62404 1.0
62550 1.0
62555 1.0
62560 1.0
62575 1.0
62600 0.9583333333333334
62601 0.041666666666666664
62605 1.0
62726 1.0
63175 1.0
63200 1.0
63225 1.0
63301 1.0
63326 0.9583333333333334
63327 0.041666666666666664
63351 1.0
63427 1.0
63452 1.0
63553 1.0
63775 1.0
63800 1.0
63901 0.8333333333333334
63902 0.16666666666666666
64027 0.6666666666666666
64028 0.3333333333333333
64052 0.9
64053 0.1
64077 1.0
64153 1.0
64178 1.0
64279 1.0
64502 1.0
64526 0.5
64527 0.5
64627 1.0
64652 1.0
64778 1.0
64879 1.0
64904 1.0
65126 0.75
65127 0.25
65252 1.0
65378 1.0
65403 1.0
65504 1.0
65529 1.0
65675 1.0
65680 1.0
65685 1.0
65700 1.0
65725 1.0
65730 1.0
65735 1.0
65826 1.0
65851 1.0
66275 1.0
66300 1.0
66325 1.0
66426 1.0
66451 0.92
66452 0.08
66476 1.0
66552 1.0
66577 0.9090909090909091
66578 0.09090909090909091
66900 1.0
67026 1.0
67052 1.0
67076 1.0
67152 0.8
67153 0.2
67177 0.8571428571428571
67178 0.14285714285714285
67202 1.0
67278 1.0
67303 1.0
67404 1.0
67626 0.5
67627 0.5
67651 1.0
67752 1.0
67777 1.0
67903 0.9090909090909091
67904 0.09090909090909091
67928 1.0
68029 1.0
68251 1.0
68377 1.0
68503 1.0
68528 0.75
68529 0.25
68629 1.0
68654 1.0
68800 1.0
68805 1.0
68810 1.0
68825 1.0
68830 1.0
68835 1.0
68855 0.95
68856 0.05
68951 1.0
68976 1.0
68981 1.0
69425 1.0
69430 1.0
69526 1.0
69551 1.0
69576 0.9615384615384616
69577 0.038461538461538464
69601 1.0
69677 1.0
69702 1.0
70025 1.0
70151 0.8888888888888888
70152 0.1111111111111111
70176 1.0
70201 1.0
70277 1.0
70302 0.9285714285714286
70303 0.07142857142857142
70403 1.0
70428 1.0
70776 1.0
70877 1.0
70902 1.0
71003 1.0
71028 0.8571428571428571
71029 0.14285714285714285
71053 1.0
71129 1.0
71154 1.0
71376 0.6666666666666666
71377 0.3333333333333333
71502 1.0
71628 0.8571428571428571
71629 0.14285714285714285
71653 1.0
71754 1.0
71779 1.0
71910 1.0
71925 1.0
71930 1.0
71935 1.0
71955 1.0
71960 1.0
71980 0.9411764705882353
71981 0.058823529411764705
71985 1.0
72076 1.0
72081 1.0
72101 1.0
72106 1.0
72530 1.0
72550 1.0
72676 0.8333333333333334
72677 0.16666666666666666
72701 1.0
72706 1.0
72802 1.0
72827 0.6666666666666666
72828 0.3333333333333333
72928 1.0
73276 1.0
73402 1.0
73427 0.9583333333333334
73428 0.041666666666666664
73528 1.0
73553 1.0
73901 1.0
74002 1.0
74027 1.0
74052 1.0
74153 0.875
74154 0.125
74279 1.0
74501 0.6666666666666666
74502 0.3333333333333333
74627 1.0
74753 0.8571428571428571
74754 0.14285714285714285
74778 0.875
74779 0.125
74879 1.0
74904 1.0
75035 1.0
75055 1.0
75060 1.0
75080 1.0
75085 1.0
75105 0.9090909090909091
75106 0.09090909090909091
75110 1.0
75176 1.0
75201 1.0
75206 1.0
75226 1.0
75231 1.0
75650 1.0
75776 1.0
75801 1.0
75826 1.0
75831 1.0
75927 1.0
75952 1.0
76053 1.0
76275 0.5
76276 0.5
76401 1.0
76427 1.0
76451 1.0
76527 0.6
76528 0.4
76552 0.8666666666666667
76553 0.13333333333333333
76653 1.0
76678 1.0
77001 1.0
77026 1.0
77127 1.0
77152 0.6666666666666666
77153 0.3333333333333333
77278 0.8571428571428571
77279 0.14285714285714285
77303 1.0
77404 1.0
77752 1.0
77878 0.8333333333333334
77879 0.16666666666666666
77903 0.625
77904 0.375
78004 1.0
78029 1.0
