0 0.9333333333333333
1 0.06666666666666667
6 1.0
25 0.9473684210526315
26 0.05263157894736842
31 1.0
37 1.0
43 1.0
49 1.0
50 1.0
56 0.99
57 0.01
62 0.95625
63 0.04375
68 0.9870967741935484
69 0.012903225806451613
74 1.0
75 0.9642857142857143
76 0.03571428571428571
81 0.9661016949152542
82 0.03389830508474576
87 0.9929577464788732
88 0.007042253521126761
93 1.0
99 1.0
100 0.9726027397260274
101 0.0273972602739726
106 0.9819819819819819
107 0.018018018018018018
112 1.0
125 0.8888888888888888
126 0.1111111111111111
131 1.0
137 1.0
143 0.9459459459459459
144 0.05405405405405406
149 1.0
156 1.0
162 0.9473684210526315
163 0.05263157894736842
168 0.9420289855072463
169 0.057971014492753624
174 1.0
187 0.9166666666666666
188 0.08333333333333333
193 0.9425287356321839
194 0.05747126436781609
199 1.0
250 1.0
256 0.9285714285714286
257 0.07142857142857142
262 0.9705882352941176
263 0.029411764705882353
268 0.9310344827586207
269 0.06896551724137931
274 1.0
293 1.0
299 1.0
375 1.0
381 1.0
387 1.0
393 0.9512195121951219
394 0.04878048780487805
399 1.0
506 1.0
512 0.9333333333333333
513 0.06666666666666667
518 0.9705882352941176
519 0.029411764705882353
524 1.0
