50 1.0
55 1.0
60 1.0
80 1.0
85 1.0
100 1.0
105 1.0
110 1.0
156 1.0
176 1.0
181 1.0
186 1.0
201 1.0
206 1.0
211 1.0
226 1.0
231 1.0
236 1.0
267 1.0
307 1.0
312 1.0
317 1.0
327 1.0
393 1.0
413 1.0
418 1.0
438 1.0
655 1.0
776 1.0
781 1.0
801 1.0
806 1.0
831 1.0
892 1.0
902 1.0
907 1.0
927 1.0
932 1.0
952 1.0
1033 1.0
1038 1.0
1043 1.0
1053 1.0
1058 1.0
1144 1.0
1149 1.0
1164 1.0
1401 1.0
1502 1.0
1527 1.0
1532 1.0
1653 0.9583333333333334
1654 0.041666666666666664
1658 1.0
1678 1.0
1769 1.0
1779 1.0
2001 1.0
2006 1.0
2127 1.0
2253 0.8571428571428571
2254 0.14285714285714285
2258 0.6666666666666666
2259 0.3333333333333333
2268 1.0
2278 1.0
2283 1.0
2379 1.0
2384 1.0
2389 1.0
2394 1.0
2399 1.0
2404 1.0
2409 1.0
2752 1.0
2762 1.0
2767 1.0
2772 1.0
2878 0.8571428571428571
2879 0.14285714285714285
2883 1.0
2888 1.0
3004 1.0
3009 1.0
3014 1.0
3019 1.0
3024 1.0
3160 1.0
3185 1.0
3210 1.0
3281 1.0
3286 1.0
3291 1.0
3306 0.6666666666666666
3307 0.3333333333333333
3311 1.0
3331 1.0
3336 1.0
3356 1.0
3361 1.0
3412 1.0
3417 1.0
3432 1.0
3437 1.0
3452 1.0
3457 1.0
3523 1.0
3543 1.0
3780 1.0
3881 1.0
3906 1.0
3931 1.0
3956 1.0
4017 1.0
4022 1.0
4027 1.0
4032 1.0
4052 1.0
4057 1.0
4143 1.0
4153 1.0
4158 1.0
4163 0.9
4164 0.1
4168 1.0
4178 1.0
4183 1.0
4274 1.0
4526 1.0
4627 1.0
4637 1.0
4652 1.0
4778 0.9411764705882353
4779 0.058823529411764705
4783 1.0
4788 1.0
4889 1.0
4894 1.0
4899 1.0
4904 1.0
4909 1.0
5131 1.0
5252 1.0
5257 1.0
5378 1.0
5383 1.0
5388 1.0
5403 1.0
5408 1.0
5413 1.0
5504 1.0
5509 1.0
5514 1.0
5524 1.0
5529 1.0
5534 1.0
5539 1.0
5877 0.6666666666666666
5878 0.3333333333333333
5882 1.0
5892 1.0
6003 1.0
6008 1.0
6013 1.0
6129 1.0
6134 1.0
6139 1.0
6144 1.0
6149 1.0
6285 1.0
6391 1.0
6406 1.0
6411 1.0
6416 1.0
6436 1.0
6456 1.0
6461 1.0
6517 1.0
6537 1.0
6557 1.0
6562 1.0
6567 1.0
6582 1.0
6587 1.0
6648 1.0
6663 1.0
6668 1.0
6688 1.0
6693 1.0
6774 1.0
7011 1.0
7031 1.0
7137 1.0
7182 1.0
7263 1.0
7268 1.0
7273 1.0
7278 1.0
7283 1.0
7288 1.0
7293 1.0
7303 1.0
7308 1.0
7394 1.0
7399 1.0
7631 1.0
7656 1.0
7752 1.0
7757 1.0
7762 1.0
7767 1.0
7777 1.0
7782 1.0
7787 1.0
7883 1.0
7888 1.0
7893 1.0
7898 1.0
7903 1.0
7908 1.0
7913 1.0
8014 1.0
8019 1.0
8034 1.0
8251 1.0
8256 1.0
8377 1.0
8382 1.0
8387 1.0
8392 1.0
8503 0.5
8504 0.5
8508 1.0
8513 1.0
8528 1.0
8533 1.0
8629 1.0
8634 1.0
8639 1.0
8644 1.0
8649 1.0
8654 1.0
8881 1.0
9002 1.0
9007 1.0
9012 1.0
9128 1.0
9138 1.0
9254 1.0
9259 1.0
9264 1.0
9269 1.0
9274 1.0
9410 1.0
9511 1.0
9536 1.0
9541 1.0
9561 1.0
9586 1.0
9662 1.0
9682 1.0
9687 0.8888888888888888
9688 0.1111111111111111
9692 1.0
9712 1.0
9773 1.0
9788 1.0
9793 1.0
9798 1.0
9899 1.0
9919 1.0
10131 1.0
10161 1.0
10262 1.0
10267 1.0
10272 1.0
10282 1.0
10287 1.0
10307 1.0
10312 1.0
10393 1.0
10408 1.0
10413 1.0
10433 1.0
10519 1.0
10524 1.0
10539 1.0
10544 1.0
10756 0.6666666666666666
10757 0.3333333333333333
10761 1.0
10882 1.0
10892 1.0
10907 1.0
11028 0.9166666666666666
11029 0.08333333333333333
11033 1.0
11038 1.0
11139 1.0
11144 1.0
11149 1.0
11154 1.0
11159 1.0
11507 1.0
11517 1.0
11628 1.0
11633 1.0
11638 0.5
11639 0.5
11653 1.0
11658 1.0
11754 1.0
11759 1.0
11764 1.0
11774 1.0
11779 1.0
11784 1.0
12006 1.0
12127 1.0
12137 1.0
12253 0.75
12254 0.25
12258 1.0
12263 1.0
12379 1.0
12384 1.0
12389 1.0
12394 1.0
12399 1.0
12641 1.0
12646 1.0
12661 1.0
12666 1.0
12686 1.0
12691 1.0
12711 1.0
12767 1.0
12772 1.0
12782 1.0
12787 1.0
12792 1.0
12807 1.0
12812 1.0
12817 1.0
12837 1.0
12893 1.0
12908 1.0
12918 1.0
12938 1.0
13024 1.0
13261 1.0
13266 1.0
13387 1.0
13392 1.0
13407 1.0
13412 1.0
13432 1.0
13518 1.0
13523 1.0
13533 1.0
13538 1.0
13543 1.0
13558 1.0
13644 1.0
13649 1.0
13664 1.0
13669 1.0
13881 1.0
13891 1.0
14002 1.0
14007 1.0
14017 1.0
14032 1.0
14138 1.0
14143 1.0
14153 0.8
14154 0.2
14158 1.0
14163 1.0
14259 1.0
14264 1.0
14269 1.0
14274 1.0
14279 1.0
14284 1.0
14289 1.0
14511 1.0
14627 1.0
14632 1.0
14642 1.0
14657 1.0
14753 1.0
14758 1.0
14763 1.0
14768 1.0
14778 1.0
14783 1.0
14879 1.0
14884 1.0
14889 1.0
14894 1.0
14899 1.0
14904 1.0
14909 1.0
15257 1.0
15262 1.0
15378 1.0
15383 1.0
15504 1.0
15509 1.0
15514 1.0
15519 1.0
15655 1.0
15675 1.0
15680 1.0
15685 1.0
15700 1.0
15705 1.0
15725 1.0
15730 1.0
15735 1.0
15826 0.8461538461538461
15827 0.15384615384615385
15831 1.0
15851 1.0
15952 1.0
16275 1.0
16300 1.0
16401 1.0
16426 1.0
16451 1.0
16527 1.0
16552 0.9642857142857143
16553 0.03571428571428571
16577 1.0
16653 1.0
16678 1.0
16779 1.0
17001 1.0
17026 1.0
17127 1.0
17152 1.0
17253 1.0
17278 1.0
17379 1.0
17404 1.0
17752 1.0
17878 0.9333333333333333
17879 0.06666666666666667
17903 1.0
18004 1.0
18377 1.0
18503 1.0
18629 1.0
18780 1.0
18785 1.0
18800 1.0
18805 1.0
18810 1.0
18825 1.0
18830 1.0
18850 1.0
18855 1.0
18901 1.0
18931 1.0
18951 0.7142857142857143
18952 0.2857142857142857
18956 0.9285714285714286
18957 0.07142857142857142
18981 1.0
19077 1.0
19082 1.0
19405 1.0
19526 1.0
19551 1.0
19576 1.0
19652 1.0
19677 0.9090909090909091
19678 0.09090909090909091
19702 1.0
19778 1.0
19803 1.0
20126 1.0
20151 1.0
20252 1.0
20277 0.8571428571428571
20278 0.14285714285714285
20403 1.0
20504 1.0
20529 1.0
20751 1.0
20877 1.0
21003 1.0
21129 1.0
21154 1.0
21376 1.0
21502 1.0
21628 1.0
21754 1.0
21910 1.0
21930 1.0
21935 1.0
21955 1.0
21960 1.0
22031 1.0
22051 1.0
22056 1.0
22076 1.0
22081 1.0
22086 1.0
22106 1.0
22111 1.0
22177 1.0
22182 1.0
22207 1.0
22651 1.0
22656 1.0
22777 1.0
22802 0.875
22803 0.125
22807 1.0
22827 1.0
22903 1.0
22928 1.0
23251 1.0
23276 1.0
23377 1.0
23402 1.0
23503 1.0
23528 0.9259259259259259
23529 0.07407407407407407
23629 1.0
23654 1.0
23876 1.0
24002 1.0
24128 1.0
24153 1.0
24254 1.0
24279 1.0
24501 1.0
24627 1.0
24753 1.0
24879 1.0
25030 1.0
25035 1.0
25060 1.0
25161 1.0
25181 1.0
25186 1.0
25206 0.9230769230769231
25207 0.07692307692307693
25211 1.0
25302 1.0
25307 1.0
25332 1.0
25776 1.0
25781 1.0
25807 1.0
25902 1.0
25927 1.0
25932 1.0
26028 1.0
26053 1.0
26058 1.0
26154 1.0
26376 1.0
26401 0.6666666666666666
26402 0.3333333333333333
26527 0.5
26528 0.5
26628 1.0
26653 0.8636363636363636
26654 0.13636363636363635
26754 1.0
26779 1.0
27001 1.0
27127 1.0
27253 0.8461538461538461
27254 0.15384615384615385
27278 1.0
27379 1.0
27626 1.0
27752 1.0
27878 1.0
28004 1.0
28155 1.0
28160 1.0
28281 1.0
28286 1.0
28306 1.0
28311 1.0
28331 0.875
28332 0.125
28336 0.875
28337 0.125
28341 1.0
28432 1.0
28457 1.0
28462 1.0
28901 1.0
28906 1.0
28931 1.0
29027 1.0
29032 1.0
29052 0.8333333333333334
29053 0.16666666666666666
29057 1.0
29082 1.0
29153 1.0
29178 1.0
29183 1.0
29501 1.0
29526 1.0
29627 1.0
29653 1.0
29778 0.9583333333333334
29779 0.041666666666666664
29879 1.0
29904 1.0
30252 1.0
30378 1.0
30403 0.75
30404 0.25
30504 1.0
30529 1.0
30877 1.0
31003 1.0
31129 1.0
31275 1.0
31300 1.0
31305 1.0
31310 1.0
31325 1.0
31330 1.0
31350 1.0
31355 1.0
31426 1.0
31451 1.0
31476 1.0
31900 1.0
31926 1.0
32026 1.0
32051 0.75
32052 0.25
32076 1.0
32152 1.0
32177 1.0
32202 1.0
32278 1.0
32303 1.0
32626 1.0
32651 1.0
32752 1.0
32777 1.0
32878 1.0
32903 1.0
33004 1.0
33029 1.0
33377 1.0
33503 1.0
33629 1.0
34002 1.0
34128 0.8181818181818182
34129 0.18181818181818182
34254 1.0
34400 1.0
34405 1.0
34430 1.0
34455 0.8
34456 0.2
34480 1.0
34485 1.0
34576 0.8888888888888888
34577 0.1111111111111111
34601 1.0
34702 1.0
35025 1.0
35151 1.0
35176 1.0
35201 1.0
35277 1.0
35302 0.9523809523809523
35303 0.047619047619047616
35327 1.0
35403 0.8
35404 0.2
35428 1.0
35751 0.6666666666666666
35752 0.3333333333333333
35776 1.0
35877 1.0
35902 1.0
36003 1.0
36028 0.9411764705882353
36029 0.058823529411764705
36129 1.0
36154 1.0
36502 1.0
36628 1.0
36754 1.0
37127 1.0
37253 1.0
37379 1.0
37530 1.0
37535 1.0
37555 1.0
37560 1.0
37580 1.0
37585 1.0
37605 1.0
37651 1.0
37676 1.0
37701 0.8333333333333334
37702 0.16666666666666666
37706 1.0
37731 1.0
37802 1.0
37827 1.0
38150 1.0
38276 1.0
38301 1.0
38326 1.0
38402 1.0
38427 1.0
38452 1.0
38528 1.0
38553 1.0
38901 1.0
39002 1.0
39027 0.6666666666666666
39028 0.3333333333333333
39128 0.6666666666666666
39129 0.3333333333333333
39153 0.9473684210526315
39154 0.05263157894736842
39254 1.0
39279 1.0
39501 1.0
39627 1.0
39753 0.9285714285714286
39754 0.07142857142857142
39879 1.0
40252 1.0
40378 0.6666666666666666
40379 0.3333333333333333
40504 1.0
40655 1.0
40660 1.0
40680 1.0
40685 1.0
40705 1.0
40710 1.0
40735 1.0
40801 1.0
40806 1.0
40826 1.0
40831 1.0
40856 1.0
40861 1.0
40952 1.0
41401 1.0
41427 1.0
41527 1.0
41552 1.0
41577 1.0
41653 1.0
41678 1.0
42001 1.0
42026 1.0
42127 1.0
42152 0.6666666666666666
42153 0.3333333333333333
42253 0.8
42254 0.2
42278 0.9090909090909091
42279 0.09090909090909091
42379 1.0
42404 1.0
42626 1.0
42752 1.0
42878 1.0
42903 1.0
43004 1.0
43377 1.0
43503 0.6
43504 0.4
43629 1.0
43805 1.0
43810 1.0
43830 1.0
43860 1.0
43906 1.0
43926 1.0
43931 1.0
43956 1.0
43961 1.0
43981 1.0
43986 1.0
44052 1.0
44077 1.0
44082 1.0
44405 1.0
44526 1.0
44551 1.0
44556 1.0
44652 1.0
44677 0.8571428571428571
44678 0.14285714285714285
44682 1.0
44702 1.0
44778 1.0
44803 1.0
44904 1.0
45151 1.0
45252 1.0
45277 1.0
45379 1.0
45403 0.8888888888888888
45404 0.1111111111111111
45504 1.0
45529 1.0
45877 1.0
46003 0.9230769230769231
46004 0.07692307692307693
46129 1.0
46154 1.0
46502 1.0
46628 0.8
46629 0.2
46754 1.0
46925 1.0
46930 1.0
46950 1.0
46960 1.0
46975 1.0
46980 1.0
46985 1.0
47076 1.0
47101 1.0
47202 1.0
47551 1.0
47651 1.0
47676 0.75
47677 0.25
47701 1.0
47777 1.0
47802 0.8
47803 0.2
47827 1.0
47903 1.0
47928 1.0
48029 1.0
48251 0.75
48252 0.25
48377 1.0
48403 1.0
48503 0.6666666666666666
48504 0.3333333333333333
48528 0.8181818181818182
48529 0.18181818181818182
48629 1.0
48654 1.0
49002 1.0
49128 1.0
49254 1.0
49627 1.0
49753 1.0
49879 1.0
50050 1.0
50055 1.0
50060 1.0
50075 1.0
50080 1.0
50100 1.0
50105 1.0
50110 1.0
50201 0.9166666666666666
50202 0.08333333333333333
50226 1.0
50327 1.0
50650 1.0
50776 1.0
50801 1.0
50902 1.0
50927 1.0
50952 1.0
51028 1.0
51053 1.0
51154 1.0
51401 1.0
51502 1.0
51527 1.0
51628 1.0
51653 0.9285714285714286
51654 0.07142857142857142
51754 1.0
51779 1.0
52127 1.0
52253 1.0
52379 1.0
52626 1.0
52752 1.0
52878 1.0
53004 1.0
53180 1.0
53205 1.0
53230 1.0
53235 1.0
53276 1.0
53301 1.0
53326 1.0
53351 1.0
53356 1.0
53452 1.0
53775 1.0
53800 1.0
53901 1.0
53926 0.6666666666666666
53927 0.3333333333333333
53951 1.0
54027 1.0
54052 0.9444444444444444
54053 0.05555555555555555
54077 1.0
54153 1.0
54178 1.0
54501 1.0
54526 1.0
54627 1.0
54652 1.0
54778 0.7368421052631579
54779 0.2631578947368421
54879 1.0
54904 1.0
55252 1.0
55378 0.8571428571428571
55379 0.14285714285714285
55504 1.0
55877 1.0
56003 1.0
56129 1.0
56305 1.0
56330 1.0
56335 1.0
56355 1.0
56360 1.0
56426 1.0
56431 1.0
56451 1.0
56456 1.0
56476 1.0
56481 1.0
56552 1.0
56577 1.0
56900 1.0
56905 1.0
57026 1.0
57051 0.8333333333333334
57052 0.16666666666666666
57076 1.0
57152 1.0
57177 0.9130434782608695
57178 0.08695652173913043
57202 1.0
57278 1.0
57303 1.0
57627 1.0
57651 1.0
57752 1.0
57777 0.6666666666666666
57778 0.3333333333333333
57878 1.0
57903 1.0
58004 1.0
58029 1.0
58251 1.0
58377 1.0
58503 0.6923076923076923
58504 0.3076923076923077
58629 1.0
59002 1.0
59128 1.0
59254 1.0
59430 1.0
59460 1.0
59551 1.0
59556 1.0
59576 1.0
59581 1.0
59606 1.0
59677 1.0
59702 1.0
60025 1.0
60030 1.0
60151 0.875
60152 0.125
60176 1.0
60277 1.0
60302 1.0
60327 1.0
60403 0.8888888888888888
60404 0.1111111111111111
60428 1.0
60529 1.0
60751 1.0
60877 1.0
60902 1.0
61003 0.75
61004 0.25
61028 1.0
61129 1.0
61154 1.0
61502 1.0
61628 0.875
61629 0.125
61754 1.0
62127 1.0
62253 1.0
62379 1.0
62550 1.0
62555 1.0
62575 1.0
62600 0.9333333333333333
62601 0.06666666666666667
62605 1.0
62701 1.0
62726 1.0
62827 1.0
63175 0.6666666666666666
63176 0.3333333333333333
63276 1.0
63301 1.0
63326 1.0
63402 1.0
63427 1.0
63452 1.0
63528 1.0
63553 1.0
63654 1.0
63901 1.0
64002 1.0
64128 1.0
64153 1.0
64254 1.0
64279 1.0
64627 1.0
64753 1.0
64879 1.0
65252 1.0
65378 1.0
65504 1.0
65675 1.0
65680 1.0
65700 1.0
65725 1.0
65730 1.0
65801 1.0
65826 1.0
65851 1.0
66275 1.0
66401 1.0
66426 1.0
66451 0.6666666666666666
66452 0.3333333333333333
66527 1.0
66552 0.9230769230769231
66553 0.07692307692307693
66577 1.0
66653 0.9
66654 0.1
66678 1.0
66779 1.0
67002 1.0
67026 1.0
67127 1.0
67152 1.0
67253 1.0
67278 0.875
67279 0.125
67379 1.0
67404 1.0
67752 1.0
67878 1.0
68004 1.0
68377 1.0
68503 1.0
68629 1.0
68800 1.0
68805 1.0
68810 1.0
68825 1.0
68830 1.0
68835 1.0
68850 1.0
68855 1.0
68951 0.8181818181818182
68952 0.18181818181818182
68976 1.0
68981 1.0
69077 1.0
69425 1.0
69526 1.0
69551 1.0
69576 0.3333333333333333
69577 0.6666666666666666
69652 1.0
69677 0.9
69678 0.1
69702 1.0
69778 1.0
69803 1.0
70126 0.6666666666666666
70127 0.3333333333333333
70151 1.0
70252 1.0
70277 1.0
70378 1.0
70403 1.0
70504 1.0
70529 1.0
70877 1.0
71003 1.0
71129 1.0
71376 1.0
71502 1.0
71628 1.0
71754 1.0
71905 1.0
71910 1.0
71925 1.0
71930 1.0
71935 1.0
71955 1.0
71960 1.0
71980 1.0
71985 1.0
72051 1.0
72076 1.0
72101 1.0
72106 1.0
72202 1.0
72525 0.5
72526 0.5
72651 1.0
72676 1.0
72777 0.8333333333333334
72778 0.16666666666666666
72802 1.0
72827 1.0
72903 1.0
72928 1.0
73029 1.0
73276 1.0
73377 0.8888888888888888
73378 0.1111111111111111
73402 1.0
73504 1.0
73528 0.9047619047619048
73529 0.09523809523809523
73629 1.0
73654 1.0
74002 1.0
74128 1.0
74254 1.0
74627 1.0
74753 1.0
74879 1.0
75030 1.0
75035 1.0
75050 1.0
75055 1.0
75080 0.7777777777777778
75081 0.2222222222222222
75085 1.0
75105 1.0
75176 1.0
75201 1.0
75206 1.0
75226 1.0
75231 1.0
75302 1.0
75327 1.0
75776 1.0
75801 1.0
75902 1.0
75927 1.0
75952 1.0
76028 1.0
76053 1.0
76154 1.0
76376 1.0
76502 1.0
76527 1.0
76628 0.75
76629 0.25
76653 0.8333333333333334
76654 0.16666666666666666
76754 1.0
76779 1.0
77001 1.0
77127 1.0
77253 0.6
77254 0.4
77379 1.0
77752 1.0
77878 1.0
78004 1.0
