62 1.0
143 1.0
161 0.125
162 0.875
167 0.6
168 0.4
186 0.05555555555555555
187 0.9444444444444444
193 1.0
206 1.0
211 0.047619047619047616
212 0.9523809523809523
237 1.0
274 1.0
287 1.0
292 0.14285714285714285
293 0.8571428571428571
306 1.0
311 0.04878048780487805
312 0.9512195121951219
317 0.3076923076923077
318 0.6923076923076923
331 1.0
336 0.1
337 0.9
393 1.0
399 1.0
412 1.0
417 0.16
418 0.84
424 1.0
437 1.0
442 0.25
443 0.75
518 1.0
523 0.0625
524 0.9375
543 1.0
548 0.5
549 0.5
668 1.0
687 1.0
693 1.0
768 1.0
786 0.08333333333333333
787 0.9166666666666666
792 0.1
793 0.9
811 0.058823529411764705
812 0.9411764705882353
817 1.0
837 1.0
893 1.0
899 1.0
912 1.0
917 0.21428571428571427
918 0.7857142857142857
924 1.0
931 1.0
936 0.038461538461538464
937 0.9615384615384616
942 0.26666666666666666
943 0.7333333333333333
962 1.0
1018 1.0
1024 1.0
1037 1.0
1043 1.0
1048 0.25
1049 0.75
1056 1.0
1061 0.3333333333333333
1062 0.6666666666666666
1067 0.3333333333333333
1068 0.6666666666666666
1143 1.0
1149 1.0
1168 1.0
1174 1.0
1287 1.0
1292 1.0
1393 1.0
1399 1.0
1412 1.0
1417 0.18181818181818182
1418 0.8181818181818182
1424 1.0
1437 1.0
1443 1.0
1462 1.0
1467 0.5
1468 0.5
1518 1.0
1524 1.0
1537 1.0
1542 0.09090909090909091
1543 0.9090909090909091
1549 1.0
1561 0.022727272727272728
1562 0.9772727272727273
1567 0.2857142857142857
1568 0.7142857142857143
1587 1.0
1593 1.0
1643 1.0
1649 1.0
1662 1.0
1667 0.043478260869565216
1668 0.9565217391304348
1673 0.25
1674 0.75
1681 1.0
1687 1.0
1692 0.2857142857142857
1693 0.7142857142857143
1768 1.0
1774 1.0
1787 1.0
1793 1.0
1799 1.0
1918 1.0
2012 1.0
2018 1.0
2037 1.0
2042 0.18181818181818182
2043 0.8181818181818182
2062 1.0
2067 0.3333333333333333
2068 0.6666666666666666
2093 1.0
2137 1.0
2143 1.0
2149 1.0
2161 0.1111111111111111
2162 0.8888888888888888
2167 0.1
2168 0.9
2187 1.0
2192 0.15384615384615385
2193 0.8461538461538461
2212 1.0
2268 1.0
2274 1.0
2287 1.0
2292 0.02564102564102564
2293 0.9743589743589743
2298 0.5
2299 0.5
2312 1.0
2318 1.0
2393 1.0
2399 1.0
2418 1.0
2424 1.0
2643 1.0
2649 1.0
2662 1.0
2667 0.2
2668 0.8
2687 1.0
2692 0.5
2693 0.5
2768 1.0
2774 1.0
2787 1.0
2792 0.08333333333333333
2793 0.9166666666666666
2812 1.0
2817 0.058823529411764705
2818 0.9411764705882353
2837 1.0
2843 1.0
2893 1.0
2898 0.16666666666666666
2899 0.8333333333333334
2912 1.0
2917 0.04878048780487805
2918 0.9512195121951219
2923 0.2857142857142857
2924 0.7142857142857143
2937 1.0
2942 0.2857142857142857
2943 0.7142857142857143
3018 1.0
3023 0.047619047619047616
3024 0.9523809523809523
3043 1.0
3048 0.3333333333333333
3049 0.6666666666666666
3156 1.0
3161 0.2857142857142857
3162 0.7142857142857143
3181 1.0
3187 1.0
3206 1.0
3211 0.16666666666666666
3212 0.8333333333333334
3231 1.0
3236 0.16666666666666666
3237 0.8333333333333334
3281 1.0
3306 1.0
3311 0.5555555555555556
3312 0.4444444444444444
3330 0.018691588785046728
3331 0.9813084112149533
3336 0.37142857142857144
3337 0.6285714285714286
3356 1.0
3361 0.3333333333333333
3362 0.6666666666666666
3431 1.0
3436 1.0
3450 1.0
3455 0.04
3456 0.96
3462 1.0
3781 1.0
3787 1.0
3793 1.0
3806 1.0
3811 0.125
3812 0.875
3831 1.0
3856 1.0
3862 1.0
3906 1.0
3912 1.0
3931 1.0
3936 0.2727272727272727
3937 0.7272727272727273
3956 1.0
3961 0.1590909090909091
3962 0.8409090909090909
3981 1.0
3987 1.0
4056 1.0
4061 0.6666666666666666
4062 0.3333333333333333
4080 0.09090909090909091
4081 0.9090909090909091
4086 0.42857142857142855
4087 0.5714285714285714
4411 0.1111111111111111
4412 0.8888888888888888
4418 1.0
4431 1.0
4437 1.0
4443 1.0
4462 1.0
4487 1.0
4531 1.0
4536 0.16666666666666666
4537 0.8333333333333334
4556 1.0
4561 0.22727272727272727
4562 0.7727272727272727
4581 1.0
4586 0.16666666666666666
4587 0.8333333333333334
4606 1.0
4611 0.25
4612 0.75
4681 1.0
4686 0.15
4687 0.85
4706 1.0
4712 1.0
5037 1.0
5043 1.0
5062 1.0
5156 1.0
5161 0.18181818181818182
5162 0.8181818181818182
5181 1.0
5186 0.21875
5187 0.78125
5206 1.0
5211 0.14814814814814814
5212 0.8518518518518519
5237 1.0
5306 1.0
5311 0.17391304347826086
5312 0.8260869565217391
5331 1.0
5336 0.21428571428571427
5337 0.7857142857142857
5662 1.0
5668 1.0
5687 1.0
5781 1.0
5786 0.09090909090909091
5787 0.9090909090909091
5793 1.0
5806 1.0
5811 0.10526315789473684
5812 0.8947368421052632
5818 1.0
5831 1.0
5836 0.01818181818181818
5837 0.9818181818181818
5842 0.3333333333333333
5843 0.6666666666666666
5862 1.0
5912 1.0
5931 1.0
5936 0.2391304347826087
5937 0.7608695652173914
5956 1.0
5961 0.043478260869565216
5962 0.9565217391304348
6056 1.0
6281 1.0
6287 1.0
6305 0.047619047619047616
6306 0.9523809523809523
6311 0.3333333333333333
6312 0.6666666666666666
6331 1.0
6337 1.0
6355 0.017543859649122806
6356 0.9824561403508771
6361 1.0
6425 1.0
6430 0.2222222222222222
6431 0.7777777777777778
6450 1.0
6455 0.19696969696969696
6456 0.803030303030303
6475 1.0
6480 0.32
6481 0.68
6575 1.0
6580 1.0
6906 1.0
6911 0.5
6912 0.5
6930 0.038461538461538464
6931 0.9615384615384616
6936 0.14285714285714285
6937 0.8571428571428571
6956 1.0
6962 1.0
6981 1.0
6986 0.25
6987 0.75
7056 1.0
7075 1.0
7080 0.0625
7081 0.9375
7086 1.0
7105 0.08108108108108109
7106 0.918918918918919
7200 1.0
7205 0.16666666666666666
7206 0.8333333333333334
7531 1.0
7536 0.3333333333333333
7537 0.6666666666666666
7556 1.0
7561 0.2
7562 0.8
7581 1.0
7586 0.3333333333333333
7587 0.6666666666666666
7606 1.0
7611 0.2
7612 0.8
7656 1.0
7680 0.07692307692307693
7681 0.9230769230769231
7705 0.07207207207207207
7706 0.9279279279279279
7711 0.3333333333333333
7712 0.6666666666666666
7731 1.0
7737 1.0
7806 1.0
7825 1.0
7830 0.3
7831 0.7
8156 1.0
8161 0.14285714285714285
8162 0.8571428571428571
8181 1.0
8186 0.18181818181818182
8187 0.8181818181818182
8206 1.0
8212 1.0
8236 0.25
8237 0.75
8281 1.0
8286 1.0
8306 1.0
8311 1.0
8331 1.0
8336 0.21739130434782608
8337 0.782608695652174
8356 1.0
8361 0.4
8362 0.6
8425 1.0
8431 1.0
8450 1.0
8455 0.24
8456 0.76
8781 1.0
8786 0.16666666666666666
8787 0.8333333333333334
8806 1.0
8811 0.06666666666666667
8812 0.9333333333333333
8837 1.0
8862 1.0
8906 1.0
8931 1.0
8936 0.5
8937 0.5
8956 1.0
8961 0.16666666666666666
8962 0.8333333333333334
8981 1.0
8987 1.0
9055 0.14285714285714285
9056 0.8571428571428571
9080 0.07692307692307693
9081 0.9230769230769231
9425 1.0
9430 0.14285714285714285
9431 0.8571428571428571
9437 1.0
9450 1.0
9455 0.2
9456 0.8
9462 1.0
9475 1.0
9480 0.07317073170731707
9481 0.926829268292683
9486 0.3333333333333333
9487 0.6666666666666666
9550 1.0
9575 1.0
9580 0.631578947368421
9581 0.3684210526315789
9600 1.0
9605 0.4166666666666667
9606 0.5833333333333334
9700 1.0
10031 1.0
10036 1.0
10055 0.047619047619047616
10056 0.9523809523809523
10061 0.2857142857142857
10062 0.7142857142857143
10081 1.0
10087 1.0
10106 1.0
10111 0.16666666666666666
10112 0.8333333333333334
10180 0.6666666666666666
10181 0.3333333333333333
10200 1.0
10205 0.4318181818181818
10206 0.5681818181818182
10225 1.0
10230 0.28
10231 0.72
10325 1.0
10656 1.0
10680 0.04
10681 0.96
10686 0.14285714285714285
10687 0.8571428571428571
10706 1.0
10711 0.2
10712 0.8
10731 1.0
10736 0.42857142857142855
10737 0.5714285714285714
10800 1.0
10805 0.5
10806 0.5
10825 1.0
10830 0.21739130434782608
10831 0.782608695652174
10855 0.27586206896551724
10856 0.7241379310344828
10950 1.0
10955 1.0
11281 1.0
11287 1.0
11306 1.0
11311 0.07142857142857142
11312 0.9285714285714286
11331 1.0
11336 0.14285714285714285
11337 0.8571428571428571
11356 1.0
11361 0.25
11362 0.75
11425 1.0
11430 0.1111111111111111
11431 0.8888888888888888
11450 1.0
11455 0.04854368932038835
11456 0.9514563106796117
11462 1.0
11480 0.030303030303030304
11481 0.9696969696969697
11486 0.5
11487 0.5
11575 1.0
11906 1.0
11931 1.0
11937 1.0
11956 1.0
11962 1.0
11981 1.0
11987 1.0
12031 1.0
12055 0.23529411764705882
12056 0.7647058823529411
12075 1.0
12080 0.058823529411764705
12081 0.9411764705882353
12086 0.4
12087 0.6
12106 1.0
12111 0.16666666666666666
12112 0.8333333333333334
12180 1.0
12200 1.0
12205 0.1111111111111111
12206 0.8888888888888888
12531 1.0
12550 1.0
12556 1.0
12561 0.3333333333333333
12562 0.6666666666666666
12575 1.0
12580 0.3888888888888889
12581 0.6111111111111112
12586 1.0
12600 1.0
12605 0.1566265060240964
12606 0.8433734939759037
12612 1.0
12675 1.0
12700 1.0
12705 1.0
12725 1.0
12730 1.0
12825 1.0
13156 1.0
13175 1.0
13180 0.13043478260869565
13181 0.8695652173913043
13186 0.2
13187 0.8
13205 0.1
13206 0.9
13225 1.0
13230 0.0449438202247191
13231 0.9550561797752809
13237 1.0
13300 1.0
13325 1.0
13330 0.8333333333333334
13331 0.16666666666666666
13350 1.0
13355 0.6153846153846154
13356 0.38461538461538464
13450 1.0
13781 1.0
13787 1.0
13800 1.0
13805 0.125
13806 0.875
13812 1.0
13831 1.0
13837 1.0
13856 1.0
13861 0.16666666666666666
13862 0.8333333333333334
13925 1.0
13950 1.0
13955 0.4117647058823529
13956 0.5882352941176471
13975 1.0
13980 0.25
13981 0.75
14075 1.0
14406 1.0
14412 1.0
14430 0.03333333333333333
14431 0.9666666666666667
14436 0.1111111111111111
14437 0.8888888888888888
14456 1.0
14461 0.3333333333333333
14462 0.6666666666666666
14481 1.0
14487 1.0
14550 1.0
14575 1.0
14580 0.2153846153846154
14581 0.7846153846153846
14600 1.0
14605 0.05555555555555555
14606 0.9444444444444444
14700 1.0
15031 1.0
15037 1.0
15056 1.0
15061 0.125
15062 0.875
15081 1.0
15086 0.2222222222222222
15087 0.7777777777777778
15106 1.0
15111 0.14285714285714285
15112 0.8571428571428571
15175 1.0
15181 1.0
15200 1.0
15205 0.24358974358974358
15206 0.7564102564102564
15230 0.04878048780487805
15231 0.9512195121951219
15300 1.0
15325 1.0
