272 1.0
523 0.6571428571428571
524 0.34285714285714286
897 1.0
1148 0.4146341463414634
1149 0.5853658536585366
1521 0.1
1522 0.9
1773 0.5555555555555556
1774 0.4444444444444444
2146 0.3333333333333333
2147 0.6666666666666666
2398 0.41025641025641024
2399 0.5897435897435898
2772 1.0
3023 0.2702702702702703
3024 0.7297297297297297
3396 0.25
3397 0.75
3648 0.5454545454545454
3649 0.45454545454545453
4021 0.5
4022 0.5
4273 0.5384615384615384
4274 0.46153846153846156
4646 0.3333333333333333
4647 0.6666666666666666
4898 0.53125
4899 0.46875
5271 0.2857142857142857
5272 0.7142857142857143
5523 0.5135135135135135
5524 0.4864864864864865
5896 0.09090909090909091
5897 0.9090909090909091
6148 0.3333333333333333
6149 0.6666666666666666
6521 0.2857142857142857
6522 0.7142857142857143
6773 0.4166666666666667
6774 0.5833333333333334
7146 0.2222222222222222
7147 0.7777777777777778
7398 0.3055555555555556
7399 0.6944444444444444
7771 0.2727272727272727
7772 0.6363636363636364
7773 0.09090909090909091
8023 0.3783783783783784
8024 0.6216216216216216
8396 0.14285714285714285
8397 0.8571428571428571
8648 0.42105263157894735
8649 0.5789473684210527
9021 0.18181818181818182
9022 0.8181818181818182
9273 0.35135135135135137
9274 0.6486486486486487
9646 0.42857142857142855
9647 0.5714285714285714
9898 0.32432432432432434
9899 0.6756756756756757
10271 0.09090909090909091
10272 0.9090909090909091
10523 0.3958333333333333
10524 0.6041666666666666
10896 0.25
10897 0.75
11148 0.2972972972972973
11149 0.7027027027027027
11521 0.16666666666666666
11522 0.8333333333333334
11773 0.5
11774 0.5
12147 1.0
12398 0.34375
12399 0.65625
12771 0.2
12772 0.8
13023 0.42105263157894735
13024 0.5789473684210527
13396 0.09090909090909091
13397 0.9090909090909091
13648 0.3333333333333333
13649 0.6666666666666666
14021 0.14285714285714285
14022 0.8571428571428571
14273 0.4222222222222222
14274 0.5777777777777777
14647 1.0
14898 0.40540540540540543
14899 0.5945945945945946
15272 1.0
15523 0.34146341463414637
15524 0.6585365853658537
15896 0.8571428571428571
15897 0.14285714285714285
16147 0.25
16148 0.75
16521 0.7272727272727273
16522 0.2727272727272727
16772 0.14545454545454545
16773 0.8545454545454545
17146 0.8571428571428571
17147 0.14285714285714285
17397 0.13636363636363635
17398 0.8636363636363636
17771 0.375
17772 0.625
18022 0.15789473684210525
18023 0.8421052631578947
18396 0.4
18397 0.6
18647 0.12727272727272726
18648 0.8545454545454545
18649 0.01818181818181818
19021 0.5555555555555556
19022 0.4444444444444444
19272 0.0967741935483871
19273 0.9032258064516129
19646 0.6
19647 0.4
19897 0.1
19898 0.9
20271 1.0
20522 0.2
20523 0.8
20896 0.7692307692307693
20897 0.23076923076923078
21147 0.11428571428571428
21148 0.8857142857142857
21521 0.875
21522 0.125
21772 0.11904761904761904
21773 0.8809523809523809
22146 0.7647058823529411
22147 0.23529411764705882
22397 0.27906976744186046
22398 0.7209302325581395
22771 0.5
22772 0.5
23022 0.1282051282051282
23023 0.8717948717948718
23396 0.8888888888888888
23397 0.1111111111111111
23647 0.21951219512195122
23648 0.7804878048780488
24021 0.875
24022 0.125
24272 0.1111111111111111
24273 0.8888888888888888
24646 0.625
24647 0.375
24897 0.175
24898 0.8
24899 0.025
25271 0.6666666666666666
25272 0.3333333333333333
25522 0.0975609756097561
25523 0.9024390243902439
25896 0.6666666666666666
25897 0.3333333333333333
26147 0.08571428571428572
26148 0.9142857142857143
26521 0.75
26522 0.25
26772 0.15151515151515152
26773 0.8484848484848485
27146 0.4
27147 0.6
27397 0.1282051282051282
27398 0.8717948717948718
27771 0.6666666666666666
27772 0.3333333333333333
28022 0.10256410256410256
28023 0.8974358974358975
28396 1.0
28647 0.2619047619047619
28648 0.7380952380952381
29021 1.0
29272 0.2608695652173913
29273 0.717391304347826
29274 0.021739130434782608
29646 0.8
29647 0.2
29897 0.1388888888888889
29898 0.8611111111111112
30271 1.0
30522 0.057692307692307696
30523 0.9423076923076923
30896 0.5
30897 0.5
31147 0.038461538461538464
31148 0.9230769230769231
31149 0.038461538461538464
31521 1.0
31772 1.0
32146 1.0
32397 0.813953488372093
32398 0.18604651162790697
32771 1.0
33022 0.8205128205128205
33023 0.1794871794871795
33396 1.0
33647 0.7441860465116279
33648 0.2558139534883721
34021 0.9166666666666666
34022 0.08333333333333333
34272 0.7021276595744681
34273 0.2978723404255319
34646 1.0
34897 0.6764705882352942
34898 0.3235294117647059
35271 1.0
35522 0.7962962962962963
35523 0.2037037037037037
35896 1.0
36147 0.7222222222222222
36148 0.2777777777777778
36521 1.0
36772 0.7446808510638298
36773 0.2553191489361702
37146 1.0
37397 0.7
37398 0.3
37771 1.0
38022 0.7878787878787878
38023 0.21212121212121213
38396 1.0
38647 0.9375
38648 0.0625
39021 1.0
39272 0.75
39273 0.25
39646 1.0
39897 0.7692307692307693
39898 0.23076923076923078
40271 1.0
40522 0.7567567567567568
40523 0.24324324324324326
40896 1.0
41147 0.8823529411764706
41148 0.11764705882352941
41521 1.0
41772 0.7804878048780488
41773 0.21951219512195122
42146 1.0
42397 0.7804878048780488
42398 0.21951219512195122
42771 1.0
43022 0.7551020408163265
43023 0.24489795918367346
43396 1.0
43647 0.7543859649122807
43648 0.24561403508771928
44021 1.0
44272 0.8536585365853658
44273 0.14634146341463414
44646 1.0
44897 0.8333333333333334
44898 0.16666666666666666
45271 1.0
45522 0.7435897435897436
45523 0.2564102564102564
45896 1.0
46147 0.7741935483870968
46148 0.22580645161290322
46521 1.0
46772 0.7692307692307693
46773 0.23076923076923078
47146 1.0
47396 0.046511627906976744
47397 0.9534883720930233
47771 1.0
48021 0.05555555555555555
48022 0.9444444444444444
48396 1.0
48646 0.0425531914893617
48647 0.9574468085106383
49021 1.0
49271 0.14
49272 0.86
49646 1.0
49896 0.016666666666666666
49897 0.9833333333333333
50271 1.0
50521 0.13953488372093023
50522 0.8604651162790697
50895 0.2
50896 0.8
51147 1.0
51521 1.0
51771 0.07894736842105263
51772 0.9210526315789473
52146 1.0
52397 1.0
52770 0.14285714285714285
52771 0.8571428571428571
53021 0.06382978723404255
53022 0.9361702127659575
53396 1.0
53646 0.15151515151515152
53647 0.8484848484848485
54021 1.0
54271 0.06976744186046512
54272 0.9302325581395349
54646 1.0
54896 0.034482758620689655
54897 0.9655172413793104
55271 1.0
55521 0.05714285714285714
55522 0.9428571428571428
55896 1.0
56147 1.0
56521 1.0
56771 0.022727272727272728
56772 0.9772727272727273
57146 1.0
57396 0.08333333333333333
57397 0.9166666666666666
57770 0.125
57771 0.875
58021 0.02702702702702703
58022 0.972972972972973
58396 1.0
58646 0.06666666666666667
58647 0.9333333333333333
59021 1.0
59272 0.9743589743589743
59273 0.02564102564102564
59646 1.0
59897 1.0
60270 0.1
60271 0.9
60521 0.02631578947368421
60522 0.9736842105263158
60896 1.0
61146 0.0425531914893617
61147 0.9574468085106383
61521 1.0
61772 0.9705882352941176
61773 0.029411764705882353
62146 1.0
62397 0.9772727272727273
62398 0.022727272727272728
62770 0.42857142857142855
62771 0.5714285714285714
63021 0.6666666666666666
63022 0.3333333333333333
63395 0.5
63396 0.5
63646 0.5510204081632653
63647 0.4489795918367347
64020 0.45454545454545453
64021 0.5454545454545454
64271 0.4878048780487805
64272 0.5121951219512195
64645 0.3333333333333333
64646 0.6666666666666666
64896 0.5
64897 0.5
65270 0.5714285714285714
65271 0.42857142857142855
65521 0.29411764705882354
65522 0.7058823529411765
65895 0.5
65896 0.5
66146 0.5813953488372093
66147 0.4186046511627907
66520 0.16666666666666666
66521 0.8333333333333334
66771 0.46808510638297873
66772 0.5319148936170213
67145 0.36363636363636365
67146 0.6363636363636364
67396 0.37142857142857144
67397 0.6285714285714286
67770 0.42857142857142855
67771 0.5714285714285714
68021 0.5714285714285714
68022 0.42857142857142855
68395 0.25
68396 0.75
68646 0.375
68647 0.625
69020 0.75
69021 0.25
69271 0.5476190476190477
69272 0.4523809523809524
69645 0.14285714285714285
69646 0.8571428571428571
69896 0.6111111111111112
69897 0.3888888888888889
70270 0.36363636363636365
70271 0.6363636363636364
70521 0.5806451612903226
70522 0.41935483870967744
70895 0.2857142857142857
70896 0.7142857142857143
71146 0.37142857142857144
71147 0.6285714285714286
71520 0.3333333333333333
71521 0.6666666666666666
71771 0.42857142857142855
71772 0.5714285714285714
72145 0.5454545454545454
72146 0.45454545454545453
72396 0.5263157894736842
72397 0.47368421052631576
72770 0.25
72771 0.75
73021 0.45714285714285713
73022 0.5428571428571428
73395 0.07692307692307693
73396 0.9230769230769231
73646 0.45
73647 0.55
74020 0.1111111111111111
74021 0.8888888888888888
74271 0.39473684210526316
74272 0.6052631578947368
74645 0.25
74646 0.75
74896 0.2682926829268293
74897 0.7317073170731707
75270 0.3076923076923077
75271 0.6923076923076923
75521 0.42857142857142855
75522 0.5714285714285714
75896 1.0
76146 0.43902439024390244
76147 0.5609756097560976
76520 0.45454545454545453
76521 0.5454545454545454
76771 0.3684210526315789
76772 0.631578947368421
77145 0.3333333333333333
77146 0.6666666666666666
77396 0.3125
77397 0.6875
77770 0.14285714285714285
77771 0.8571428571428571
78021 0.2631578947368421
78022 0.7368421052631579
