0 1.0
6 1.0
25 0.9696969696969697
26 0.030303030303030304
31 1.0
37 1.0
50 0.9324324324324325
51 0.06756756756756757
56 0.9782608695652174
57 0.021739130434782608
62 1.0
75 0.95
76 0.05
81 0.9559471365638766
82 0.04405286343612335
87 0.9932885906040269
88 0.006711409395973154
93 1.0
100 0.9854014598540146
101 0.014598540145985401
106 0.9717514124293786
107 0.02824858757062147
112 0.9772727272727273
113 0.022727272727272728
118 1.0
125 0.9333333333333333
126 0.06666666666666667
131 1.0
150 0.75
151 0.25
156 0.9508196721311475
157 0.04918032786885246
162 0.9795918367346939
163 0.02040816326530612
168 0.9571428571428572
169 0.04285714285714286
174 1.0
181 0.8
182 0.2
187 0.8896797153024911
188 0.1103202846975089
193 0.9737609329446064
194 0.026239067055393587
199 1.0
206 0.75
207 0.25
212 0.9371069182389937
213 0.06289308176100629
218 1.0
237 1.0
250 0.875
251 0.125
256 0.9230769230769231
257 0.07692307692307693
262 1.0
268 0.9375
269 0.0625
274 1.0
281 1.0
287 0.922077922077922
288 0.07792207792207792
293 0.9209183673469388
294 0.07908163265306123
299 1.0
312 0.5714285714285714
313 0.42857142857142855
318 0.9466666666666667
319 0.05333333333333334
324 1.0
375 1.0
381 1.0
387 1.0
393 0.8709677419354839
394 0.12903225806451613
399 1.0
406 1.0
412 0.76
413 0.24
418 0.927007299270073
419 0.072992700729927
424 1.0
500 1.0
506 0.9565217391304348
507 0.043478260869565216
512 0.96
513 0.04
518 0.9078947368421053
519 0.09210526315789473
524 1.0
537 1.0
543 0.8333333333333334
544 0.16666666666666666
549 1.0
