0 1.0
6 1.0
25 0.96875
26 0.03125
31 0.9803921568627451
32 0.0196078431372549
37 1.0
50 0.9696969696969697
51 0.030303030303030304
56 0.9781021897810219
57 0.021897810218978103
62 0.9807692307692307
63 0.019230769230769232
75 0.9666666666666667
76 0.03333333333333333
81 0.9587155963302753
82 0.04128440366972477
87 0.9883040935672515
88 0.011695906432748537
93 1.0
100 0.9612403100775194
101 0.03875968992248062
106 0.9873417721518988
107 0.012658227848101266
112 1.0
118 1.0
125 1.0
131 1.0
137 1.0
150 1.0
156 0.9433962264150944
157 0.05660377358490566
162 0.9473684210526315
163 0.05263157894736842
168 0.963963963963964
169 0.036036036036036036
174 1.0
181 0.9047619047619048
182 0.09523809523809523
187 0.9325396825396826
188 0.06746031746031746
193 0.9575596816976127
194 0.042440318302387266
199 1.0
206 1.0
212 0.92
213 0.08
218 1.0
224 1.0
250 1.0
256 1.0
262 1.0
268 0.9032258064516129
269 0.0967741935483871
274 1.0
281 1.0
287 0.8813559322033898
288 0.11864406779661017
293 0.8835227272727273
294 0.11647727272727272
299 1.0
318 0.9285714285714286
319 0.07142857142857142
324 1.0
375 1.0
381 0.9473684210526315
382 0.05263157894736842
387 0.967741935483871
388 0.03225806451612903
393 0.9516129032258065
394 0.04838709677419355
399 1.0
407 1.0
412 0.8888888888888888
413 0.1111111111111111
418 0.9130434782608695
419 0.08695652173913043
424 1.0
500 1.0
506 0.9523809523809523
507 0.047619047619047616
512 0.9
513 0.1
518 0.8441558441558441
519 0.15584415584415584
524 1.0
543 1.0
549 1.0
