0 1.0
25 0.9833333333333333
26 0.016666666666666666
31 1.0
50 0.96875
51 0.03125
56 1.0
75 0.9623824451410659
76 0.03761755485893417
81 1.0
100 0.9593908629441624
101 0.04060913705583756
106 1.0
125 1.0
131 1.0
150 0.9405940594059405
151 0.0594059405940594
156 1.0
175 0.8862559241706162
176 0.11374407582938388
181 1.0
200 0.8971631205673759
201 0.10283687943262411
206 1.0
225 0.8730769230769231
226 0.12692307692307692
231 1.0
250 0.9767441860465116
251 0.023255813953488372
256 1.0
275 0.8842105263157894
276 0.11578947368421053
281 1.0
300 0.8729281767955801
301 0.1270718232044199
306 1.0
325 0.748898678414097
326 0.2511013215859031
331 1.0
350 0.6476190476190476
351 0.3523809523809524
356 1.0
375 1.0
381 1.0
400 0.8674698795180723
401 0.13253012048192772
406 1.0
425 0.7875
426 0.2125
431 0.9935064935064936
432 0.006493506493506494
450 0.5341614906832298
451 0.4658385093167702
456 0.9972067039106145
457 0.002793296089385475
475 0.11764705882352941
476 0.8823529411764706
481 0.9202898550724637
482 0.07971014492753623
487 1.0
500 0.9122807017543859
501 0.08771929824561403
506 1.0
525 0.7831325301204819
526 0.21686746987951808
531 1.0
550 0.5523809523809524
551 0.44761904761904764
556 0.9326923076923077
557 0.0673076923076923
562 1.0
575 0.12307692307692308
576 0.8769230769230769
581 0.8927875243664717
582 0.10721247563352826
587 1.0
601 1.0
606 0.6444444444444445
607 0.35555555555555557
612 1.0
