0 1.0
25 0.9875
26 0.0125
31 1.0
50 0.9748743718592965
51 0.02512562814070352
56 1.0
75 0.9893238434163701
76 0.010676156583629894
81 1.0
100 0.9565217391304348
101 0.043478260869565216
106 1.0
125 0.9545454545454546
126 0.045454545454545456
131 1.0
150 0.9605263157894737
151 0.039473684210526314
156 1.0
175 0.9097222222222222
176 0.09027777777777778
181 1.0
200 0.8564102564102564
201 0.14358974358974358
206 1.0
225 0.8306878306878307
226 0.1693121693121693
231 1.0
250 1.0
256 1.0
275 0.9032258064516129
276 0.0967741935483871
281 1.0
300 0.7625
301 0.2375
306 0.9417989417989417
307 0.0582010582010582
312 1.0
325 0.5256410256410257
326 0.47435897435897434
331 0.9627039627039627
332 0.037296037296037296
337 1.0
350 0.15384615384615385
351 0.8461538461538461
356 0.8817733990147784
357 0.11822660098522167
362 1.0
375 0.9666666666666667
376 0.03333333333333333
381 1.0
400 0.8125
401 0.1875
406 0.9743589743589743
407 0.02564102564102564
425 0.6136363636363636
426 0.38636363636363635
431 0.9056603773584906
432 0.09433962264150944
437 1.0
451 1.0
456 0.8200836820083682
457 0.1799163179916318
462 1.0
481 0.7454545454545455
482 0.2545454545454545
487 1.0
500 0.925
501 0.075
506 1.0
525 0.8333333333333334
526 0.16666666666666666
531 0.940677966101695
532 0.059322033898305086
537 1.0
550 0.14285714285714285
551 0.8571428571428571
556 0.7753623188405797
557 0.2246376811594203
562 0.9876543209876543
563 0.012345679012345678
581 0.5846153846153846
582 0.4153846153846154
587 0.9747899159663865
588 0.025210084033613446
606 1.0
612 0.8823529411764706
613 0.11764705882352941
