60 1.0
166 1.0
185 0.125
186 0.875
191 1.0
211 1.0
216 1.0
236 1.0
272 1.0
292 1.0
312 1.0
317 1.0
336 1.0
398 1.0
417 0.3333333333333333
418 0.6666666666666666
423 1.0
519 1.0
524 1.0
544 1.0
786 1.0
791 1.0
811 1.0
816 1.0
831 1.0
836 1.0
912 1.0
917 1.0
936 0.3333333333333333
937 0.6666666666666666
941 0.25
942 0.75
961 0.3333333333333333
962 0.6666666666666666
1018 1.0
1038 1.0
1042 0.2
1043 0.8
1068 1.0
1144 1.0
1149 1.0
1174 1.0
1411 1.0
1416 1.0
1436 1.0
1461 1.0
1537 1.0
1542 1.0
1562 1.0
1567 1.0
1587 1.0
1662 0.5
1663 0.5
1667 0.2
1668 0.8
1687 1.0
1693 1.0
1774 1.0
2016 1.0
2036 1.0
2041 1.0
2061 1.0
2162 1.0
2167 1.0
2182 1.0
2187 1.0
2212 1.0
2273 1.0
2293 1.0
2313 1.0
2399 1.0
2418 0.5
2419 0.5
2424 1.0
2661 1.0
2666 1.0
2772 1.0
2787 1.0
2812 1.0
2837 1.0
2893 1.0
2918 1.0
2937 0.5
2938 0.5
3019 1.0
3024 1.0
3044 1.0
3165 1.0
3190 1.0
3271 1.0
3286 1.0
3290 0.2
3291 0.8
3311 1.0
3316 1.0
3336 1.0
3416 0.3333333333333333
3417 0.6666666666666666
3436 0.3333333333333333
3437 0.6666666666666666
3441 0.25
3442 0.75
3462 1.0
3467 1.0
3542 0.5
3543 0.5
3648 0.5
3649 0.5
3790 1.0
3815 1.0
3891 1.0
3911 1.0
3915 0.5
3916 0.5
3936 1.0
3961 1.0
4022 1.0
4061 0.25
4062 0.75
4067 1.0
4087 1.0
4148 1.0
4167 0.16666666666666666
4168 0.8333333333333334
4173 1.0
4193 1.0
4274 1.0
4293 0.6666666666666666
4294 0.3333333333333333
4299 1.0
4561 1.0
4566 1.0
4586 1.0
4647 1.0
4687 1.0
4692 1.0
4712 1.0
4768 1.0
4788 1.0
4792 0.3333333333333333
4793 0.6666666666666666
4818 1.0
4899 1.0
4919 1.0
5141 1.0
5161 1.0
5166 1.0
5287 1.0
5292 1.0
5307 1.0
5312 1.0
5317 1.0
5393 1.0
5413 1.0
5418 1.0
5423 1.0
5519 1.0
5524 1.0
5549 1.0
5766 1.0
5786 1.0
5791 1.0
5892 1.0
5897 1.0
5912 1.0
5917 1.0
5932 1.0
5937 1.0
5942 1.0
6018 1.0
6037 0.2
6038 0.8
6043 1.0
6063 1.0
6144 1.0
6148 0.16666666666666666
6149 0.8333333333333334
6169 1.0
6285 1.0
6290 1.0
6396 1.0
6411 1.0
6416 1.0
6421 1.0
6436 1.0
6461 1.0
6466 1.0
6517 1.0
6522 1.0
6542 1.0
6562 1.0
6566 0.14285714285714285
6567 0.8571428571428571
6587 1.0
6592 1.0
6668 1.0
6673 1.0
6693 1.0
6774 1.0
7021 1.0
7036 1.0
7041 1.0
7061 1.0
7142 1.0
7147 1.0
7187 1.0
7192 1.0
7211 0.16666666666666666
7212 0.8333333333333334
7268 1.0
7273 1.0
7293 1.0
7298 1.0
7317 1.0
7394 1.0
7399 1.0
7661 1.0
7666 1.0
7686 1.0
7772 1.0
7787 1.0
7792 1.0
7812 1.0
7817 1.0
7837 1.0
7893 1.0
7898 1.0
7918 1.0
7923 1.0
7942 0.3333333333333333
7943 0.6666666666666666
8018 0.5
8019 0.5
8024 1.0
8049 1.0
8286 1.0
8291 1.0
8397 1.0
8412 1.0
8417 1.0
8422 1.0
8437 1.0
8442 1.0
8518 1.0
8538 1.0
8542 0.16666666666666666
8543 0.8333333333333334
8548 1.0
8563 1.0
8568 1.0
8644 1.0
8649 1.0
8669 1.0
8891 1.0
8911 1.0
8916 1.0
9017 1.0
9022 1.0
9037 1.0
9042 1.0
9062 0.8888888888888888
9063 0.1111111111111111
9067 1.0
9143 1.0
9163 1.0
9168 1.0
9188 1.0
9192 0.5
9193 0.5
9269 1.0
9273 0.2
9274 0.8
9289 1.0
9294 1.0
9415 1.0
9516 1.0
9541 1.0
9561 1.0
9566 1.0
9667 1.0
9687 1.0
9691 0.14285714285714285
9692 0.8571428571428571
9712 1.0
9773 1.0
9793 1.0
9798 1.0
9817 0.4
9818 0.6
9899 1.0
9918 0.5
9919 0.5
10161 1.0
10166 1.0
10191 1.0
10216 1.0
10267 1.0
10272 1.0
10287 1.0
10292 1.0
10312 1.0
10317 1.0
10337 1.0
10393 1.0
10398 1.0
10412 1.0
10418 1.0
10423 1.0
10437 0.5
10438 0.5
10443 1.0
10518 0.2
10519 0.8
10524 1.0
10544 1.0
10549 1.0
10766 1.0
10791 1.0
10897 1.0
10912 1.0
10917 1.0
10937 1.0
10942 1.0
11023 1.0
11038 1.0
11043 1.0
11048 1.0
11063 1.0
11068 1.0
11144 1.0
11149 1.0
11169 1.0
11391 1.0
11416 1.0
11517 1.0
11522 1.0
11537 1.0
11542 1.0
11562 1.0
11567 1.0
11643 1.0
11648 1.0
11663 1.0
11668 1.0
11688 1.0
11693 1.0
11769 1.0
11774 1.0
12016 1.0
12036 1.0
12041 1.0
12147 1.0
12162 1.0
12187 1.0
12192 1.0
12273 1.0
12288 1.0
12293 1.0
12313 1.0
12394 1.0
12399 1.0
12418 1.0
12641 1.0
12661 1.0
12666 1.0
12772 1.0
12791 1.0
12812 1.0
12816 0.07692307692307693
12817 0.9230769230769231
12837 1.0
12893 1.0
12898 1.0
12917 0.16666666666666666
12918 0.8333333333333334
12923 1.0
12938 1.0
12942 0.3333333333333333
12943 0.6666666666666666
13024 1.0
13266 1.0
13271 1.0
13286 1.0
13291 1.0
13316 1.0
13392 1.0
13397 1.0
13417 1.0
13437 1.0
13442 1.0
13462 1.0
13518 1.0
13543 1.0
13548 1.0
13563 1.0
13649 1.0
13669 1.0
13674 1.0
13891 1.0
13911 1.0
13916 1.0
13941 1.0
14021 0.5
14022 0.5
14042 1.0
14062 1.0
14067 1.0
14148 1.0
14163 1.0
14168 1.0
14173 1.0
14193 1.0
14274 1.0
14294 1.0
14299 1.0
14516 1.0
14536 1.0
14642 1.0
14647 1.0
14662 1.0
14667 1.0
14687 1.0
14768 1.0
14773 1.0
14788 1.0
14792 0.125
14793 0.875
14798 1.0
14813 1.0
14818 1.0
14899 1.0
14918 0.3333333333333333
14919 0.6666666666666666
14924 1.0
15141 1.0
15166 1.0
15272 1.0
15287 1.0
15292 1.0
15312 0.8333333333333334
15313 0.16666666666666666
15317 1.0
15393 1.0
15398 1.0
15413 1.0
15418 1.0
15423 1.0
15438 1.0
15519 1.0
15523 0.25
15524 0.75
15544 1.0
15549 1.0
15660 1.0
15685 1.0
15705 1.0
15710 1.0
15730 1.0
15735 1.0
15811 1.0
15831 1.0
15836 1.0
15856 1.0
15860 0.6666666666666666
15861 0.3333333333333333
16285 1.0
16305 1.0
16310 1.0
16330 1.0
16335 1.0
16355 1.0
16360 1.0
16455 0.05263157894736842
16456 0.9473684210526315
16460 0.0625
16461 0.9375
16481 1.0
16485 0.5
16486 0.5
16581 1.0
16910 1.0
16935 1.0
17056 1.0
17061 1.0
17081 1.0
17086 1.0
17106 1.0
17111 1.0
17207 1.0
17535 1.0
17661 1.0
17681 1.0
17686 1.0
17706 1.0
17711 1.0
17812 1.0
17832 1.0
17837 1.0
18281 1.0
18306 0.8888888888888888
18307 0.1111111111111111
18311 1.0
18331 0.8947368421052632
18332 0.10526315789473684
18432 1.0
18437 1.0
18457 1.0
18462 1.0
18785 1.0
18790 1.0
18805 1.0
18810 1.0
18830 1.0
18855 1.0
18860 1.0
18936 1.0
18956 1.0
18961 1.0
18981 1.0
18985 0.25
18986 0.75
19410 1.0
19415 1.0
19435 1.0
19455 1.0
19460 1.0
19561 1.0
19581 1.0
19586 1.0
19606 1.0
19611 1.0
20035 1.0
20060 1.0
20161 1.0
20186 1.0
20206 1.0
20211 1.0
20307 1.0
20332 1.0
20337 1.0
20660 1.0
20685 1.0
20781 1.0
20786 1.0
20806 1.0
20811 1.0
20831 0.9
20832 0.1
20836 1.0
20932 1.0
20937 1.0
20957 1.0
20962 1.0
21285 0.75
21286 0.25
21406 1.0
21411 1.0
21431 0.5
21432 0.5
21436 1.0
21456 0.8888888888888888
21457 0.1111111111111111
21461 1.0
21557 1.0
21562 1.0
21582 1.0
21910 1.0
21915 1.0
21935 1.0
21940 1.0
21960 1.0
22061 1.0
22081 1.0
22085 0.03571428571428571
22086 0.9642857142857143
22106 1.0
22111 1.0
22211 1.0
22560 1.0
22565 1.0
22661 1.0
22681 1.0
22685 0.16666666666666666
22686 0.8333333333333334
22706 1.0
22711 1.0
22736 1.0
22812 1.0
22832 1.0
22836 1.0
23160 1.0
23185 1.0
23286 1.0
23306 1.0
23311 1.0
23331 1.0
23336 0.9333333333333333
23337 0.06666666666666667
23432 1.0
23437 1.0
23457 1.0
23462 1.0
23785 1.0
23810 1.0
23911 1.0
23931 1.0
23936 1.0
23956 1.0
23961 1.0
24057 1.0
24062 1.0
24082 1.0
24087 1.0
24410 1.0
24536 1.0
24556 0.9
24557 0.1
24561 1.0
24581 0.6666666666666666
24582 0.3333333333333333
24682 1.0
24687 1.0
24707 1.0
24712 1.0
25035 1.0
25040 1.0
25060 1.0
25160 0.5
25161 0.5
25186 1.0
25191 1.0
25206 1.0
25211 1.0
25236 1.0
25336 0.5
25337 0.5
25660 1.0
25685 1.0
25786 1.0
25811 1.0
25831 1.0
25836 1.0
25932 1.0
25937 1.0
25957 1.0
25961 0.125
25962 0.875
26285 1.0
26310 1.0
26411 1.0
26431 1.0
26436 1.0
26456 1.0
26461 1.0
26557 1.0
26562 1.0
26582 1.0
26587 1.0
26910 1.0
27036 1.0
27056 1.0
27061 0.8888888888888888
27062 0.1111111111111111
27081 0.5
27082 0.5
27086 0.5
27087 0.5
27182 1.0
27187 1.0
27207 1.0
27212 1.0
27535 1.0
27656 1.0
27661 1.0
27681 1.0
27686 1.0
27711 0.5
27712 0.5
27807 1.0
27812 1.0
27832 1.0
27837 1.0
28160 1.0
28165 1.0
28286 1.0
28290 0.5
28291 0.5
28311 1.0
28316 1.0
28336 1.0
28341 1.0
28361 1.0
28437 1.0
28456 1.0
28461 0.25
28462 0.75
28785 1.0
28810 1.0
28916 1.0
28936 1.0
28956 1.0
28961 1.0
28966 1.0
28986 1.0
29057 1.0
29062 1.0
29087 1.0
29410 1.0
29435 1.0
29536 1.0
29561 1.0
29582 1.0
29586 1.0
29687 1.0
29707 1.0
29712 1.0
30161 1.0
30181 1.0
30186 0.75
30187 0.25
30307 1.0
30312 1.0
30332 1.0
30337 1.0
30781 1.0
30786 1.0
30912 1.0
30932 1.0
30937 1.0
30957 1.0
30962 1.0
31058 1.0
31285 1.0
31305 1.0
31310 1.0
31330 1.0
31335 1.0
31355 1.0
31360 1.0
31930 1.0
31935 1.0
31955 1.0
31960 1.0
31980 1.0
31985 1.0
32080 0.3333333333333333
32081 0.6666666666666666
32105 0.2
32106 0.8
32535 1.0
32555 0.75
32556 0.25
32560 1.0
32580 1.0
32585 1.0
32605 1.0
32706 1.0
32731 1.0
33160 1.0
33180 1.0
33205 0.3333333333333333
33206 0.6666666666666666
33306 1.0
33326 1.0
33331 1.0
33351 1.0
33356 1.0
33780 1.0
33805 0.6666666666666666
33806 0.3333333333333333
33831 1.0
33931 1.0
33951 0.5
33952 0.5
33956 0.918918918918919
33957 0.08108108108108109
33976 1.0
33981 1.0
34077 1.0
34082 1.0
34430 1.0
34435 1.0
34455 1.0
34460 1.0
34480 1.0
34485 1.0
34580 0.5
34581 0.5
34605 0.25
34606 0.75
35035 1.0
35055 1.0
35060 1.0
35080 1.0
35085 1.0
35105 1.0
35110 1.0
35205 0.18181818181818182
35206 0.8181818181818182
35211 1.0
35230 0.0625
35231 0.9375
35235 1.0
35660 1.0
35680 1.0
35685 1.0
35705 1.0
35731 1.0
35806 1.0
35831 1.0
35836 1.0
35856 1.0
36280 1.0
36305 0.8
36306 0.2
36310 1.0
36431 1.0
36456 1.0
36461 1.0
36481 1.0
36582 1.0
36910 1.0
36930 1.0
36935 1.0
37056 1.0
37081 0.8636363636363636
37082 0.13636363636363635
37202 1.0
37207 1.0
37535 1.0
37555 1.0
37560 1.0
37580 1.0
37585 1.0
37605 1.0
37610 1.0
37705 0.2
37706 0.8
37711 1.0
37730 0.14285714285714285
37731 0.8571428571428571
38155 1.0
38180 1.0
38185 1.0
38205 1.0
38210 1.0
38230 1.0
38235 1.0
38331 1.0
38336 1.0
38356 1.0
38361 1.0
38780 1.0
38785 1.0
38805 1.0
38835 1.0
38956 1.0
38961 1.0
38981 1.0
39410 1.0
39430 1.0
39435 1.0
39556 1.0
39581 0.9629629629629629
39582 0.037037037037037035
39586 1.0
39606 1.0
39707 1.0
40035 1.0
40156 1.0
40181 1.0
40186 1.0
40206 0.9259259259259259
40207 0.07407407407407407
40307 1.0
40332 1.0
40660 1.0
40685 1.0
40710 1.0
40735 1.0
40830 0.25
40831 0.75
40836 1.0
40856 1.0
40860 0.2
40861 0.8
41285 1.0
41310 1.0
41335 1.0
41360 1.0
41456 1.0
41461 1.0
41481 1.0
41486 1.0
41910 1.0
41930 1.0
41935 1.0
42056 1.0
42081 0.9642857142857143
42082 0.03571428571428571
42086 1.0
42106 1.0
42207 1.0
42530 1.0
42681 1.0
42686 1.0
42706 0.96875
42707 0.03125
42711 1.0
42807 1.0
42832 1.0
43155 1.0
43160 1.0
43185 1.0
43281 1.0
43286 1.0
43306 0.9444444444444444
43307 0.05555555555555555
43311 1.0
43331 0.7727272727272727
43332 0.22727272727272727
43432 1.0
43457 1.0
43805 1.0
43810 1.0
43835 1.0
43860 1.0
43956 1.0
43960 0.05
43961 0.95
43981 1.0
43986 1.0
44410 1.0
44430 1.0
44435 1.0
44581 1.0
44586 1.0
44611 1.0
44707 1.0
45035 1.0
45060 1.0
45181 1.0
45186 1.0
45206 1.0
45211 0.9285714285714286
45212 0.07142857142857142
45332 1.0
45660 1.0
45685 1.0
45781 1.0
45806 1.0
45811 1.0
45831 1.0
45836 1.0
45932 1.0
45957 1.0
45962 1.0
46285 1.0
46406 1.0
46431 0.8461538461538461
46432 0.15384615384615385
46436 1.0
46456 0.7777777777777778
46457 0.2222222222222222
46557 1.0
46582 1.0
46587 1.0
46935 1.0
46955 1.0
46960 1.0
46980 1.0
46985 1.0
47555 1.0
47560 1.0
47580 1.0
47600 1.0
47605 1.0
47726 1.0
47731 1.0
48180 1.0
48185 1.0
48200 1.0
48205 1.0
48225 1.0
48230 0.8823529411764706
48231 0.11764705882352941
48326 1.0
48331 1.0
48351 1.0
48356 1.0
48805 1.0
48826 1.0
48830 0.4444444444444444
48831 0.5555555555555556
48855 0.8
48856 0.2
48951 1.0
48956 1.0
48976 1.0
48981 1.0
49426 1.0
49430 1.0
49456 1.0
49551 1.0
49576 0.9545454545454546
49577 0.045454545454545456
49581 1.0
49601 1.0
49606 1.0
50055 1.0
50060 1.0
50080 1.0
50085 1.0
50105 1.0
50110 1.0
50680 1.0
50685 1.0
50705 1.0
50730 0.9333333333333333
50731 0.06666666666666667
50856 1.0
51305 1.0
51310 1.0
51330 0.7777777777777778
51331 0.2222222222222222
51355 0.5714285714285714
51356 0.42857142857142855
51456 1.0
51476 1.0
51481 1.0
51930 1.0
51935 1.0
51955 0.75
51956 0.25
52076 1.0
52081 1.0
52106 1.0
52530 1.0
52535 1.0
52555 1.0
52681 1.0
52701 0.8333333333333334
52702 0.16666666666666666
52706 1.0
52731 1.0
53180 1.0
53185 1.0
53205 1.0
53210 1.0
53230 1.0
53235 1.0
53356 1.0
53805 1.0
53810 1.0
53830 1.0
53835 1.0
53855 0.875
53856 0.125
53860 1.0
53956 1.0
53981 1.0
54405 1.0
54430 1.0
54435 1.0
54455 1.0
54480 0.5
54481 0.5
54581 1.0
54606 1.0
55055 1.0
55060 1.0
55081 1.0
55181 1.0
55201 1.0
55206 1.0
55226 1.0
55231 1.0
55680 0.8571428571428571
55681 0.14285714285714285
55806 1.0
55826 0.5
55827 0.5
55831 0.9285714285714286
55832 0.07142857142857142
55952 1.0
56310 1.0
56330 1.0
56335 1.0
56355 1.0
56360 1.0
56456 1.0
56481 1.0
56486 1.0
56905 1.0
56930 1.0
56935 1.0
56955 0.8
56956 0.2
56960 1.0
56980 1.0
56985 1.0
57081 1.0
57086 1.0
57106 1.0
57111 1.0
57555 1.0
57560 1.0
57581 1.0
57585 1.0
57706 1.0
57731 1.0
57736 1.0
58155 1.0
58160 1.0
58180 1.0
58185 1.0
58206 1.0
58306 1.0
58326 1.0
58331 1.0
58356 1.0
58805 1.0
58931 1.0
58952 1.0
58956 0.8888888888888888
58957 0.1111111111111111
59077 1.0
59082 1.0
59430 1.0
59435 1.0
59455 1.0
59460 1.0
59480 1.0
59485 1.0
59581 1.0
59606 1.0
59611 1.0
60055 1.0
60060 1.0
60080 0.6666666666666666
60081 0.3333333333333333
60085 1.0
60206 1.0
60211 1.0
60231 1.0
60236 1.0
60655 1.0
60680 1.0
60685 1.0
60705 1.0
60831 1.0
60836 1.0
60856 1.0
61305 0.5
61306 0.5
61431 1.0
61456 1.0
61481 0.5
61482 0.5
61582 1.0
61905 0.5
61906 0.5
61910 1.0
61930 1.0
62056 1.0
62081 0.8518518518518519
62082 0.14814814814814814
62107 1.0
62207 1.0
62555 1.0
62560 1.0
62580 1.0
62585 1.0
62600 1.0
62605 1.0
62610 1.0
63180 1.0
63205 1.0
63210 1.0
63225 1.0
63230 1.0
63351 1.0
63805 1.0
63830 1.0
63850 0.8888888888888888
63851 0.1111111111111111
63855 0.9130434782608695
63856 0.08695652173913043
63976 1.0
64425 1.0
64430 1.0
64455 0.8888888888888888
64456 0.1111111111111111
64475 0.6666666666666666
64476 0.3333333333333333
64480 0.7142857142857143
64481 0.2857142857142857
64576 1.0
64601 1.0
64606 1.0
65030 1.0
65050 0.6666666666666666
65051 0.3333333333333333
65055 1.0
65080 1.0
65101 1.0
65201 0.9473684210526315
65202 0.05263157894736842
65206 1.0
65226 1.0
65231 1.0
65680 1.0
65685 1.0
65705 1.0
65730 1.0
65735 1.0
66305 1.0
66330 1.0
66350 1.0
66355 0.9523809523809523
66356 0.047619047619047616
66476 1.0
66481 1.0
66930 1.0
66935 1.0
66955 1.0
66980 0.6923076923076923
66981 0.3076923076923077
67076 1.0
67101 1.0
67106 1.0
67550 1.0
67555 1.0
67580 1.0
67605 0.7777777777777778
67606 0.2222222222222222
67701 1.0
67706 1.0
67726 1.0
67731 1.0
68155 1.0
68180 0.8571428571428571
68181 0.14285714285714285
68205 0.6666666666666666
68206 0.3333333333333333
68326 0.9230769230769231
68327 0.07692307692307693
68331 1.0
68351 1.0
68356 1.0
68805 1.0
68810 1.0
68830 1.0
68835 1.0
68855 1.0
68860 1.0
68981 1.0
69430 1.0
69435 1.0
69455 1.0
69480 1.0
69606 1.0
70035 1.0
70055 1.0
70060 1.0
70080 0.8
70081 0.2
70105 0.875
70106 0.125
70206 1.0
70231 1.0
70680 1.0
70705 0.8
70706 0.2
70731 1.0
70801 1.0
70826 1.0
70831 1.0
70851 1.0
70856 1.0
71280 1.0
71305 1.0
71331 1.0
71431 1.0
71451 0.9545454545454546
71452 0.045454545454545456
71456 1.0
71476 0.5
71477 0.5
71481 1.0
71577 1.0
71910 1.0
71930 1.0
71935 1.0
71955 1.0
71960 1.0
71980 1.0
71985 1.0
72106 1.0
72555 1.0
72560 1.0
72580 0.8888888888888888
72581 0.1111111111111111
72585 1.0
72605 0.7272727272727273
72606 0.2727272727272727
72706 1.0
72731 1.0
73180 1.0
73185 1.0
73205 0.6666666666666666
73206 0.3333333333333333
73230 0.6666666666666666
73231 0.3333333333333333
73331 1.0
73356 1.0
73780 1.0
73805 1.0
73810 1.0
73831 1.0
73951 0.8
73952 0.2
73956 1.0
73976 1.0
73981 1.0
74405 1.0
74430 1.0
74551 1.0
74576 0.875
74577 0.125
74581 0.9655172413793104
74582 0.034482758620689655
74606 1.0
74702 1.0
75035 1.0
75055 1.0
75060 1.0
75080 1.0
75085 1.0
75105 1.0
75110 1.0
75206 1.0
75231 1.0
75235 1.0
75655 1.0
75680 1.0
75685 1.0
75705 0.8
75706 0.2
75710 1.0
75730 1.0
75735 1.0
75831 1.0
75856 1.0
76280 1.0
76285 1.0
76305 1.0
76310 1.0
76330 0.6
76331 0.4
76360 1.0
76456 1.0
76481 1.0
76905 1.0
76930 0.8
76931 0.2
77076 1.0
77081 1.0
77106 1.0
77202 1.0
77555 0.5
77556 0.5
77681 1.0
77702 1.0
77706 1.0
77827 1.0
