55 1.0
60 1.0
80 1.0
85 1.0
105 1.0
110 1.0
186 1.0
206 1.0
211 1.0
231 1.0
236 1.0
267 1.0
292 1.0
311 0.5
312 0.5
317 1.0
398 1.0
418 1.0
655 1.0
776 1.0
781 1.0
786 1.0
806 1.0
826 1.0
831 1.0
912 1.0
917 1.0
932 1.0
937 1.0
952 1.0
957 1.0
1038 1.0
1043 1.0
1058 1.0
1144 1.0
1149 1.0
1169 1.0
1401 1.0
1406 1.0
1426 1.0
1527 1.0
1537 1.0
1552 1.0
1557 1.0
1562 1.0
1577 1.0
1658 1.0
1663 1.0
1683 1.0
1688 1.0
1769 1.0
2006 1.0
2011 1.0
2026 1.0
2031 1.0
2152 1.0
2157 1.0
2162 1.0
2177 1.0
2182 1.0
2268 1.0
2278 1.0
2283 1.0
2288 1.0
2303 1.0
2308 1.0
2394 1.0
2399 1.0
2414 1.0
2419 1.0
2651 1.0
2767 1.0
2772 1.0
2777 1.0
2782 1.0
2888 1.0
2893 1.0
2903 1.0
2908 1.0
2913 1.0
2933 1.0
3014 1.0
3019 1.0
3024 1.0
3039 1.0
3160 1.0
3185 1.0
3210 1.0
3286 1.0
3291 1.0
3306 1.0
3311 1.0
3331 1.0
3336 1.0
3356 1.0
3361 1.0
3417 1.0
3437 1.0
3457 1.0
3523 1.0
3543 1.0
3785 1.0
3810 1.0
3906 1.0
3911 1.0
3931 1.0
3936 1.0
3956 1.0
3961 1.0
4022 1.0
4037 1.0
4057 1.0
4062 1.0
4082 1.0
4148 1.0
4163 1.0
4168 1.0
4274 1.0
4531 1.0
4541 1.0
4677 1.0
4682 1.0
4687 1.0
4783 1.0
4788 1.0
4793 1.0
4803 1.0
4808 1.0
4894 1.0
4899 1.0
4914 1.0
4919 1.0
5156 1.0
5161 1.0
5277 1.0
5282 0.875
5283 0.125
5287 1.0
5302 1.0
5307 1.0
5388 1.0
5403 1.0
5408 1.0
5413 1.0
5418 1.0
5433 1.0
5519 1.0
5524 1.0
5544 1.0
5756 1.0
5761 1.0
5781 1.0
5887 1.0
5897 1.0
5902 1.0
5907 1.0
6013 1.0
6018 1.0
6028 1.0
6033 1.0
6038 1.0
6144 1.0
6149 1.0
6154 1.0
6159 1.0
6164 1.0
6285 1.0
6391 1.0
6396 1.0
6411 1.0
6416 1.0
6431 1.0
6436 1.0
6461 1.0
6517 1.0
6537 1.0
6562 1.0
6567 1.0
6582 1.0
6587 1.0
6648 1.0
6663 1.0
6668 1.0
6693 1.0
6774 1.0
7016 1.0
7031 1.0
7036 1.0
7056 1.0
7142 1.0
7167 1.0
7182 1.0
7187 0.8888888888888888
7188 0.1111111111111111
7207 1.0
7212 1.0
7268 1.0
7273 1.0
7288 1.0
7293 1.0
7298 1.0
7313 1.0
7394 1.0
7399 1.0
7656 1.0
7661 1.0
7767 1.0
7772 1.0
7782 1.0
7787 1.0
7792 1.0
7807 1.0
7893 1.0
7898 1.0
7908 1.0
7913 1.0
7918 1.0
7933 1.0
7938 1.0
8019 1.0
8044 1.0
8261 1.0
8281 1.0
8387 1.0
8392 1.0
8407 1.0
8417 1.0
8432 0.6666666666666666
8433 0.3333333333333333
8518 1.0
8528 1.0
8533 1.0
8538 1.0
8543 1.0
8553 1.0
8558 1.0
8644 1.0
8649 1.0
8664 1.0
8886 1.0
8906 1.0
9007 1.0
9012 1.0
9017 1.0
9028 1.0
9032 0.8
9033 0.2
9138 1.0
9143 1.0
9153 1.0
9158 0.9375
9159 0.0625
9163 1.0
9264 1.0
9269 1.0
9274 1.0
9279 1.0
9284 1.0
9289 1.0
9415 1.0
9516 1.0
9536 1.0
9541 1.0
9561 1.0
9586 1.0
9667 1.0
9687 1.0
9692 1.0
9707 1.0
9712 1.0
9773 1.0
9788 1.0
9793 1.0
9798 1.0
9899 1.0
9919 1.0
10161 1.0
10166 1.0
10186 1.0
10267 1.0
10272 1.0
10287 1.0
10307 1.0
10312 0.9
10313 0.1
10317 1.0
10332 1.0
10337 1.0
10393 1.0
10398 1.0
10413 1.0
10418 1.0
10433 1.0
10438 1.0
10519 1.0
10524 1.0
10544 1.0
10761 1.0
10766 1.0
10786 1.0
10791 1.0
10892 1.0
10907 1.0
10912 1.0
10932 1.0
10937 1.0
11033 1.0
11038 1.0
11043 1.0
11058 1.0
11063 1.0
11144 1.0
11149 1.0
11169 1.0
11411 1.0
11507 1.0
11512 1.0
11517 1.0
11532 0.6666666666666666
11533 0.3333333333333333
11537 1.0
11638 1.0
11643 1.0
11658 1.0
11663 1.0
11668 1.0
11764 1.0
11774 1.0
11784 1.0
12002 1.0
12006 1.0
12011 1.0
12142 1.0
12157 1.0
12268 1.0
12278 1.0
12283 1.0
12288 1.0
12394 1.0
12399 1.0
12404 1.0
12414 1.0
12646 1.0
12661 1.0
12666 1.0
12686 1.0
12691 1.0
12711 1.0
12767 1.0
12772 1.0
12792 1.0
12812 1.0
12817 1.0
12837 1.0
12842 1.0
12893 1.0
12918 1.0
12938 1.0
12943 1.0
13024 1.0
13266 1.0
13286 0.75
13287 0.25
13291 1.0
13311 1.0
13392 1.0
13397 1.0
13412 1.0
13432 1.0
13437 0.7777777777777778
13438 0.2222222222222222
13518 1.0
13523 1.0
13538 1.0
13543 1.0
13558 1.0
13649 1.0
13669 1.0
13886 1.0
13891 1.0
13907 1.0
13911 1.0
14017 1.0
14032 1.0
14037 1.0
14057 1.0
14062 1.0
14143 1.0
14148 1.0
14158 1.0
14163 1.0
14168 1.0
14183 1.0
14188 1.0
14269 1.0
14274 1.0
14289 1.0
14294 1.0
14511 1.0
14637 1.0
14642 1.0
14657 0.75
14658 0.25
14662 0.8
14663 0.2
14768 1.0
14783 1.0
14788 1.0
14889 1.0
14894 1.0
14899 1.0
14909 1.0
14914 1.0
14919 1.0
15136 1.0
15257 1.0
15267 1.0
15282 0.5
15283 0.5
15388 1.0
15393 1.0
15408 1.0
15413 1.0
15519 1.0
15524 1.0
15529 1.0
15534 1.0
15539 1.0
15680 1.0
15685 1.0
15705 1.0
15710 1.0
15725 1.0
15730 1.0
15735 1.0
15826 1.0
15831 1.0
15851 1.0
16280 1.0
16300 1.0
16305 1.0
16325 1.0
16330 1.0
16355 1.0
16426 1.0
16451 0.9642857142857143
16452 0.03571428571428571
16456 1.0
16476 1.0
16481 1.0
16577 1.0
16900 1.0
16905 1.0
16925 1.0
17026 1.0
17051 0.8888888888888888
17052 0.1111111111111111
17076 1.0
17177 0.9523809523809523
17178 0.047619047619047616
17202 1.0
17303 1.0
17651 0.8333333333333334
17652 0.16666666666666666
17777 0.6
17778 0.4
17802 0.9333333333333333
17803 0.06666666666666667
17903 1.0
17928 1.0
18029 1.0
18251 1.0
18276 1.0
18402 0.7272727272727273
18403 0.2727272727272727
18528 0.9705882352941176
18529 0.029411764705882353
18553 1.0
18654 1.0
18780 1.0
18785 1.0
18805 1.0
18810 1.0
18830 0.75
18831 0.25
18835 1.0
18855 1.0
18956 1.0
18961 1.0
18976 1.0
18981 1.0
18986 1.0
19410 1.0
19430 1.0
19531 1.0
19551 1.0
19556 1.0
19576 1.0
19581 1.0
19606 1.0
19677 1.0
19702 1.0
19707 1.0
20030 1.0
20156 1.0
20176 0.8
20177 0.2
20181 1.0
20201 0.6666666666666666
20202 0.3333333333333333
20206 1.0
20302 1.0
20307 1.0
20327 1.0
20428 1.0
20655 1.0
20776 1.0
20781 1.0
20902 0.8888888888888888
20903 0.1111111111111111
20927 1.0
21028 0.8571428571428571
21029 0.14285714285714285
21053 1.0
21376 1.0
21401 1.0
21502 1.0
21527 0.8571428571428571
21528 0.14285714285714285
21552 1.0
21653 0.967741935483871
21654 0.03225806451612903
21779 1.0
21905 1.0
21910 1.0
21930 1.0
21935 1.0
21955 1.0
21960 1.0
21980 1.0
22056 1.0
22081 1.0
22086 1.0
22106 1.0
22111 1.0
22535 1.0
22555 1.0
22656 1.0
22676 1.0
22681 1.0
22701 0.5
22702 0.5
22706 0.9
22707 0.1
22802 1.0
22807 1.0
22827 1.0
22832 1.0
23155 0.5
23156 0.5
23276 1.0
23281 1.0
23306 0.3333333333333333
23307 0.6666666666666666
23427 0.9565217391304348
23428 0.043478260869565216
23432 1.0
23452 1.0
23553 1.0
23901 1.0
23906 1.0
24027 1.0
24032 1.0
24052 0.8
24053 0.2
24057 0.75
24058 0.25
24153 1.0
24158 1.0
24178 1.0
24279 1.0
24501 1.0
24526 1.0
24652 0.9090909090909091
24653 0.09090909090909091
24657 1.0
24778 0.9310344827586207
24779 0.06896551724137931
24904 1.0
25030 1.0
25035 1.0
25040 1.0
25060 0.5
25061 0.5
25181 1.0
25186 1.0
25206 1.0
25211 1.0
25231 1.0
25332 1.0
25655 1.0
25680 1.0
25781 1.0
25806 0.6666666666666666
25807 0.3333333333333333
25811 1.0
25831 1.0
25927 1.0
25932 1.0
25957 1.0
26280 1.0
26406 1.0
26431 1.0
26527 1.0
26532 1.0
26552 1.0
26557 1.0
26582 1.0
26678 1.0
27031 1.0
27152 0.8333333333333334
27153 0.16666666666666666
27157 1.0
27177 1.0
27182 1.0
27278 1.0
27283 1.0
27303 1.0
27626 1.0
27631 1.0
27651 1.0
27656 1.0
27752 1.0
27777 0.8333333333333334
27778 0.16666666666666666
27782 1.0
27903 0.96875
27904 0.03125
28029 1.0
28155 1.0
28160 1.0
28286 1.0
28306 1.0
28311 1.0
28331 1.0
28336 1.0
28341 1.0
28356 1.0
28437 1.0
28457 1.0
28462 1.0
28780 1.0
28785 1.0
28906 1.0
28911 1.0
28931 1.0
28936 1.0
28956 1.0
28961 1.0
29057 1.0
29062 1.0
29082 1.0
29087 1.0
29183 1.0
29531 1.0
29657 1.0
29677 0.7142857142857143
29678 0.2857142857142857
29682 1.0
29783 1.0
29803 1.0
29808 1.0
30151 1.0
30277 1.0
30282 1.0
30307 0.6666666666666666
30308 0.3333333333333333
30403 0.9545454545454546
30404 0.045454545454545456
30408 1.0
30428 1.0
30433 1.0
30776 1.0
30781 1.0
30902 0.75
30903 0.25
30908 1.0
31028 0.8666666666666667
31029 0.13333333333333333
31033 1.0
31154 1.0
31280 1.0
31305 1.0
31310 1.0
31325 1.0
31330 1.0
31350 0.9
31351 0.1
31355 1.0
31925 1.0
31930 1.0
31950 0.8571428571428571
31951 0.14285714285714285
31975 1.0
31980 1.0
32051 1.0
32076 1.0
32101 1.0
32202 1.0
32525 1.0
32550 0.6666666666666666
32551 0.3333333333333333
32651 1.0
32676 0.8571428571428571
32677 0.14285714285714285
32701 0.8888888888888888
32702 0.1111111111111111
32777 1.0
32802 0.9444444444444444
32803 0.05555555555555555
32827 1.0
32928 1.0
33276 1.0
33302 1.0
33402 1.0
33427 0.75
33428 0.25
33528 0.7692307692307693
33529 0.23076923076923078
33553 0.9285714285714286
33554 0.07142857142857142
33876 1.0
33901 1.0
34002 1.0
34027 1.0
34153 0.8518518518518519
34154 0.14814814814814814
34178 1.0
34279 1.0
34430 1.0
34435 1.0
34455 1.0
34460 1.0
34475 1.0
34480 0.9285714285714286
34481 0.07142857142857142
34485 1.0
34576 1.0
34581 1.0
34601 1.0
34606 1.0
35030 1.0
35050 1.0
35055 1.0
35106 1.0
35176 1.0
35201 1.0
35206 1.0
35226 1.0
35231 1.0
35302 1.0
35327 1.0
35650 1.0
35675 1.0
35776 1.0
35801 0.6
35802 0.4
35826 0.75
35827 0.25
35927 0.9285714285714286
35928 0.07142857142857142
35952 1.0
36053 1.0
36401 0.8571428571428571
36402 0.14285714285714285
36527 0.9090909090909091
36528 0.09090909090909091
36552 0.8
36553 0.2
36653 0.9444444444444444
36654 0.05555555555555555
36678 1.0
37026 1.0
37152 0.75
37153 0.25
37278 0.95
37279 0.05
37404 1.0
37535 1.0
37555 1.0
37560 1.0
37580 1.0
37585 1.0
37605 0.9
37606 0.1
37701 1.0
37706 1.0
37731 1.0
38155 1.0
38180 1.0
38301 1.0
38306 1.0
38326 1.0
38331 1.0
38356 1.0
38427 1.0
38452 1.0
38775 1.0
38901 1.0
38926 1.0
38952 1.0
38956 1.0
39052 0.9411764705882353
39053 0.058823529411764705
39077 1.0
39178 1.0
39526 1.0
39652 0.8571428571428571
39653 0.14285714285714285
39677 0.8888888888888888
39678 0.1111111111111111
39778 0.875
39779 0.125
39803 1.0
40151 1.0
40252 1.0
40277 0.6666666666666666
40278 0.3333333333333333
40403 0.9629629629629629
40404 0.037037037037037035
40529 1.0
40655 1.0
40660 1.0
40680 1.0
40685 1.0
40705 1.0
40710 1.0
40735 1.0
40806 1.0
40831 1.0
40836 1.0
40856 1.0
40861 1.0
41280 0.6666666666666666
41281 0.3333333333333333
41406 1.0
41426 1.0
41431 1.0
41451 1.0
41456 0.9090909090909091
41457 0.09090909090909091
41552 1.0
41557 1.0
41577 1.0
41582 1.0
41905 1.0
42026 1.0
42031 1.0
42051 1.0
42056 1.0
42077 1.0
42177 1.0
42202 1.0
42303 1.0
42651 1.0
42777 1.0
42802 0.9444444444444444
42803 0.05555555555555555
42903 1.0
42928 1.0
43251 1.0
43276 1.0
43377 1.0
43402 0.5714285714285714
43403 0.42857142857142855
43528 0.8809523809523809
43529 0.11904761904761904
43654 1.0
43780 1.0
43805 1.0
43810 1.0
43835 1.0
43860 1.0
43956 1.0
43961 1.0
43981 1.0
43986 1.0
44405 1.0
44430 0.5
44431 0.5
44531 1.0
44551 1.0
44556 1.0
44581 1.0
44677 1.0
44682 1.0
44702 1.0
44707 1.0
45151 1.0
45156 1.0
45181 1.0
45302 0.9375
45303 0.0625
45307 1.0
45327 1.0
45428 1.0
45776 1.0
45781 1.0
45902 1.0
45927 1.0
46028 0.8888888888888888
46029 0.1111111111111111
46053 1.0
46376 1.0
46401 1.0
46502 1.0
46527 0.5454545454545454
46528 0.45454545454545453
46653 0.9545454545454546
46654 0.045454545454545456
46779 1.0
46930 1.0
46950 1.0
46955 1.0
46960 1.0
46975 1.0
46980 1.0
46985 1.0
47101 1.0
47550 1.0
47575 0.75
47576 0.25
47600 1.0
47676 1.0
47701 0.9411764705882353
47702 0.058823529411764705
47726 1.0
47827 1.0
48150 1.0
48276 1.0
48301 1.0
48326 0.8571428571428571
48327 0.14285714285714285
48427 0.92
48428 0.08
48452 1.0
48528 1.0
48553 1.0
48901 1.0
49027 0.8181818181818182
49028 0.18181818181818182
49052 0.9090909090909091
49053 0.09090909090909091
49153 0.9090909090909091
49154 0.09090909090909091
49178 1.0
49279 1.0
49526 1.0
49627 1.0
49652 0.5
49653 0.5
49753 1.0
49778 0.8235294117647058
49779 0.17647058823529413
49904 1.0
50055 1.0
50060 1.0
50080 1.0
50100 1.0
50105 1.0
50110 1.0
50201 1.0
50226 1.0
50675 1.0
50680 1.0
50706 1.0
50726 1.0
50801 1.0
50826 0.8823529411764706
50827 0.11764705882352941
50851 1.0
50952 1.0
51275 1.0
51300 1.0
51401 1.0
51426 0.8
51427 0.2
51451 0.75
51452 0.25
51552 1.0
51577 1.0
51678 1.0
51900 1.0
52026 0.8571428571428571
52027 0.14285714285714285
52152 0.6666666666666666
52153 0.3333333333333333
52177 0.8
52178 0.2
52278 0.9166666666666666
52279 0.08333333333333333
52303 1.0
52526 1.0
52651 1.0
52752 1.0
52777 1.0
52903 0.8157894736842105
52904 0.18421052631578946
53004 1.0
53029 1.0
53175 1.0
53180 1.0
53205 1.0
53230 1.0
53235 1.0
53326 1.0
53351 1.0
53356 1.0
53775 1.0
53780 1.0
53800 1.0
53805 1.0
53830 1.0
53926 1.0
53951 1.0
53956 1.0
53976 0.75
53977 0.25
53981 1.0
54077 1.0
54400 1.0
54526 1.0
54551 1.0
54576 0.5
54577 0.5
54677 0.875
54678 0.125
54702 1.0
54803 1.0
55151 1.0
55277 1.0
55302 0.7272727272727273
55303 0.2727272727272727
55403 0.9166666666666666
55404 0.08333333333333333
55428 1.0
55529 1.0
55776 1.0
55877 1.0
55902 0.8571428571428571
55903 0.14285714285714285
56028 0.95
56029 0.05
56154 1.0
56305 1.0
56330 0.9
56331 0.1
56335 1.0
56355 1.0
56360 1.0
56451 1.0
56456 1.0
56481 1.0
56905 1.0
56930 1.0
56955 1.0
57051 1.0
57076 0.8333333333333334
57077 0.16666666666666666
57081 1.0
57106 1.0
57177 1.0
57202 1.0
57530 0.6666666666666666
57531 0.3333333333333333
57651 1.0
57676 1.0
57701 0.6666666666666666
57702 0.3333333333333333
57802 0.9230769230769231
57803 0.07692307692307693
57827 1.0
57928 1.0
58150 1.0
58276 1.0
58402 0.875
58403 0.125
58427 0.8333333333333334
58428 0.16666666666666666
58528 1.0
58553 1.0
58901 1.0
59002 1.0
59153 0.875
59154 0.125
59279 1.0
59430 1.0
59435 1.0
59460 1.0
59581 1.0
59606 1.0
60031 1.0
60055 1.0
60060 1.0
60176 1.0
60181 1.0
60201 1.0
60206 1.0
60302 1.0
60327 1.0
60650 0.6666666666666666
60651 0.3333333333333333
60776 1.0
60801 0.3333333333333333
60802 0.6666666666666666
60826 1.0
60831 1.0
60927 0.9032258064516129
60928 0.0967741935483871
60952 1.0
61028 1.0
61053 1.0
61401 0.5
61402 0.5
61527 1.0
61552 0.6666666666666666
61553 0.3333333333333333
61653 1.0
61678 0.9
61679 0.1
62002 1.0
62026 1.0
62152 1.0
62278 0.875
62279 0.125
62404 1.0
62550 1.0
62555 1.0
62560 1.0
62580 1.0
62600 1.0
62605 1.0
62726 1.0
63175 1.0
63180 1.0
63200 1.0
63225 0.9090909090909091
63226 0.09090909090909091
63326 0.9583333333333334
63327 0.041666666666666664
63351 1.0
63452 1.0
63775 1.0
63800 1.0
63901 1.0
63926 0.6
63927 0.4
63951 0.7
63952 0.3
64052 0.8333333333333334
64053 0.16666666666666666
64077 1.0
64178 1.0
64526 1.0
64652 0.7
64653 0.3
64677 0.6363636363636364
64678 0.36363636363636365
64778 0.9047619047619048
64779 0.09523809523809523
64803 0.9285714285714286
64804 0.07142857142857142
64904 1.0
65126 1.0
65151 1.0
65252 1.0
65277 1.0
65379 1.0
65403 0.6666666666666666
65404 0.3333333333333333
65504 1.0
65529 1.0
65680 1.0
65685 1.0
65700 1.0
65705 1.0
65725 0.9
65726 0.1
65730 1.0
65735 1.0
65826 1.0
66300 1.0
66305 1.0
66325 1.0
66350 0.7142857142857143
66351 0.2857142857142857
66426 1.0
66451 0.9285714285714286
66452 0.07142857142857142
66476 1.0
66552 1.0
66577 1.0
66900 0.5
66901 0.5
66925 1.0
67026 1.0
67051 1.0
67076 0.6666666666666666
67077 0.3333333333333333
67152 1.0
67177 0.8947368421052632
67178 0.10526315789473684
67202 1.0
67303 1.0
67525 1.0
67651 1.0
67777 0.6666666666666666
67778 0.3333333333333333
67802 0.8333333333333334
67803 0.16666666666666666
67903 0.8666666666666667
67904 0.13333333333333333
67928 1.0
68029 1.0
68251 1.0
68276 1.0
68402 1.0
68503 1.0
68528 0.7692307692307693
68529 0.23076923076923078
68629 1.0
68654 1.0
68805 1.0
68810 1.0
68830 1.0
68835 1.0
68850 1.0
68855 1.0
68860 1.0
68951 1.0
68976 1.0
69425 1.0
69430 1.0
69480 1.0
69526 1.0
69551 0.5
69552 0.5
69576 1.0
69601 1.0
69702 1.0
70025 1.0
70030 1.0
70151 0.8
70152 0.2
70176 0.8
70177 0.2
70201 0.875
70202 0.125
70302 1.0
70327 1.0
70428 1.0
70776 1.0
70902 0.8
70903 0.2
70927 0.6
70928 0.4
71028 0.7777777777777778
71029 0.2222222222222222
71053 1.0
71154 1.0
71401 1.0
71502 0.5
71503 0.5
71527 0.625
71528 0.375
71653 0.8518518518518519
71654 0.14814814814814814
71754 1.0
71779 1.0
71910 1.0
71930 1.0
71935 1.0
71950 1.0
71955 1.0
71960 1.0
71980 1.0
71985 1.0
72076 1.0
72081 1.0
72101 1.0
72106 1.0
72555 1.0
72576 1.0
72580 1.0
72676 1.0
72701 0.8947368421052632
72702 0.10526315789473684
72706 1.0
72726 1.0
72802 1.0
72827 1.0
73151 1.0
73175 1.0
73276 1.0
73301 0.8333333333333334
73302 0.16666666666666666
73326 0.6666666666666666
73327 0.3333333333333333
73427 1.0
73452 1.0
73553 1.0
73901 0.8333333333333334
73902 0.16666666666666666
74027 0.7272727272727273
74028 0.2727272727272727
74052 1.0
74153 0.9230769230769231
74154 0.07692307692307693
74178 1.0
74279 1.0
74501 1.0
74526 1.0
74627 1.0
74652 0.8333333333333334
74653 0.16666666666666666
74778 0.8333333333333334
74779 0.16666666666666666
74904 1.0
75035 1.0
75050 1.0
75055 1.0
75060 1.0
75080 1.0
75085 1.0
75105 1.0
75110 1.0
75206 1.0
75231 1.0
75655 1.0
75681 1.0
75801 0.8333333333333334
75802 0.16666666666666666
75826 0.8095238095238095
75827 0.19047619047619047
75831 1.0
75851 1.0
75856 1.0
75927 1.0
75952 1.0
76275 1.0
76280 1.0
76401 1.0
76426 0.75
76427 0.25
76451 1.0
76527 1.0
76552 0.9523809523809523
76553 0.047619047619047616
76577 1.0
76678 1.0
76900 1.0
77026 1.0
77152 0.7272727272727273
77153 0.2727272727272727
77177 1.0
77278 1.0
77303 1.0
77404 1.0
77651 1.0
77777 0.8571428571428571
77778 0.14285714285714285
77903 0.8518518518518519
77904 0.14814814814814814
78029 1.0
