0 1.0
6 1.0
25 0.9565217391304348
26 0.043478260869565216
31 1.0
37 1.0
43 1.0
50 1.0
56 0.9905660377358491
57 0.009433962264150943
62 0.9629629629629629
63 0.037037037037037035
68 1.0
74 1.0
75 0.9838709677419355
76 0.016129032258064516
81 0.96
82 0.04
87 0.9685534591194969
88 0.031446540880503145
93 1.0
99 1.0
100 0.9878048780487805
101 0.012195121951219513
106 0.9847328244274809
107 0.015267175572519083
112 1.0
125 1.0
131 1.0
137 1.0
143 0.9444444444444444
144 0.05555555555555555
149 1.0
150 1.0
156 1.0
162 0.9230769230769231
163 0.07692307692307693
168 0.9407894736842105
169 0.05921052631578947
174 1.0
187 1.0
193 0.9666666666666667
194 0.03333333333333333
199 1.0
218 1.0
250 1.0
256 0.9473684210526315
257 0.05263157894736842
262 0.967741935483871
263 0.03225806451612903
268 0.9384615384615385
269 0.06153846153846154
274 1.0
287 1.0
293 0.9285714285714286
294 0.07142857142857142
299 1.0
375 1.0
381 1.0
387 0.9090909090909091
388 0.09090909090909091
393 0.875
394 0.125
399 1.0
500 1.0
506 0.9230769230769231
507 0.07692307692307693
512 0.9259259259259259
513 0.07407407407407407
518 0.9761904761904762
519 0.023809523809523808
524 1.0
