0 0.9090909090909091
1 0.09090909090909091
25 0.967741935483871
26 0.03225806451612903
31 1.0
50 0.9621212121212122
51 0.03787878787878788
56 1.0
75 0.9516908212560387
76 0.04830917874396135
81 1.0
100 0.9628252788104089
101 0.03717472118959108
106 0.9956140350877193
107 0.0043859649122807015
112 1.0
125 0.9629629629629629
126 0.037037037037037035
131 1.0
150 0.9375
151 0.0625
156 1.0
162 1.0
175 0.7272727272727273
176 0.2727272727272727
181 0.9359605911330049
182 0.06403940886699508
187 1.0
200 0.6153846153846154
201 0.38461538461538464
206 0.90633608815427
207 0.09366391184573003
212 0.9954545454545455
213 0.004545454545454545
231 0.85
232 0.15
237 1.0
250 1.0
256 1.0
275 0.9333333333333333
276 0.06666666666666667
281 0.9024390243902439
282 0.0975609756097561
287 0.9305555555555556
288 0.06944444444444445
293 1.0
306 0.8137254901960784
307 0.18627450980392157
312 0.9255952380952381
313 0.0744047619047619
318 0.9859154929577465
319 0.014084507042253521
331 0.6190476190476191
332 0.38095238095238093
337 0.8490566037735849
338 0.1509433962264151
343 0.9908256880733946
344 0.009174311926605505
362 1.0
368 1.0
375 1.0
381 1.0
387 1.0
400 0.5
401 0.5
406 0.8955223880597015
407 0.1044776119402985
412 0.8677685950413223
413 0.1322314049586777
418 0.9166666666666666
419 0.08333333333333333
424 1.0
431 0.16666666666666666
432 0.8333333333333334
437 0.7685185185185185
438 0.23148148148148148
443 0.949685534591195
444 0.050314465408805034
449 1.0
462 0.3333333333333333
463 0.6666666666666666
468 1.0
500 0.7857142857142857
501 0.21428571428571427
506 0.9767441860465116
507 0.023255813953488372
512 1.0
531 0.7804878048780488
532 0.21951219512195122
537 0.7950310559006211
538 0.20496894409937888
543 0.8863636363636364
544 0.11363636363636363
549 1.0
562 0.5
563 0.5
568 0.8704453441295547
569 0.12955465587044535
574 1.0
