0 1.0
6 1.0
25 1.0
31 1.0
50 0.95
51 0.05
56 0.9911504424778761
57 0.008849557522123894
62 1.0
75 0.9846153846153847
76 0.015384615384615385
81 0.9592592592592593
82 0.040740740740740744
87 1.0
100 0.9836065573770492
101 0.01639344262295082
106 0.9906103286384976
107 0.009389671361502348
112 1.0
125 1.0
131 1.0
150 0.9090909090909091
151 0.09090909090909091
156 0.971830985915493
157 0.028169014084507043
162 1.0
168 1.0
181 0.9310344827586207
182 0.06896551724137931
187 0.9516728624535316
188 0.048327137546468404
193 1.0
206 0.8192771084337349
207 0.18072289156626506
212 0.9657142857142857
213 0.03428571428571429
218 1.0
231 0.7142857142857143
232 0.2857142857142857
237 1.0
250 0.8461538461538461
251 0.15384615384615385
256 1.0
262 1.0
275 0.6666666666666666
276 0.3333333333333333
281 0.9318181818181818
282 0.06818181818181818
287 0.8846153846153846
288 0.11538461538461539
293 0.9642857142857143
294 0.03571428571428571
299 1.0
307 1.0
312 0.8676470588235294
313 0.1323529411764706
318 0.950354609929078
319 0.04964539007092199
324 1.0
338 1.0
343 0.9230769230769231
344 0.07692307692307693
375 1.0
381 1.0
387 1.0
393 0.9545454545454546
394 0.045454545454545456
399 1.0
406 1.0
412 0.8369565217391305
413 0.16304347826086957
418 0.8711943793911007
419 0.1288056206088993
424 1.0
443 1.0
449 1.0
500 1.0
506 0.9069767441860465
507 0.09302325581395349
512 0.96
513 0.04
518 0.8032786885245902
519 0.19672131147540983
524 1.0
531 1.0
537 0.8461538461538461
538 0.15384615384615385
543 0.8554216867469879
544 0.14457831325301204
549 1.0
