0 1.0
6 1.0
12 1.0
25 1.0
31 1.0
37 0.9272727272727272
38 0.07272727272727272
43 0.9779411764705882
44 0.022058823529411766
49 1.0
50 1.0
56 0.9855072463768116
57 0.014492753623188406
62 0.9636363636363636
63 0.03636363636363636
68 0.9757575757575757
69 0.024242424242424242
74 1.0
75 1.0
81 0.9894736842105263
82 0.010526315789473684
87 0.9911504424778761
88 0.008849557522123894
93 1.0
100 0.9649122807017544
101 0.03508771929824561
106 1.0
112 1.0
118 1.0
125 1.0
131 1.0
137 1.0
143 0.8909090909090909
144 0.10909090909090909
149 1.0
156 1.0
162 0.9545454545454546
163 0.045454545454545456
168 0.9603960396039604
169 0.039603960396039604
174 1.0
256 1.0
262 1.0
268 0.975609756097561
269 0.024390243902439025
274 1.0
375 1.0
381 1.0
387 1.0
393 0.96
394 0.04
399 1.0
506 1.0
512 1.0
518 1.0
524 1.0
