36 0.5
37 0.5
56 1.0
62 1.0
67 1.0
81 1.0
87 1.0
112 1.0
143 1.0
156 1.0
161 0.25
162 0.75
181 1.0
186 0.2222222222222222
187 0.7777777777777778
206 1.0
211 0.08333333333333333
212 0.9166666666666666
231 1.0
237 1.0
268 1.0
274 1.0
281 1.0
286 0.25
287 0.75
292 0.25
293 0.75
305 0.03225806451612903
306 0.967741935483871
311 0.041666666666666664
312 0.9583333333333334
318 1.0
331 1.0
336 0.5
337 0.5
393 1.0
399 1.0
412 1.0
418 1.0
425 1.0
431 1.0
437 1.0
443 1.0
518 1.0
524 1.0
537 1.0
543 1.0
662 1.0
668 1.0
687 1.0
712 1.0
768 1.0
781 1.0
786 0.06666666666666667
787 0.9333333333333333
792 0.2
793 0.8
806 1.0
811 0.2222222222222222
812 0.7777777777777778
831 1.0
837 1.0
856 1.0
862 1.0
887 1.0
899 1.0
906 1.0
911 0.09090909090909091
912 0.9090909090909091
918 1.0
931 1.0
936 0.1111111111111111
937 0.8888888888888888
943 1.0
956 1.0
961 0.5
962 0.5
1012 1.0
1018 1.0
1024 1.0
1031 1.0
1036 0.16666666666666666
1037 0.8333333333333334
1043 1.0
1055 0.125
1056 0.875
1062 1.0
1143 1.0
1148 0.14285714285714285
1149 0.8571428571428571
1168 1.0
1287 1.0
1387 1.0
1393 1.0
1399 1.0
1406 1.0
1411 0.06666666666666667
1412 0.9333333333333333
1418 1.0
1424 1.0
1436 0.14285714285714285
1437 0.8571428571428571
1462 1.0
1518 1.0
1524 1.0
1531 1.0
1536 0.125
1537 0.875
1543 1.0
1556 1.0
1561 0.03125
1562 0.96875
1568 1.0
1581 1.0
1586 0.1111111111111111
1587 0.8888888888888888
1593 1.0
1643 1.0
1649 1.0
1656 1.0
1662 1.0
1667 0.17647058823529413
1668 0.8235294117647058
1673 0.5
1674 0.5
1681 1.0
1687 1.0
1693 1.0
1768 1.0
1774 1.0
1787 1.0
1793 1.0
1918 1.0
1943 1.0
2012 1.0
2018 1.0
2031 1.0
2037 1.0
2042 0.2857142857142857
2043 0.7142857142857143
2062 1.0
2068 1.0
2087 1.0
2137 1.0
2143 1.0
2149 1.0
2156 1.0
2161 0.1
2162 0.9
2168 1.0
2181 1.0
2186 0.05405405405405406
2187 0.9459459459459459
2193 1.0
2212 1.0
2268 1.0
2274 1.0
2281 1.0
2286 0.09523809523809523
2287 0.9047619047619048
2292 0.1111111111111111
2293 0.8888888888888888
2299 1.0
2306 1.0
2312 1.0
2318 1.0
2387 1.0
2393 1.0
2399 1.0
2418 1.0
2423 0.5
2424 0.5
2637 1.0
2643 1.0
2648 0.5
2649 0.5
2662 1.0
2668 1.0
2687 1.0
2693 1.0
2762 1.0
2768 1.0
2773 0.2857142857142857
2774 0.7142857142857143
2781 1.0
2786 0.0625
2787 0.9375
2793 1.0
2806 1.0
2811 0.09375
2812 0.90625
2817 0.2857142857142857
2818 0.7142857142857143
2837 1.0
2843 1.0
2887 1.0
2893 1.0
2899 1.0
2906 1.0
2911 0.038461538461538464
2912 0.9615384615384616
2917 0.03125
2918 0.96875
2931 1.0
2936 0.2727272727272727
2937 0.7272727272727273
2943 1.0
3018 1.0
3024 1.0
3037 1.0
3042 0.25
3043 0.75
3049 1.0
3156 1.0
3181 1.0
3186 0.4
3187 0.6
3205 0.0625
3206 0.9375
3212 1.0
3225 1.0
3230 0.029411764705882353
3231 0.9705882352941176
3236 0.3333333333333333
3237 0.6666666666666666
3275 1.0
3281 1.0
3300 1.0
3306 1.0
3325 1.0
3330 0.05172413793103448
3331 0.9482758620689655
3350 1.0
3355 0.1
3356 0.9
3425 1.0
3430 0.2222222222222222
3431 0.7777777777777778
3450 1.0
3456 1.0
3550 1.0
3781 1.0
3787 1.0
3806 1.0
3812 1.0
3831 1.0
3836 0.5
3837 0.5
3856 1.0
3861 0.5
3862 0.5
3900 1.0
3905 0.08333333333333333
3906 0.9166666666666666
3925 1.0
3930 0.07692307692307693
3931 0.9230769230769231
3937 1.0
3950 1.0
3956 1.0
3961 0.2
3962 0.8
3980 0.1
3981 0.9
3987 1.0
4050 1.0
4055 0.2222222222222222
4056 0.7777777777777778
4075 1.0
4080 0.3333333333333333
4081 0.6666666666666666
4175 1.0
4406 1.0
4412 1.0
4431 1.0
4436 0.0625
4437 0.9375
4456 1.0
4462 1.0
4487 1.0
4525 1.0
4531 1.0
4556 1.0
4562 1.0
4581 1.0
4586 0.07692307692307693
4587 0.9230769230769231
4606 1.0
4612 1.0
4656 1.0
4675 1.0
4680 0.18181818181818182
4681 0.8181818181818182
4686 1.0
4700 1.0
4705 0.06666666666666667
4706 0.9333333333333333
4800 1.0
4805 0.25
4806 0.75
5031 1.0
5036 0.14285714285714285
5037 0.8571428571428571
5043 1.0
5056 1.0
5062 1.0
5150 1.0
5155 0.07692307692307693
5156 0.9230769230769231
5161 0.5
5162 0.5
5181 1.0
5186 0.18181818181818182
5187 0.8181818181818182
5206 1.0
5212 1.0
5231 1.0
5237 1.0
5281 1.0
5300 1.0
5305 0.06944444444444445
5306 0.9305555555555556
5311 0.5
5312 0.5
5331 1.0
5337 1.0
5425 1.0
5431 1.0
5656 1.0
5662 1.0
5687 1.0
5780 0.1111111111111111
5781 0.8888888888888888
5787 1.0
5806 1.0
5812 1.0
5831 1.0
5836 0.02857142857142857
5837 0.9714285714285714
5843 1.0
5862 1.0
5905 0.1111111111111111
5906 0.8888888888888888
5925 1.0
5930 0.02631578947368421
5931 0.9736842105263158
5936 0.42857142857142855
5937 0.5714285714285714
5956 1.0
5962 1.0
6050 1.0
6055 0.23529411764705882
6056 0.7647058823529411
6275 1.0
6281 1.0
6300 1.0
6305 0.125
6306 0.875
6312 1.0
6325 1.0
6330 0.058823529411764705
6331 0.9411764705882353
6350 1.0
6356 1.0
6400 1.0
6425 1.0
6450 1.0
6456 1.0
6475 1.0
6481 1.0
6550 1.0
6575 1.0
6675 1.0
6900 1.0
6905 0.1111111111111111
6906 0.8888888888888888
6930 0.05555555555555555
6931 0.9444444444444444
6937 1.0
6956 1.0
6962 1.0
6975 1.0
6981 1.0
6987 1.0
7025 1.0
7031 1.0
7050 1.0
7055 0.5
7056 0.5
7075 1.0
7080 0.29411764705882354
7081 0.7058823529411765
7100 1.0
7105 0.07142857142857142
7106 0.9285714285714286
7175 1.0
7200 1.0
7300 1.0
7531 1.0
7537 1.0
7556 1.0
7562 1.0
7581 1.0
7586 0.5
7587 0.5
7606 1.0
7612 1.0
7650 1.0
7656 1.0
7675 1.0
7680 0.35714285714285715
7681 0.6428571428571429
7700 1.0
7705 0.13953488372093023
7706 0.8604651162790697
7731 1.0
7775 1.0
7800 1.0
7805 1.0
7825 1.0
7925 1.0
8156 1.0
8162 1.0
8181 1.0
8187 1.0
8206 1.0
8212 1.0
8231 1.0
8237 1.0
8275 1.0
8280 0.1
8281 0.9
8300 1.0
8305 0.06896551724137931
8306 0.9310344827586207
8325 1.0
8330 0.05660377358490566
8331 0.9433962264150944
8337 1.0
8356 1.0
8362 1.0
8400 1.0
8425 1.0
8430 0.2857142857142857
8431 0.7142857142857143
8450 1.0
8455 0.2
8456 0.8
8525 1.0
8550 1.0
8781 1.0
8787 1.0
8806 1.0
8812 1.0
8837 1.0
8862 1.0
8900 1.0
8905 0.15384615384615385
8906 0.8461538461538461
8931 1.0
8956 1.0
8961 0.0625
8962 0.9375
8981 1.0
8986 0.25
8987 0.75
9050 1.0
9055 0.34782608695652173
9056 0.6521739130434783
9080 0.16666666666666666
9081 0.8333333333333334
9175 1.0
9400 1.0
9406 1.0
9425 1.0
9431 1.0
9437 1.0
9450 1.0
9455 0.1111111111111111
9456 0.8888888888888888
9462 1.0
9475 1.0
9480 0.02564102564102564
9481 0.9743589743589743
9487 1.0
9525 1.0
9550 1.0
9575 1.0
9600 1.0
9650 1.0
9675 1.0
9700 1.0
9800 1.0
10025 1.0
10030 0.3333333333333333
10031 0.6666666666666666
10050 1.0
10056 1.0
10062 1.0
10075 1.0
10081 1.0
10100 1.0
10105 0.02564102564102564
10106 0.9743589743589743
10112 1.0
10150 1.0
10175 1.0
10200 1.0
10205 1.0
10225 1.0
10230 0.5
10231 0.5
10300 1.0
10325 1.0
10425 1.0
10655 0.5
10656 0.5
10681 1.0
10687 1.0
10706 1.0
10731 1.0
10737 1.0
10775 1.0
10800 1.0
10825 1.0
10830 0.29411764705882354
10831 0.7058823529411765
10850 1.0
10855 0.07142857142857142
10856 0.9285714285714286
10925 1.0
10950 1.0
11050 1.0
11275 1.0
11281 1.0
11300 1.0
11306 1.0
11312 1.0
11331 1.0
11337 1.0
11356 1.0
11362 1.0
11400 1.0
11425 1.0
11430 0.6666666666666666
11431 0.3333333333333333
11450 1.0
11455 0.11363636363636363
11456 0.8863636363636364
11475 1.0
11481 1.0
11550 1.0
11575 1.0
11675 1.0
11906 1.0
11931 1.0
11937 1.0
11956 1.0
11962 1.0
11981 1.0
12025 1.0
12031 1.0
12050 1.0
12055 0.5714285714285714
12056 0.42857142857142855
12075 1.0
12080 0.12280701754385964
12081 0.8771929824561403
12086 1.0
12105 0.08333333333333333
12106 0.9166666666666666
12112 1.0
12175 1.0
12200 1.0
12205 0.5
12206 0.5
12300 1.0
12525 1.0
12550 1.0
12556 1.0
12562 1.0
12575 1.0
12581 1.0
12600 1.0
12605 0.0625
12606 0.9375
12650 1.0
12675 1.0
12700 1.0
12725 1.0
12800 1.0
12825 1.0
12925 1.0
13150 1.0
13156 1.0
13175 1.0
13180 0.25
13181 0.75
13187 1.0
13200 1.0
13206 1.0
13225 1.0
13230 0.09433962264150944
13231 0.9056603773584906
13237 1.0
13275 1.0
13300 1.0
13325 1.0
13350 1.0
13425 1.0
13450 1.0
13550 1.0
13775 1.0
13780 0.5
13781 0.5
13800 1.0
13806 1.0
13812 1.0
13825 1.0
13830 0.25
13831 0.75
13837 1.0
13850 1.0
13855 0.02564102564102564
13856 0.9743589743589743
13862 1.0
13900 1.0
13925 1.0
13950 1.0
13955 0.25
13956 0.75
13975 1.0
13980 0.2
13981 0.8
14025 1.0
14050 1.0
14075 1.0
14175 1.0
14400 1.0
14412 1.0
14425 1.0
14431 1.0
14437 1.0
14456 1.0
14462 1.0
14481 1.0
14486 0.3333333333333333
14487 0.6666666666666666
14525 1.0
14550 1.0
14575 1.0
14580 0.3333333333333333
14581 0.6666666666666666
14600 1.0
14605 0.07692307692307693
14606 0.9230769230769231
14675 1.0
14700 1.0
14800 1.0
15025 1.0
15031 1.0
15037 1.0
15055 0.07142857142857142
15056 0.9285714285714286
15062 1.0
15081 1.0
15087 1.0
15106 1.0
15111 0.3333333333333333
15112 0.6666666666666666
15150 1.0
15175 1.0
15180 0.5
15181 0.5
15200 1.0
15205 0.15625
15206 0.84375
15225 1.0
15230 0.03571428571428571
15231 0.9642857142857143
15275 1.0
15300 1.0
15325 1.0
15425 1.0
