0 1.0
6 1.0
12 1.0
25 0.9444444444444444
26 0.05555555555555555
31 0.9787234042553191
32 0.02127659574468085
37 0.98
38 0.02
43 1.0
49 1.0
50 1.0
56 0.98
57 0.02
62 0.9358974358974359
63 0.0641025641025641
68 1.0
74 1.0
75 0.9814814814814815
76 0.018518518518518517
81 0.9655172413793104
82 0.034482758620689655
87 0.9859154929577465
88 0.014084507042253521
93 1.0
99 1.0
100 1.0
106 0.990909090909091
107 0.00909090909090909
112 1.0
125 1.0
131 0.9259259259259259
132 0.07407407407407407
137 1.0
143 0.95
144 0.05
149 1.0
156 1.0
162 0.9814814814814815
163 0.018518518518518517
168 0.948339483394834
169 0.05166051660516605
174 1.0
187 0.8181818181818182
188 0.18181818181818182
193 0.9714285714285714
194 0.02857142857142857
199 1.0
250 0.75
251 0.25
256 0.9230769230769231
257 0.07692307692307693
262 0.9411764705882353
263 0.058823529411764705
268 1.0
274 1.0
293 1.0
299 1.0
375 1.0
381 1.0
387 1.0
393 0.9743589743589743
394 0.02564102564102564
399 1.0
506 1.0
512 0.8571428571428571
513 0.14285714285714285
518 1.0
524 1.0
