55 1.0
60 1.0
80 1.0
85 1.0
105 1.0
110 1.0
186 1.0
206 1.0
211 1.0
231 1.0
236 1.0
267 1.0
292 1.0
312 1.0
317 1.0
398 1.0
418 1.0
655 1.0
681 1.0
781 1.0
786 1.0
806 1.0
826 1.0
831 1.0
836 1.0
912 1.0
917 1.0
932 1.0
937 1.0
952 1.0
957 1.0
1038 1.0
1043 1.0
1058 1.0
1149 1.0
1169 1.0
1281 1.0
1401 1.0
1406 1.0
1411 1.0
1431 1.0
1537 1.0
1552 1.0
1557 1.0
1562 1.0
1582 1.0
1658 1.0
1663 1.0
1688 1.0
1769 1.0
2011 1.0
2031 1.0
2157 0.75
2158 0.25
2162 1.0
2177 0.75
2178 0.25
2182 0.8571428571428571
2183 0.14285714285714285
2268 1.0
2288 1.0
2293 1.0
2303 1.0
2308 1.0
2399 1.0
2414 1.0
2419 1.0
2656 0.5
2657 0.5
2767 1.0
2772 1.0
2777 1.0
2782 0.5
2783 0.5
2888 1.0
2893 1.0
2903 1.0
2908 1.0
2913 1.0
2928 1.0
2933 1.0
3019 1.0
3024 1.0
3039 1.0
3160 1.0
3165 1.0
3185 1.0
3210 1.0
3286 1.0
3291 1.0
3306 1.0
3311 1.0
3331 1.0
3336 1.0
3356 1.0
3361 1.0
3417 1.0
3436 0.2
3437 0.8
3442 1.0
3457 1.0
3523 1.0
3543 1.0
3785 1.0
3810 1.0
3906 1.0
3911 1.0
3931 0.875
3932 0.125
3936 1.0
3956 1.0
3961 1.0
4022 1.0
4037 1.0
4057 1.0
4062 1.0
4082 1.0
4148 1.0
4163 1.0
4168 1.0
4274 1.0
4531 1.0
4541 1.0
4556 1.0
4677 1.0
4682 1.0
4687 1.0
4788 1.0
4793 1.0
4808 1.0
4894 1.0
4899 1.0
4914 1.0
5156 1.0
5161 1.0
5282 1.0
5287 1.0
5302 1.0
5307 1.0
5388 1.0
5408 1.0
5413 1.0
5418 1.0
5428 1.0
5433 1.0
5519 1.0
5524 1.0
5544 1.0
5756 1.0
5761 1.0
5781 1.0
5887 1.0
5897 1.0
5902 1.0
5907 1.0
5912 1.0
6013 1.0
6018 1.0
6028 0.8
6029 0.2
6033 0.9090909090909091
6034 0.09090909090909091
6038 1.0
6058 1.0
6144 1.0
6149 1.0
6164 1.0
6169 1.0
6285 1.0
6396 1.0
6411 1.0
6416 1.0
6431 1.0
6436 1.0
6461 1.0
6517 1.0
6537 1.0
6562 1.0
6567 1.0
6582 1.0
6587 1.0
6592 1.0
6648 1.0
6663 1.0
6668 1.0
6693 1.0
6774 1.0
7016 1.0
7031 1.0
7036 1.0
7056 1.0
7061 1.0
7142 1.0
7167 1.0
7182 1.0
7187 1.0
7207 1.0
7212 1.0
7268 1.0
7273 1.0
7288 1.0
7293 1.0
7298 1.0
7313 1.0
7394 1.0
7399 1.0
7656 1.0
7661 1.0
7767 1.0
7772 1.0
7782 1.0
7787 0.8
7788 0.2
7792 1.0
7807 0.8888888888888888
7808 0.1111111111111111
7812 1.0
7893 1.0
7898 1.0
7913 1.0
7918 1.0
7938 1.0
8019 1.0
8044 1.0
8281 1.0
8286 1.0
8392 1.0
8407 1.0
8412 0.6666666666666666
8413 0.3333333333333333
8417 1.0
8432 1.0
8437 1.0
8518 1.0
8533 1.0
8538 1.0
8543 1.0
8558 1.0
8644 1.0
8649 1.0
8664 1.0
8886 1.0
8891 0.5
8892 0.5
8906 1.0
9007 1.0
9012 1.0
9017 1.0
9032 1.0
9037 1.0
9143 1.0
9154 1.0
9158 0.9444444444444444
9159 0.05555555555555555
9163 0.6666666666666666
9164 0.3333333333333333
9168 1.0
9264 1.0
9274 1.0
9284 1.0
9289 1.0
9415 1.0
9516 1.0
9541 1.0
9561 1.0
9566 1.0
9586 1.0
9687 1.0
9692 1.0
9707 1.0
9712 1.0
9773 1.0
9788 1.0
9793 1.0
9798 1.0
9899 1.0
9919 1.0
10161 1.0
10166 1.0
10186 1.0
10212 1.0
10267 1.0
10272 1.0
10287 1.0
10307 1.0
10312 0.8461538461538461
10313 0.15384615384615385
10317 1.0
10337 1.0
10393 1.0
10398 1.0
10413 1.0
10418 1.0
10433 1.0
10438 1.0
10519 1.0
10524 1.0
10544 1.0
10761 1.0
10766 1.0
10786 0.6666666666666666
10787 0.3333333333333333
10791 1.0
10892 1.0
10907 1.0
10912 1.0
10932 0.875
10933 0.125
10937 1.0
11038 1.0
11043 1.0
11058 1.0
11063 1.0
11144 1.0
11149 1.0
11174 1.0
11411 1.0
11512 1.0
11522 1.0
11532 0.75
11533 0.25
11537 1.0
11558 1.0
11638 1.0
11658 1.0
11663 1.0
11668 1.0
11683 1.0
11764 1.0
11774 1.0
12006 1.0
12011 1.0
12031 1.0
12142 1.0
12157 0.5
12158 0.5
12268 1.0
12283 0.9333333333333333
12284 0.06666666666666667
12288 0.8
12289 0.2
12308 1.0
12394 1.0
12399 1.0
12409 1.0
12414 1.0
12646 1.0
12661 1.0
12666 1.0
12686 1.0
12691 1.0
12711 1.0
12772 1.0
12792 1.0
12812 1.0
12817 1.0
12837 1.0
12842 1.0
12893 1.0
12918 1.0
12938 1.0
12943 1.0
13024 1.0
13266 1.0
13286 1.0
13291 1.0
13311 1.0
13392 1.0
13397 1.0
13412 1.0
13432 1.0
13437 1.0
13518 1.0
13523 1.0
13538 1.0
13543 1.0
13558 1.0
13649 1.0
13669 1.0
13886 1.0
13891 1.0
13906 1.0
13911 1.0
14017 1.0
14032 0.75
14033 0.25
14037 1.0
14057 1.0
14062 1.0
14143 1.0
14148 1.0
14158 1.0
14163 1.0
14168 1.0
14183 1.0
14188 1.0
14269 1.0
14274 1.0
14289 1.0
14294 1.0
14516 1.0
14637 1.0
14642 1.0
14657 1.0
14662 1.0
14768 1.0
14783 1.0
14788 1.0
14793 1.0
14894 1.0
14899 1.0
14914 1.0
14919 1.0
15136 1.0
15262 1.0
15267 1.0
15282 1.0
15388 1.0
15393 1.0
15408 0.8666666666666667
15409 0.13333333333333333
15413 1.0
15418 1.0
15519 1.0
15524 1.0
15534 1.0
15539 1.0
15544 1.0
15680 1.0
15685 1.0
15705 1.0
15710 1.0
15725 1.0
15730 1.0
15735 1.0
15826 1.0
15831 1.0
15851 1.0
15856 1.0
16280 1.0
16300 0.6666666666666666
16301 0.3333333333333333
16305 1.0
16325 1.0
16330 1.0
16355 1.0
16426 1.0
16431 1.0
16451 0.95
16452 0.05
16456 1.0
16476 1.0
16481 1.0
16577 1.0
16905 1.0
16930 1.0
17026 1.0
17051 0.8125
17052 0.1875
17056 1.0
17076 0.7142857142857143
17077 0.2857142857142857
17081 1.0
17177 1.0
17202 1.0
17303 1.0
17651 1.0
17676 0.25
17677 0.75
17777 1.0
17802 0.8888888888888888
17803 0.1111111111111111
17807 1.0
17903 1.0
17928 1.0
18276 1.0
18402 0.7142857142857143
18403 0.2857142857142857
18427 1.0
18528 0.9545454545454546
18529 0.045454545454545456
18553 1.0
18654 1.0
18785 1.0
18805 1.0
18810 1.0
18830 1.0
18835 1.0
18855 1.0
18956 1.0
18961 1.0
18976 1.0
18981 1.0
18986 1.0
19405 1.0
19410 1.0
19430 1.0
19551 1.0
19556 1.0
19576 0.7
19577 0.3
19581 1.0
19601 1.0
19606 1.0
19702 1.0
19707 1.0
20030 1.0
20156 1.0
20176 1.0
20181 0.8333333333333334
20182 0.16666666666666666
20201 0.8
20202 0.2
20206 1.0
20302 0.9166666666666666
20303 0.08333333333333333
20307 1.0
20327 1.0
20332 1.0
20428 1.0
20655 1.0
20776 0.8333333333333334
20777 0.16666666666666666
20781 1.0
20801 1.0
20902 1.0
20927 0.7894736842105263
20928 0.21052631578947367
20932 1.0
21028 1.0
21053 1.0
21401 1.0
21406 1.0
21527 0.7777777777777778
21528 0.2222222222222222
21552 0.5714285714285714
21553 0.42857142857142855
21653 1.0
21678 1.0
21779 1.0
21910 1.0
21931 1.0
21935 1.0
21955 1.0
21960 1.0
21985 1.0
22081 1.0
22086 1.0
22106 1.0
22111 1.0
22555 1.0
22560 1.0
22656 1.0
22676 1.0
22681 1.0
22686 1.0
22706 0.8421052631578947
22707 0.15789473684210525
22802 1.0
22807 1.0
22832 1.0
23155 1.0
23276 1.0
23281 1.0
23301 1.0
23306 0.75
23307 0.25
23331 1.0
23427 0.9285714285714286
23428 0.07142857142857142
23432 0.9285714285714286
23433 0.07142857142857142
23452 1.0
23457 1.0
23553 1.0
23558 1.0
23901 0.6666666666666666
23902 0.3333333333333333
23906 1.0
24027 1.0
24032 1.0
24052 0.9473684210526315
24053 0.05263157894736842
24057 1.0
24153 1.0
24178 1.0
24183 1.0
24506 1.0
24526 1.0
24531 1.0
24652 0.9
24653 0.1
24657 1.0
24677 1.0
24682 0.5
24683 0.5
24778 1.0
24783 1.0
24803 1.0
24904 1.0
25035 1.0
25040 1.0
25060 1.0
25181 1.0
25186 1.0
25206 1.0
25211 1.0
25231 1.0
25236 1.0
25332 1.0
25655 1.0
25680 1.0
25685 1.0
25781 1.0
25806 0.7142857142857143
25807 0.2857142857142857
25811 1.0
25831 0.8571428571428571
25832 0.14285714285714285
25932 1.0
25957 1.0
26280 1.0
26406 1.0
26431 1.0
26552 1.0
26557 1.0
26582 1.0
26678 1.0
26683 1.0
27031 1.0
27056 1.0
27152 0.8571428571428571
27153 0.14285714285714285
27157 1.0
27177 0.7
27178 0.3
27182 1.0
27278 1.0
27303 1.0
27308 1.0
27651 1.0
27656 1.0
27777 0.7142857142857143
27778 0.2857142857142857
27782 1.0
27802 1.0
27807 1.0
27903 1.0
27908 1.0
27928 1.0
27933 1.0
28029 1.0
28160 1.0
28286 1.0
28306 1.0
28311 1.0
28331 1.0
28336 1.0
28341 1.0
28361 1.0
28437 1.0
28457 1.0
28462 1.0
28780 1.0
28785 1.0
28810 1.0
28906 1.0
28911 1.0
28931 1.0
28936 1.0
28956 1.0
28961 1.0
29057 1.0
29062 1.0
29082 1.0
29087 1.0
29183 1.0
29531 1.0
29677 1.0
29682 0.9230769230769231
29683 0.07692307692307693
29707 1.0
29803 1.0
29808 1.0
30151 1.0
30156 1.0
30277 0.5
30278 0.5
30282 0.7777777777777778
30283 0.2222222222222222
30302 0.6
30303 0.4
30307 0.8888888888888888
30308 0.1111111111111111
30403 1.0
30408 1.0
30428 1.0
30433 1.0
30776 1.0
30781 1.0
30902 1.0
30907 1.0
31028 0.8666666666666667
31029 0.13333333333333333
31033 1.0
31053 1.0
31058 1.0
31154 1.0
31280 1.0
31305 1.0
31310 1.0
31325 1.0
31330 1.0
31350 1.0
31355 1.0
31925 1.0
31930 1.0
31950 0.75
31951 0.25
31955 1.0
31975 0.8
31976 0.2
31980 1.0
32051 1.0
32076 1.0
32101 1.0
32525 1.0
32530 1.0
32550 1.0
32651 1.0
32676 0.75
32677 0.25
32701 0.8333333333333334
32702 0.16666666666666666
32802 0.8571428571428571
32803 0.14285714285714285
32827 1.0
33276 1.0
33301 0.6666666666666666
33302 0.3333333333333333
33402 1.0
33427 0.8214285714285714
33428 0.17857142857142858
33528 1.0
33553 1.0
33901 0.8
33902 0.2
34027 0.9166666666666666
34028 0.08333333333333333
34052 0.75
34053 0.25
34153 0.7857142857142857
34154 0.21428571428571427
34178 1.0
34279 1.0
34430 1.0
34435 1.0
34455 1.0
34460 1.0
34475 1.0
34480 0.9333333333333333
34481 0.06666666666666667
34485 1.0
34576 1.0
34581 1.0
34601 1.0
34606 1.0
35030 1.0
35050 1.0
35055 1.0
35105 1.0
35181 1.0
35201 0.9642857142857143
35202 0.03571428571428571
35206 1.0
35226 1.0
35231 1.0
35327 1.0
35650 1.0
35680 1.0
35776 1.0
35781 1.0
35801 0.8333333333333334
35802 0.16666666666666666
35826 0.8333333333333334
35827 0.16666666666666666
35831 1.0
35927 0.75
35928 0.25
35952 1.0
36401 1.0
36426 0.6666666666666666
36427 0.3333333333333333
36527 1.0
36552 0.9655172413793104
36553 0.034482758620689655
36653 1.0
36678 1.0
37026 1.0
37152 0.5
37153 0.5
37177 1.0
37278 0.9130434782608695
37279 0.08695652173913043
37303 1.0
37404 1.0
37535 1.0
37555 1.0
37560 1.0
37580 1.0
37585 1.0
37605 1.0
37706 1.0
37731 1.0
38155 1.0
38180 1.0
38205 1.0
38301 1.0
38306 1.0
38326 0.8
38327 0.2
38331 1.0
38356 1.0
38452 1.0
38780 1.0
38901 1.0
38926 0.875
38927 0.125
38951 0.7142857142857143
38952 0.2857142857142857
38956 1.0
39052 0.9583333333333334
39053 0.041666666666666664
39077 1.0
39178 1.0
39526 1.0
39652 1.0
39677 0.9259259259259259
39678 0.07407407407407407
39803 1.0
40151 0.75
40152 0.25
40277 0.6666666666666666
40278 0.3333333333333333
40302 0.6666666666666666
40303 0.3333333333333333
40403 1.0
40428 1.0
40529 1.0
40655 1.0
40660 1.0
40680 1.0
40685 1.0
40705 1.0
40710 1.0
40735 1.0
40806 1.0
40831 1.0
40836 1.0
40856 1.0
40861 1.0
41280 1.0
41305 0.5
41306 0.5
41426 1.0
41431 1.0
41451 0.5
41452 0.5
41456 1.0
41481 1.0
41552 1.0
41577 1.0
41582 1.0
41905 1.0
42026 1.0
42031 1.0
42051 0.8
42052 0.2
42056 1.0
42076 1.0
42081 1.0
42177 0.9523809523809523
42178 0.047619047619047616
42182 1.0
42202 1.0
42303 1.0
42651 1.0
42676 0.3333333333333333
42677 0.6666666666666666
42777 1.0
42802 0.9375
42803 0.0625
42903 1.0
42928 1.0
43276 1.0
43281 1.0
43402 0.8095238095238095
43403 0.19047619047619047
43428 1.0
43528 0.9333333333333333
43529 0.06666666666666667
43553 1.0
43654 1.0
43785 1.0
43805 1.0
43810 1.0
43835 1.0
43860 1.0
43956 1.0
43961 1.0
43981 1.0
43986 1.0
44410 1.0
44430 1.0
44531 1.0
44556 1.0
44581 1.0
44606 1.0
44682 1.0
44707 1.0
45151 1.0
45156 1.0
45181 1.0
45202 1.0
45302 0.9473684210526315
45303 0.05263157894736842
45307 1.0
45327 1.0
45428 1.0
45776 1.0
45781 1.0
45902 0.5
45903 0.5
45927 0.9411764705882353
45928 0.058823529411764705
45932 1.0
46028 1.0
46053 1.0
46376 1.0
46401 1.0
46527 1.0
46653 0.9523809523809523
46654 0.047619047619047616
46678 1.0
46779 1.0
46930 1.0
46950 1.0
46955 1.0
46960 1.0
46975 1.0
46980 1.0
46985 1.0
47101 1.0
47550 1.0
47555 1.0
47575 0.8333333333333334
47576 0.16666666666666666
47600 1.0
47701 1.0
47726 1.0
47827 1.0
48150 0.8
48151 0.2
48276 1.0
48301 0.875
48302 0.125
48326 0.9375
48327 0.0625
48427 0.8571428571428571
48428 0.14285714285714285
48452 1.0
48553 1.0
48776 1.0
48901 1.0
48926 0.2
48927 0.8
49027 0.75
49028 0.25
49052 0.8571428571428571
49053 0.14285714285714285
49153 1.0
49178 1.0
49526 0.75
49527 0.25
49627 1.0
49652 0.7
49653 0.3
49677 0.75
49678 0.25
49778 0.8611111111111112
49779 0.1388888888888889
49803 1.0
49904 1.0
50055 1.0
50060 1.0
50080 1.0
50100 1.0
50105 1.0
50110 1.0
50201 1.0
50226 1.0
50675 1.0
50680 1.0
50701 1.0
50705 1.0
50725 1.0
50801 1.0
50826 1.0
50851 1.0
50952 1.0
51280 1.0
51300 1.0
51401 1.0
51426 0.8571428571428571
51427 0.14285714285714285
51451 0.75
51452 0.25
51552 1.0
51577 1.0
51678 1.0
51900 1.0
52026 1.0
52051 0.5
52052 0.5
52152 1.0
52177 0.9090909090909091
52178 0.09090909090909091
52303 1.0
52525 1.0
52651 0.8
52652 0.2
52777 0.6666666666666666
52778 0.3333333333333333
52802 1.0
52903 1.0
52928 1.0
53029 1.0
53180 1.0
53185 1.0
53205 1.0
53230 0.9
53231 0.1
53235 1.0
53326 1.0
53331 1.0
53351 1.0
53356 1.0
53800 0.6666666666666666
53801 0.3333333333333333
53805 1.0
53830 1.0
53926 1.0
53951 0.9166666666666666
53952 0.08333333333333333
53956 1.0
53976 1.0
53981 1.0
54400 1.0
54405 1.0
54425 1.0
54551 1.0
54576 0.9
54577 0.1
54677 1.0
54702 0.75
54703 0.25
54803 1.0
55151 1.0
55177 1.0
55277 1.0
55302 0.9523809523809523
55303 0.047619047619047616
55403 1.0
55428 1.0
55776 0.8333333333333334
55777 0.16666666666666666
55902 0.8
55903 0.2
55927 0.6666666666666666
55928 0.3333333333333333
56028 0.8947368421052632
56029 0.10526315789473684
56053 1.0
56154 1.0
56305 1.0
56310 1.0
56330 1.0
56335 1.0
56355 0.8888888888888888
56356 0.1111111111111111
56360 1.0
56456 1.0
56481 1.0
56905 1.0
56930 1.0
56935 1.0
56955 0.5
56956 0.5
57051 0.75
57052 0.25
57076 0.8235294117647058
57077 0.17647058823529413
57081 1.0
57106 1.0
57202 1.0
57526 1.0
57530 1.0
57555 1.0
57651 1.0
57676 0.5714285714285714
57677 0.42857142857142855
57681 1.0
57701 1.0
57802 1.0
57827 1.0
57928 1.0
58150 1.0
58156 1.0
58276 0.7142857142857143
58277 0.2857142857142857
58301 1.0
58402 0.8333333333333334
58403 0.16666666666666666
58427 0.6923076923076923
58428 0.3076923076923077
58528 1.0
58553 1.0
58901 1.0
59027 0.7777777777777778
59028 0.2222222222222222
59052 1.0
59153 0.8636363636363636
59154 0.13636363636363635
59279 1.0
59430 1.0
59435 1.0
59456 1.0
59460 1.0
59581 1.0
59606 1.0
60030 1.0
60055 1.0
60060 1.0
60176 1.0
60181 1.0
60201 1.0
60206 0.9523809523809523
60207 0.047619047619047616
60231 1.0
60327 1.0
60650 1.0
60655 1.0
60776 1.0
60801 0.6666666666666666
60802 0.3333333333333333
60806 1.0
60826 0.6
60827 0.4
60831 1.0
60927 0.9615384615384616
60928 0.038461538461538464
60952 1.0
61053 1.0
61401 1.0
61426 1.0
61528 1.0
61552 0.8095238095238095
61553 0.19047619047619047
61653 1.0
61678 1.0
62026 1.0
62152 0.7
62153 0.3
62177 0.5
62178 0.5
62278 0.8214285714285714
62279 0.17857142857142858
62303 1.0
62404 1.0
62550 1.0
62555 1.0
62560 1.0
62580 1.0
62600 1.0
62605 1.0
63175 1.0
63180 1.0
63200 0.5
63201 0.5
63205 1.0
63225 0.8333333333333334
63226 0.16666666666666666
63230 1.0
63326 1.0
63351 1.0
63452 1.0
63775 1.0
63800 1.0
63901 1.0
63926 1.0
63951 0.9523809523809523
63952 0.047619047619047616
64052 1.0
64077 1.0
64178 1.0
64526 1.0
64551 0.5
64552 0.5
64652 0.6666666666666666
64653 0.3333333333333333
64677 0.9032258064516129
64678 0.0967741935483871
64778 0.75
64779 0.25
64803 1.0
64904 1.0
65151 1.0
65252 1.0
65277 1.0
65302 0.6666666666666666
65303 0.3333333333333333
65403 0.9
65404 0.1
65428 1.0
65529 1.0
65680 1.0
65685 1.0
65700 1.0
65705 1.0
65725 1.0
65730 1.0
65735 1.0
66300 1.0
66305 1.0
66325 0.5714285714285714
66326 0.42857142857142855
66350 0.8333333333333334
66351 0.16666666666666666
66355 1.0
66426 1.0
66451 0.9375
66452 0.0625
66476 0.9285714285714286
66477 0.07142857142857142
66577 1.0
66900 1.0
66905 1.0
66925 0.6666666666666666
66926 0.3333333333333333
67026 1.0
67051 1.0
67076 0.8333333333333334
67077 0.16666666666666666
67101 1.0
67177 0.9473684210526315
67178 0.05263157894736842
67202 1.0
67303 1.0
67525 1.0
67651 0.8333333333333334
67652 0.16666666666666666
67676 1.0
67777 0.5
67778 0.5
67802 0.8823529411764706
67803 0.11764705882352941
67827 1.0
67903 1.0
67928 0.8571428571428571
67929 0.14285714285714285
68150 1.0
68276 1.0
68402 0.625
68403 0.375
68427 0.6666666666666666
68428 0.3333333333333333
68528 0.9375
68529 0.0625
68654 1.0
68805 1.0
68810 1.0
68830 1.0
68835 1.0
68855 1.0
68860 1.0
68976 1.0
69425 1.0
69430 1.0
69451 1.0
69455 1.0
69476 1.0
69480 1.0
69551 1.0
69576 0.95
69577 0.05
69601 1.0
69606 1.0
70025 0.75
70026 0.25
70030 1.0
70151 1.0
70176 0.875
70177 0.125
70201 0.8333333333333334
70202 0.16666666666666666
70302 1.0
70327 1.0
70776 0.8333333333333334
70777 0.16666666666666666
70801 1.0
70902 0.6666666666666666
70903 0.3333333333333333
70927 0.8888888888888888
70928 0.1111111111111111
71028 1.0
71053 1.0
71275 1.0
71401 0.8333333333333334
71402 0.16666666666666666
71527 0.8461538461538461
71528 0.15384615384615385
71552 1.0
71653 0.8571428571428571
71654 0.14285714285714285
71678 1.0
71779 1.0
71910 1.0
71930 1.0
71935 1.0
71955 1.0
71960 1.0
71980 1.0
71985 1.0
72076 1.0
72081 1.0
72101 1.0
72106 1.0
72555 1.0
72580 1.0
72676 1.0
72701 1.0
72706 1.0
72726 1.0
72731 1.0
72827 1.0
73150 1.0
73176 1.0
73180 1.0
73276 1.0
73301 1.0
73326 0.6363636363636364
73327 0.36363636363636365
73427 0.9333333333333333
73428 0.06666666666666667
73452 1.0
73901 0.75
73902 0.25
73926 1.0
74027 0.6666666666666666
74028 0.3333333333333333
74052 0.9090909090909091
74053 0.09090909090909091
74153 1.0
74178 0.9090909090909091
74179 0.09090909090909091
74279 1.0
74526 0.5714285714285714
74527 0.42857142857142855
74652 0.6666666666666666
74653 0.3333333333333333
74778 0.9393939393939394
74779 0.06060606060606061
74803 1.0
74904 1.0
75035 1.0
75055 1.0
75060 1.0
75080 1.0
75085 1.0
75105 1.0
75110 1.0
75206 1.0
75231 1.0
75655 1.0
75676 1.0
75680 1.0
75801 1.0
75806 1.0
75826 0.9473684210526315
75827 0.05263157894736842
75831 1.0
75851 1.0
75856 1.0
75952 1.0
76275 1.0
76280 1.0
76300 1.0
76401 1.0
76426 0.8571428571428571
76427 0.14285714285714285
76451 1.0
76456 1.0
76552 0.8947368421052632
76553 0.10526315789473684
76577 1.0
76678 1.0
76900 1.0
77026 0.8
77027 0.2
77152 1.0
77177 1.0
77278 1.0
77303 1.0
77651 1.0
77777 1.0
77802 1.0
77903 0.9333333333333333
77904 0.06666666666666667
77928 1.0
78029 1.0
