0 1.0
6 1.0
25 1.0
31 0.975609756097561
32 0.024390243902439025
50 0.9523809523809523
51 0.047619047619047616
56 0.9847328244274809
57 0.015267175572519083
62 1.0
75 0.9734513274336283
76 0.02654867256637168
81 0.9618320610687023
82 0.03816793893129771
87 1.0
100 0.9871794871794872
101 0.01282051282051282
106 0.9696969696969697
107 0.030303030303030304
112 1.0
118 1.0
125 1.0
131 1.0
150 1.0
156 0.958904109589041
157 0.0410958904109589
162 0.9342105263157895
163 0.06578947368421052
168 1.0
181 0.9024390243902439
182 0.0975609756097561
187 0.9108910891089109
188 0.0891089108910891
193 0.9742268041237113
194 0.02577319587628866
199 1.0
206 0.8
207 0.2
212 0.9440298507462687
213 0.055970149253731345
218 0.9897959183673469
219 0.01020408163265306
224 1.0
237 0.7777777777777778
238 0.2222222222222222
243 1.0
250 1.0
256 0.9565217391304348
257 0.043478260869565216
262 0.8
263 0.2
268 1.0
274 1.0
276 1.0
281 0.9259259259259259
282 0.07407407407407407
287 0.8861788617886179
288 0.11382113821138211
293 0.9367469879518072
294 0.06325301204819277
299 1.0
312 0.7659574468085106
313 0.23404255319148937
318 0.918918918918919
319 0.08108108108108109
324 1.0
375 1.0
381 0.88
382 0.12
387 0.85
388 0.15
393 0.7837837837837838
394 0.21621621621621623
399 1.0
406 0.7142857142857143
407 0.2857142857142857
412 0.8571428571428571
413 0.14285714285714285
418 0.8897058823529411
419 0.11029411764705882
424 1.0
500 1.0
506 1.0
512 1.0
518 0.8450704225352113
519 0.15492957746478872
524 1.0
537 0.8235294117647058
538 0.17647058823529413
543 0.8918918918918919
544 0.10810810810810811
549 1.0
