55 0.75
56 0.25
60 1.0
80 1.0
85 1.0
105 1.0
110 1.0
181 1.0
186 1.0
206 1.0
211 1.0
231 1.0
236 1.0
267 1.0
307 1.0
317 1.0
398 1.0
413 1.0
418 1.0
655 1.0
776 1.0
781 1.0
806 1.0
826 0.6666666666666666
827 0.3333333333333333
831 1.0
912 1.0
917 1.0
932 1.0
937 1.0
952 1.0
957 1.0
1037 0.5
1038 0.5
1058 1.0
1144 1.0
1149 1.0
1169 1.0
1401 1.0
1406 1.0
1427 1.0
1527 1.0
1532 1.0
1537 1.0
1552 1.0
1557 0.875
1558 0.125
1653 1.0
1658 1.0
1663 1.0
1678 1.0
1683 1.0
1769 1.0
2001 1.0
2011 1.0
2031 1.0
2132 1.0
2152 1.0
2157 0.5
2158 0.5
2177 1.0
2268 1.0
2278 1.0
2283 1.0
2288 0.6666666666666666
2289 0.3333333333333333
2303 1.0
2394 1.0
2399 1.0
2414 1.0
2626 1.0
2752 1.0
2767 1.0
2772 1.0
2888 1.0
2903 0.8461538461538461
2904 0.15384615384615385
2908 1.0
2913 1.0
3014 1.0
3019 1.0
3024 1.0
3029 1.0
3034 1.0
3039 1.0
3160 1.0
3185 1.0
3210 1.0
3281 1.0
3286 1.0
3291 1.0
3306 1.0
3311 1.0
3331 1.0
3336 1.0
3356 1.0
3361 1.0
3412 1.0
3417 1.0
3437 1.0
3457 1.0
3523 1.0
3543 1.0
3785 1.0
3810 1.0
3906 1.0
3911 1.0
3931 0.8
3932 0.2
3936 1.0
3956 1.0
4017 1.0
4022 1.0
4052 1.0
4057 1.0
4062 1.0
4082 1.0
4143 1.0
4163 1.0
4168 1.0
4183 1.0
4188 1.0
4274 1.0
4531 1.0
4652 1.0
4657 1.0
4667 1.0
4677 0.4
4678 0.6
4682 1.0
4778 1.0
4783 1.0
4788 1.0
4793 1.0
4803 1.0
4808 1.0
4894 1.0
4899 1.0
4914 1.0
4919 1.0
5151 0.5
5152 0.5
5156 1.0
5161 1.0
5257 1.0
5277 1.0
5282 1.0
5388 1.0
5403 1.0
5408 1.0
5413 1.0
5514 1.0
5524 1.0
5529 1.0
5539 1.0
5756 1.0
5761 1.0
5877 1.0
5882 1.0
5887 1.0
5897 1.0
5902 1.0
5907 1.0
6008 1.0
6013 1.0
6018 1.0
6028 1.0
6033 1.0
6139 1.0
6144 1.0
6149 1.0
6154 1.0
6159 1.0
6164 1.0
6285 1.0
6391 1.0
6396 1.0
6411 1.0
6416 1.0
6431 1.0
6436 1.0
6461 1.0
6517 1.0
6537 1.0
6557 1.0
6562 1.0
6567 1.0
6582 1.0
6587 1.0
6648 1.0
6663 1.0
6668 1.0
6693 1.0
6774 1.0
7016 1.0
7031 1.0
7036 1.0
7142 1.0
7167 1.0
7182 1.0
7187 1.0
7207 1.0
7268 1.0
7273 1.0
7283 1.0
7288 1.0
7293 1.0
7308 1.0
7313 1.0
7394 1.0
7399 1.0
7656 1.0
7767 1.0
7772 1.0
7782 1.0
7787 1.0
7792 1.0
7888 1.0
7893 0.5
7894 0.5
7898 1.0
7903 1.0
7908 1.0
7913 1.0
7918 1.0
7933 1.0
8019 1.0
8044 1.0
8256 1.0
8382 1.0
8392 1.0
8407 1.0
8513 1.0
8518 1.0
8528 0.9
8529 0.1
8533 1.0
8538 1.0
8644 1.0
8649 1.0
8659 1.0
8664 1.0
8669 1.0
8876 1.0
8886 1.0
9002 1.0
9007 1.0
9012 1.0
9017 1.0
9027 1.0
9032 1.0
9133 1.0
9138 1.0
9143 1.0
9153 0.875
9154 0.125
9158 1.0
9264 1.0
9269 1.0
9274 1.0
9279 1.0
9284 1.0
9289 1.0
9415 1.0
9516 1.0
9536 1.0
9541 1.0
9561 1.0
9586 1.0
9667 1.0
9682 1.0
9687 1.0
9692 1.0
9707 1.0
9712 1.0
9773 1.0
9788 1.0
9793 1.0
9798 1.0
9899 1.0
9919 1.0
10156 1.0
10161 1.0
10267 1.0
10272 1.0
10282 1.0
10287 1.0
10307 1.0
10312 1.0
10332 1.0
10393 1.0
10398 1.0
10413 1.0
10418 1.0
10433 1.0
10438 1.0
10519 1.0
10524 1.0
10544 1.0
10761 1.0
10781 1.0
10786 1.0
10892 1.0
10907 1.0
10932 1.0
11019 1.0
11033 1.0
11038 1.0
11043 1.0
11058 1.0
11144 1.0
11149 1.0
11406 1.0
11507 1.0
11517 1.0
11532 1.0
11537 1.0
11638 1.0
11643 1.0
11653 1.0
11658 0.9
11659 0.1
11663 1.0
11764 1.0
11774 1.0
11779 1.0
11784 1.0
12006 1.0
12127 1.0
12132 1.0
12137 1.0
12157 1.0
12253 1.0
12258 1.0
12268 1.0
12278 0.8571428571428571
12279 0.14285714285714285
12283 0.875
12284 0.125
12288 1.0
12394 1.0
12399 1.0
12404 1.0
12409 1.0
12414 1.0
12641 1.0
12646 1.0
12661 1.0
12666 1.0
12686 1.0
12691 1.0
12711 1.0
12767 1.0
12772 1.0
12792 1.0
12807 1.0
12812 1.0
12817 1.0
12837 1.0
12842 1.0
12893 1.0
12918 1.0
12938 1.0
12943 1.0
13024 1.0
13266 1.0
13286 1.0
13392 1.0
13407 1.0
13412 1.0
13432 1.0
13437 1.0
13518 1.0
13523 1.0
13533 1.0
13538 1.0
13543 1.0
13558 1.0
13644 1.0
13649 1.0
13669 1.0
13886 1.0
13891 1.0
13907 1.0
14017 1.0
14032 0.8333333333333334
14033 0.16666666666666666
14037 1.0
14058 1.0
14143 1.0
14158 1.0
14163 1.0
14168 1.0
14183 1.0
14188 1.0
14269 1.0
14274 1.0
14284 1.0
14289 1.0
14294 1.0
14511 1.0
14632 1.0
14637 1.0
14642 1.0
14657 1.0
14662 1.0
14763 1.0
14768 1.0
14783 0.9285714285714286
14784 0.07142857142857142
14788 1.0
14889 1.0
14894 1.0
14899 1.0
14909 1.0
14914 1.0
15131 1.0
15257 1.0
15262 1.0
15388 1.0
15403 0.8
15404 0.2
15408 1.0
15509 1.0
15514 1.0
15519 1.0
15524 1.0
15529 1.0
15534 1.0
15539 1.0
15680 1.0
15685 1.0
15705 1.0
15710 1.0
15725 1.0
15730 1.0
15735 1.0
15826 1.0
15831 1.0
15851 1.0
15856 1.0
16275 1.0
16280 1.0
16300 0.5
16301 0.5
16305 1.0
16330 1.0
16350 1.0
16426 1.0
16451 0.875
16452 0.125
16456 1.0
16476 1.0
16552 0.875
16553 0.125
16577 1.0
16900 1.0
17026 1.0
17051 0.6
17052 0.4
17152 1.0
17177 1.0
17202 1.0
17278 1.0
17303 1.0
17651 1.0
17752 1.0
17777 0.7857142857142857
17778 0.21428571428571427
17802 1.0
17903 0.9459459459459459
17904 0.05405405405405406
17928 1.0
18029 1.0
18377 1.0
18503 0.7142857142857143
18504 0.2857142857142857
18528 0.9545454545454546
18529 0.045454545454545456
18629 1.0
18654 1.0
18780 1.0
18785 1.0
18805 1.0
18810 1.0
18830 1.0
18855 1.0
18951 1.0
18956 1.0
18961 1.0
18976 1.0
18981 1.0
18986 1.0
19405 1.0
19430 1.0
19526 1.0
19551 1.0
19556 0.5
19557 0.5
19576 0.7777777777777778
19577 0.2222222222222222
19581 1.0
19677 1.0
19682 1.0
19702 1.0
19707 1.0
20151 1.0
20156 1.0
20176 1.0
20277 1.0
20302 0.8888888888888888
20303 0.1111111111111111
20403 1.0
20428 1.0
20650 1.0
20752 1.0
20776 1.0
20781 1.0
20877 1.0
20902 0.8571428571428571
20903 0.14285714285714285
21028 0.9565217391304348
21029 0.043478260869565216
21053 1.0
21154 1.0
21376 1.0
21502 1.0
21527 1.0
21628 0.5
21629 0.5
21653 1.0
21754 1.0
21779 1.0
21905 1.0
21910 1.0
21930 1.0
21935 1.0
21955 1.0
21960 1.0
22056 1.0
22081 1.0
22086 1.0
22106 1.0
22111 1.0
22182 1.0
22535 1.0
22555 1.0
22656 1.0
22676 1.0
22681 0.6
22682 0.4
22706 1.0
22802 1.0
22807 1.0
22827 1.0
22832 1.0
23276 1.0
23281 1.0
23402 0.8571428571428571
23403 0.14285714285714285
23427 1.0
23432 1.0
23528 1.0
23553 1.0
23901 1.0
24027 0.8461538461538461
24028 0.15384615384615385
24053 1.0
24057 1.0
24153 1.0
24178 1.0
24279 1.0
24501 1.0
24627 0.8333333333333334
24628 0.16666666666666666
24753 1.0
24778 0.84
24779 0.16
24879 1.0
24904 1.0
25030 1.0
25035 1.0
25060 1.0
25181 1.0
25186 1.0
25206 1.0
25211 1.0
25231 1.0
25307 1.0
25332 1.0
25337 1.0
25655 1.0
25680 1.0
25781 1.0
25806 1.0
25831 1.0
25927 0.5
25928 0.5
25932 1.0
25957 1.0
26053 1.0
26058 1.0
26280 1.0
26406 1.0
26527 0.6
26528 0.4
26532 1.0
26552 1.0
26557 1.0
26653 1.0
26678 1.0
27026 1.0
27031 1.0
27152 0.875
27153 0.125
27157 1.0
27278 0.9655172413793104
27279 0.034482758620689655
27404 1.0
27626 1.0
27752 1.0
27777 1.0
27878 1.0
27903 0.8695652173913043
27904 0.13043478260869565
28004 1.0
28029 1.0
28155 1.0
28160 1.0
28286 1.0
28306 1.0
28311 1.0
28331 1.0
28336 1.0
28341 1.0
28432 1.0
28437 1.0
28457 1.0
28462 1.0
28780 1.0
28906 1.0
28911 1.0
28931 1.0
28956 0.8
28957 0.2
29052 1.0
29057 0.9583333333333334
29058 0.041666666666666664
29062 1.0
29082 1.0
29178 1.0
29183 1.0
29526 1.0
29531 1.0
29652 1.0
29657 1.0
29677 0.875
29678 0.125
29682 1.0
29778 1.0
29783 1.0
29803 1.0
29808 1.0
30152 1.0
30277 1.0
30282 1.0
30403 0.9210526315789473
30404 0.07894736842105263
30408 1.0
30529 1.0
30751 1.0
30776 1.0
30877 1.0
31003 1.0
31028 0.8461538461538461
31029 0.15384615384615385
31129 1.0
31154 1.0
31280 1.0
31305 1.0
31310 1.0
31325 1.0
31330 1.0
31350 0.9
31351 0.1
31355 1.0
31451 1.0
31476 1.0
31900 1.0
31925 0.8333333333333334
31926 0.16666666666666666
31950 1.0
31975 1.0
32026 1.0
32051 1.0
32076 1.0
32101 1.0
32177 1.0
32202 1.0
32525 1.0
32651 1.0
32676 1.0
32777 0.6
32778 0.4
32802 0.95
32803 0.05
32903 0.875
32904 0.125
32928 1.0
33276 0.75
33277 0.25
33377 1.0
33402 1.0
33528 0.9615384615384616
33529 0.038461538461538464
33654 1.0
34002 1.0
34128 1.0
34153 0.875
34154 0.125
34254 1.0
34279 1.0
34430 1.0
34435 1.0
34455 1.0
34460 1.0
34475 1.0
34480 1.0
34485 1.0
34576 1.0
34581 1.0
34601 1.0
34606 1.0
35025 1.0
35030 1.0
35050 0.8
35051 0.2
35055 1.0
35151 1.0
35176 1.0
35201 0.9666666666666667
35202 0.03333333333333333
35206 1.0
35302 0.9090909090909091
35303 0.09090909090909091
35327 1.0
35776 1.0
35801 1.0
35902 1.0
35927 0.8571428571428571
35928 0.14285714285714285
36028 1.0
36053 1.0
36376 1.0
36401 1.0
36502 1.0
36527 0.875
36528 0.125
36552 1.0
36653 0.9310344827586207
36654 0.06896551724137931
36779 1.0
37001 0.6666666666666666
37002 0.3333333333333333
37127 1.0
37253 0.75
37254 0.25
37278 1.0
37379 1.0
37404 1.0
37535 1.0
37555 1.0
37560 1.0
37580 1.0
37585 1.0
37605 1.0
37701 1.0
37706 1.0
37726 1.0
37731 1.0
38150 1.0
38180 1.0
38276 1.0
38301 0.8888888888888888
38302 0.1111111111111111
38326 1.0
38331 1.0
38351 1.0
38427 1.0
38452 1.0
38901 0.8571428571428571
38902 0.14285714285714285
38926 1.0
39027 0.8
39028 0.2
39052 0.8888888888888888
39053 0.1111111111111111
39153 0.8888888888888888
39154 0.1111111111111111
39178 1.0
39526 0.5
39527 0.5
39627 1.0
39652 0.6666666666666666
39653 0.3333333333333333
39778 0.9583333333333334
39779 0.041666666666666664
39904 1.0
40126 1.0
40252 1.0
40378 0.8
40379 0.2
40403 0.8333333333333334
40404 0.16666666666666666
40504 1.0
40529 1.0
40655 1.0
40660 1.0
40680 1.0
40685 1.0
40705 1.0
40710 1.0
40735 1.0
40806 1.0
40826 1.0
40831 1.0
40836 1.0
40856 1.0
41280 1.0
41401 1.0
41406 1.0
41426 0.8
41427 0.2
41431 1.0
41451 1.0
41456 1.0
41552 1.0
41577 1.0
41905 1.0
42026 1.0
42031 1.0
42051 1.0
42152 0.625
42153 0.375
42177 0.95
42178 0.05
42278 1.0
42303 1.0
42651 1.0
42752 1.0
42777 0.9166666666666666
42778 0.08333333333333333
42802 1.0
42903 0.9705882352941176
42904 0.029411764705882353
43029 1.0
43251 0.75
43252 0.25
43276 1.0
43377 1.0
43503 0.9285714285714286
43504 0.07142857142857142
43528 1.0
43629 1.0
43654 1.0
43780 1.0
43805 1.0
43810 1.0
43835 1.0
43860 1.0
43952 1.0
43956 1.0
43961 1.0
43981 1.0
43986 1.0
44405 1.0
44531 1.0
44551 1.0
44556 1.0
44576 1.0
44581 1.0
44677 1.0
44682 1.0
44702 1.0
44707 1.0
44803 1.0
45151 1.0
45156 1.0
45277 1.0
45302 0.9523809523809523
45303 0.047619047619047616
45403 1.0
45428 1.0
45529 1.0
45776 1.0
45877 1.0
45902 0.875
45903 0.125
46028 1.0
46154 1.0
46376 1.0
46401 1.0
46502 0.8
46503 0.2
46527 1.0
46628 1.0
46653 0.9411764705882353
46654 0.058823529411764705
46754 1.0
46779 1.0
46930 1.0
46950 1.0
46955 1.0
46960 1.0
46975 1.0
46980 1.0
46985 1.0
47076 1.0
47101 1.0
47550 1.0
47576 1.0
47601 1.0
47676 1.0
47701 0.8
47702 0.2
47726 1.0
47802 1.0
47827 1.0
47928 1.0
48151 1.0
48276 0.8
48277 0.2
48301 1.0
48402 0.7142857142857143
48403 0.2857142857142857
48427 0.9444444444444444
48428 0.05555555555555555
48528 0.7692307692307693
48529 0.23076923076923078
48553 1.0
48654 1.0
48901 1.0
49002 1.0
49027 0.5
49028 0.5
49153 0.9032258064516129
49154 0.0967741935483871
49254 1.0
49279 1.0
49501 1.0
49627 1.0
49753 0.7692307692307693
49754 0.23076923076923078
49778 1.0
49879 1.0
49904 1.0
50050 1.0
50055 1.0
50060 1.0
50075 1.0
50080 1.0
50100 1.0
50105 1.0
50110 1.0
50201 1.0
50226 1.0
50675 1.0
50777 1.0
50801 1.0
50826 0.8888888888888888
50827 0.1111111111111111
50851 1.0
50927 0.75
50928 0.25
50952 1.0
51053 1.0
51275 1.0
51401 0.5
51402 0.5
51426 1.0
51527 1.0
51552 0.6818181818181818
51553 0.3181818181818182
51653 0.8571428571428571
51654 0.14285714285714285
51678 1.0
51779 1.0
52001 1.0
52026 1.0
52127 1.0
52152 1.0
52278 0.92
52279 0.08
52404 1.0
52626 0.75
52627 0.25
52752 1.0
52878 0.8181818181818182
52879 0.18181818181818182
52903 1.0
53004 1.0
53029 1.0
53175 1.0
53180 1.0
53205 1.0
53230 1.0
53235 1.0
53326 1.0
53331 1.0
53351 1.0
53356 1.0
53775 1.0
53800 1.0
53805 1.0
53830 1.0
53901 1.0
53926 1.0
53951 0.8333333333333334
53952 0.16666666666666666
53956 1.0
53976 1.0
54052 1.0
54077 1.0
54400 1.0
54526 1.0
54551 1.0
54677 0.8947368421052632
54678 0.10526315789473684
54778 0.75
54779 0.25
54803 1.0
55127 1.0
55151 1.0
55252 1.0
55277 1.0
55378 1.0
55403 0.9615384615384616
55404 0.038461538461538464
55529 1.0
55877 1.0
56003 0.8
56004 0.2
56028 1.0
56129 1.0
56154 1.0
56305 1.0
56330 1.0
56335 1.0
56355 1.0
56360 1.0
56451 1.0
56456 1.0
56481 1.0
56577 1.0
56900 0.6
56901 0.4
56930 1.0
57026 1.0
57051 1.0
57056 1.0
57076 0.9333333333333333
57077 0.06666666666666667
57081 1.0
57177 1.0
57202 1.0
57525 1.0
57651 1.0
57777 1.0
57802 0.8666666666666667
57803 0.13333333333333333
57903 1.0
57928 1.0
58029 1.0
58251 1.0
58276 0.6666666666666666
58277 0.3333333333333333
58377 1.0
58402 0.6
58403 0.4
58427 1.0
58528 0.8529411764705882
58529 0.14705882352941177
58654 1.0
59002 1.0
59128 1.0
59153 0.75
59154 0.25
59254 1.0
59279 1.0
59430 1.0
59435 1.0
59460 1.0
59576 1.0
59581 1.0
59606 1.0
60030 1.0
60055 1.0
60151 1.0
60176 0.8333333333333334
60177 0.16666666666666666
60181 1.0
60201 1.0
60206 1.0
60302 0.9166666666666666
60303 0.08333333333333333
60327 1.0
60428 1.0
60776 1.0
60801 1.0
60902 0.8
60903 0.2
60927 0.84
60928 0.16
61028 0.8571428571428571
61029 0.14285714285714285
61053 1.0
61154 1.0
61502 1.0
61527 0.5
61528 0.5
61653 0.9583333333333334
61654 0.041666666666666664
61779 1.0
62001 1.0
62127 1.0
62253 0.9
62254 0.1
62278 0.8571428571428571
62279 0.14285714285714285
62379 1.0
62404 1.0
62550 1.0
62555 1.0
62560 1.0
62575 1.0
62600 0.9545454545454546
62601 0.045454545454545456
62605 1.0
62726 1.0
63175 1.0
63200 1.0
63225 0.8333333333333334
63226 0.16666666666666666
63301 0.6666666666666666
63302 0.3333333333333333
63326 0.88
63327 0.12
63351 1.0
63427 1.0
63452 1.0
63553 1.0
63775 1.0
63800 1.0
63901 0.8
63902 0.2
64027 1.0
64052 0.9
64053 0.1
64153 0.9285714285714286
64154 0.07142857142857142
64178 1.0
64279 1.0
64526 1.0
64627 1.0
64652 0.6666666666666666
64653 0.3333333333333333
64778 0.84375
64779 0.15625
64879 1.0
64904 1.0
65126 1.0
65252 1.0
65378 0.5
65379 0.5
65403 1.0
65504 1.0
65529 1.0
65675 1.0
65680 1.0
65685 1.0
65700 1.0
65725 0.9166666666666666
65726 0.08333333333333333
65730 1.0
65735 1.0
65826 1.0
65851 1.0
66275 1.0
66300 0.5
66301 0.5
66325 0.5
66326 0.5
66426 1.0
66451 0.7391304347826086
66452 0.2608695652173913
66476 1.0
66552 0.8
66553 0.2
66577 1.0
66678 1.0
66900 1.0
67026 1.0
67052 1.0
67152 1.0
67177 1.0
67202 1.0
67278 0.9444444444444444
67279 0.05555555555555555
67303 1.0
67404 1.0
67627 1.0
67651 1.0
67752 1.0
67777 1.0
67878 0.5
67879 0.5
67903 0.95
67904 0.05
68004 1.0
68029 1.0
68251 0.5
68252 0.5
68377 1.0
68503 1.0
68528 1.0
68629 1.0
68654 1.0
68800 1.0
68805 1.0
68810 1.0
68825 1.0
68830 1.0
68835 1.0
68855 0.9473684210526315
68856 0.05263157894736842
68951 1.0
68976 1.0
68981 1.0
69425 1.0
69430 1.0
69526 1.0
69551 1.0
69576 0.9130434782608695
69577 0.08695652173913043
69601 1.0
69677 1.0
69702 1.0
70025 1.0
70151 1.0
70176 0.6666666666666666
70177 0.3333333333333333
70277 0.6666666666666666
70278 0.3333333333333333
70302 1.0
70403 1.0
70428 1.0
70776 1.0
70877 1.0
70902 1.0
71003 1.0
71028 0.9444444444444444
71029 0.05555555555555555
71129 1.0
71154 1.0
71376 1.0
71502 1.0
71628 0.9090909090909091
71629 0.09090909090909091
71653 0.8571428571428571
71654 0.14285714285714285
71754 1.0
71779 1.0
71910 1.0
71925 1.0
71930 1.0
71935 1.0
71955 1.0
71960 1.0
71980 1.0
71985 1.0
72076 0.8888888888888888
72077 0.1111111111111111
72081 1.0
72101 1.0
72106 1.0
72525 1.0
72530 1.0
72550 1.0
72676 0.4
72677 0.6
72701 0.9333333333333333
72702 0.06666666666666667
72706 1.0
72802 1.0
72827 1.0
72928 1.0
72953 1.0
73276 0.8181818181818182
73277 0.18181818181818182
73402 0.6666666666666666
73403 0.3333333333333333
73427 0.9545454545454546
73428 0.045454545454545456
73528 1.0
73553 1.0
73876 1.0
73901 1.0
74002 1.0
74027 0.625
74028 0.375
74153 0.9047619047619048
74154 0.09523809523809523
74254 1.0
74279 1.0
74501 1.0
74627 1.0
74753 0.8
74754 0.2
74778 0.6666666666666666
74779 0.3333333333333333
74879 1.0
74904 1.0
75035 1.0
75055 1.0
75060 1.0
75080 1.0
75085 1.0
75105 1.0
75110 1.0
75176 1.0
75201 1.0
75206 1.0
75226 0.6666666666666666
75227 0.3333333333333333
75231 1.0
75650 1.0
75776 1.0
75801 1.0
75826 0.9375
75827 0.0625
75831 1.0
75927 1.0
75952 1.0
76053 1.0
76275 1.0
76401 0.875
76402 0.125
76426 1.0
76527 1.0
76552 0.8571428571428571
76553 0.14285714285714285
76653 0.9375
76654 0.0625
76678 1.0
77001 1.0
77026 1.0
77127 1.0
77152 0.5
77153 0.5
77278 1.0
77404 1.0
77752 0.8
77753 0.2
77878 0.8333333333333334
77879 0.16666666666666666
77903 0.75
77904 0.25
78004 1.0
78029 1.0
