31 1.0
56 1.0
62 1.0
81 1.0
87 1.0
106 1.0
112 1.0
137 1.0
150 1.0
156 1.0
175 1.0
181 1.0
187 1.0
200 1.0
206 1.0
211 0.16666666666666666
212 0.8333333333333334
231 1.0
237 1.0
250 1.0
256 1.0
268 1.0
274 1.0
275 1.0
280 0.2
281 0.8
287 1.0
293 1.0
300 1.0
306 1.0
311 0.14285714285714285
312 0.8571428571428571
318 1.0
325 1.0
331 1.0
387 1.0
392 0.3333333333333333
393 0.6666666666666666
399 1.0
400 1.0
406 1.0
411 0.08333333333333333
412 0.9166666666666666
417 0.25
418 0.75
425 1.0
430 0.3333333333333333
431 0.6666666666666666
437 1.0
512 1.0
518 1.0
523 0.125
524 0.875
525 1.0
536 0.3333333333333333
537 0.6666666666666666
543 1.0
662 1.0
687 1.0
712 1.0
756 1.0
762 1.0
781 1.0
786 0.16666666666666666
787 0.8333333333333334
793 1.0
806 1.0
812 1.0
831 1.0
837 1.0
856 1.0
862 1.0
875 1.0
881 1.0
887 1.0
898 0.3333333333333333
899 0.6666666666666666
900 1.0
905 0.16666666666666666
906 0.8333333333333334
912 1.0
918 1.0
925 1.0
930 0.1
931 0.9
937 1.0
956 1.0
1012 1.0
1018 1.0
1024 1.0
1025 1.0
1030 0.043478260869565216
1031 0.9565217391304348
1037 1.0
1043 1.0
1050 1.0
1055 0.2
1056 0.8
1137 1.0
1142 0.125
1143 0.875
1149 1.0
1150 1.0
1156 1.0
1162 1.0
1168 1.0
1287 1.0
1381 1.0
1387 1.0
1393 1.0
1399 1.0
1406 1.0
1411 0.1
1412 0.9
1418 1.0
1431 1.0
1437 1.0
1462 1.0
1506 1.0
1512 1.0
1518 1.0
1524 1.0
1525 1.0
1530 0.1111111111111111
1531 0.8888888888888888
1537 1.0
1543 1.0
1556 1.0
1561 0.14285714285714285
1562 0.8571428571428571
1568 1.0
1581 1.0
1587 1.0
1637 1.0
1642 0.1111111111111111
1643 0.8888888888888888
1649 1.0
1650 1.0
1655 0.11428571428571428
1656 0.8857142857142857
1661 0.05
1662 0.95
1668 1.0
1673 1.0
1681 1.0
1687 1.0
1693 1.0
1762 1.0
1768 1.0
1774 1.0
1775 1.0
1780 0.3333333333333333
1781 0.6666666666666666
1787 1.0
1793 1.0
1918 1.0
2006 1.0
2012 1.0
2018 1.0
2031 1.0
2037 1.0
2043 1.0
2062 1.0
2087 1.0
2125 1.0
2131 1.0
2137 1.0
2142 0.2
2143 0.8
2149 1.0
2156 1.0
2161 0.18181818181818182
2162 0.8181818181818182
2168 1.0
2181 1.0
2186 0.11764705882352941
2187 0.8823529411764706
2192 0.16666666666666666
2193 0.8333333333333334
2206 1.0
2212 1.0
2262 1.0
2268 1.0
2274 1.0
2275 1.0
2280 0.10714285714285714
2281 0.8928571428571429
2286 0.034482758620689655
2287 0.9655172413793104
2293 1.0
2299 1.0
2306 1.0
2312 1.0
2387 1.0
2393 1.0
2399 1.0
2400 1.0
2405 0.25
2406 0.75
2412 1.0
2418 1.0
2637 1.0
2643 1.0
2649 1.0
2662 1.0
2668 1.0
2687 1.0
2693 1.0
2712 1.0
2756 1.0
2762 1.0
2768 1.0
2774 1.0
2781 1.0
2787 1.0
2793 1.0
2806 1.0
2812 1.0
2818 1.0
2837 1.0
2843 1.0
2887 1.0
2893 1.0
2898 0.5
2899 0.5
2900 1.0
2905 0.03571428571428571
2906 0.9642857142857143
2911 0.038461538461538464
2912 0.9615384615384616
2918 1.0
2931 1.0
2936 0.2
2937 0.8
2943 1.0
3012 1.0
3018 1.0
3023 0.07142857142857142
3024 0.9285714285714286
3025 1.0
3031 1.0
3037 1.0
3043 1.0
3150 1.0
3155 0.25
3156 0.75
3175 1.0
3180 0.14285714285714285
3181 0.8571428571428571
3187 1.0
3200 1.0
3206 1.0
3212 1.0
3225 1.0
3230 0.03333333333333333
3231 0.9666666666666667
3237 1.0
3250 1.0
3275 1.0
3300 1.0
3306 1.0
3325 1.0
3330 0.3
3331 0.7
3350 1.0
3356 1.0
3375 1.0
3400 1.0
3425 1.0
3450 1.0
3525 1.0
3550 1.0
3650 1.0
3781 1.0
3787 1.0
3806 1.0
3812 1.0
3831 1.0
3836 1.0
3856 1.0
3875 1.0
3900 1.0
3905 0.3333333333333333
3906 0.6666666666666666
3925 1.0
3930 0.16666666666666666
3931 0.8333333333333334
3950 1.0
3955 0.041666666666666664
3956 0.9583333333333334
3962 1.0
3975 1.0
3981 1.0
3987 1.0
4000 1.0
4025 1.0
4050 1.0
4055 1.0
4075 1.0
4080 0.3333333333333333
4081 0.6666666666666666
4150 1.0
4175 1.0
4275 1.0
4406 1.0
4412 1.0
4431 1.0
4437 1.0
4456 1.0
4462 1.0
4500 1.0
4525 1.0
4530 0.25
4531 0.75
4550 1.0
4555 0.25
4556 0.75
4581 1.0
4587 1.0
4606 1.0
4612 1.0
4625 1.0
4650 1.0
4655 0.5
4656 0.5
4675 1.0
4680 0.3333333333333333
4681 0.6666666666666666
4700 1.0
4706 1.0
4775 1.0
4800 1.0
4900 1.0
5031 1.0
5036 0.2
5037 0.8
5056 1.0
5062 1.0
5125 1.0
5131 1.0
5150 1.0
5156 1.0
5181 1.0
5187 1.0
5206 1.0
5212 1.0
5231 1.0
5250 1.0
5275 1.0
5281 1.0
5300 1.0
5305 0.10344827586206896
5306 0.896551724137931
5325 1.0
5331 1.0
5400 1.0
5406 1.0
5425 1.0
5525 1.0
5656 1.0
5662 1.0
5775 1.0
5780 0.125
5781 0.875
5786 0.25
5787 0.75
5806 1.0
5812 1.0
5831 1.0
5837 1.0
5843 1.0
5875 1.0
5900 1.0
5906 1.0
5925 1.0
5930 0.08571428571428572
5931 0.9142857142857143
5937 1.0
5956 1.0
5962 1.0
6025 1.0
6030 0.2
6031 0.8
6050 1.0
6055 0.09090909090909091
6056 0.9090909090909091
6150 1.0
6275 1.0
6281 1.0
6300 1.0
6306 1.0
6312 1.0
6325 1.0
6331 1.0
6350 1.0
6355 0.058823529411764705
6356 0.9411764705882353
6375 1.0
6400 1.0
6425 1.0
6450 1.0
6475 1.0
6500 1.0
6525 1.0
6550 1.0
6575 1.0
6625 1.0
6650 1.0
6675 1.0
6750 1.0
6775 1.0
6900 1.0
6906 1.0
6925 1.0
6931 1.0
6937 1.0
6956 1.0
6962 1.0
6975 1.0
6980 0.07692307692307693
6981 0.9230769230769231
6987 1.0
7025 1.0
7050 1.0
7075 1.0
7080 0.5
7081 0.5
7100 1.0
7106 1.0
7125 1.0
7150 1.0
7175 1.0
7200 1.0
7275 1.0
7300 1.0
7375 1.0
7400 1.0
7525 1.0
7537 1.0
7550 1.0
7556 1.0
7562 1.0
7581 1.0
7587 1.0
7606 1.0
7625 1.0
7650 1.0
7675 1.0
7700 1.0
7705 0.15
7706 0.85
7725 1.0
7730 0.1111111111111111
7731 0.8888888888888888
7750 1.0
7775 1.0
7800 1.0
7825 1.0
7875 1.0
7900 1.0
7925 1.0
8025 1.0
8150 1.0
8156 1.0
8162 1.0
8181 1.0
8186 0.2
8187 0.8
8206 1.0
8212 1.0
8237 1.0
8250 1.0
8275 1.0
8280 0.2
8281 0.8
8300 1.0
8306 1.0
8325 1.0
8330 0.06896551724137931
8331 0.9310344827586207
8337 1.0
8356 1.0
8362 1.0
8375 1.0
8400 1.0
8425 1.0
8430 1.0
8450 1.0
8455 1.0
8525 1.0
8550 1.0
8625 1.0
8650 1.0
8781 1.0
8806 1.0
8812 1.0
8837 1.0
8862 1.0
8875 1.0
8900 1.0
8905 0.25
8906 0.75
8925 1.0
8930 0.1111111111111111
8931 0.8888888888888888
8956 1.0
8962 1.0
8981 1.0
8987 1.0
9000 1.0
9025 1.0
9050 1.0
9055 0.6666666666666666
9056 0.3333333333333333
9075 1.0
9080 0.25
9081 0.75
9150 1.0
9175 1.0
9275 1.0
9400 1.0
9425 1.0
9431 1.0
9450 1.0
9456 1.0
9462 1.0
9475 1.0
9480 0.05
9481 0.95
9487 1.0
9500 1.0
9525 1.0
9550 1.0
9575 1.0
9600 1.0
9625 1.0
9650 1.0
9675 1.0
9700 1.0
9750 1.0
9775 1.0
9800 1.0
9875 1.0
9900 1.0
10025 1.0
10050 1.0
10055 0.2857142857142857
10056 0.7142857142857143
10062 1.0
10081 1.0
10100 1.0
10106 1.0
10112 1.0
10125 1.0
10150 1.0
10175 1.0
10200 1.0
10225 1.0
10250 1.0
10275 1.0
10300 1.0
10325 1.0
10375 1.0
10400 1.0
10425 1.0
10500 1.0
10525 1.0
10650 1.0
10675 1.0
10681 1.0
10706 1.0
10731 1.0
10737 1.0
10775 1.0
10800 1.0
10825 1.0
10831 1.0
10850 1.0
10856 1.0
10875 1.0
10900 1.0
10925 1.0
10950 1.0
11000 1.0
11025 1.0
11050 1.0
11125 1.0
11150 1.0
11275 1.0
11280 0.3333333333333333
11281 0.6666666666666666
11300 1.0
11306 1.0
11331 1.0
11337 1.0
11356 1.0
11362 1.0
11375 1.0
11400 1.0
11425 1.0
11450 1.0
11455 0.17391304347826086
11456 0.8260869565217391
11475 1.0
11481 1.0
11500 1.0
11525 1.0
11550 1.0
11575 1.0
11650 1.0
11675 1.0
11750 1.0
11775 1.0
11906 1.0
11930 0.2
11931 0.8
11937 1.0
11962 1.0
12000 1.0
12025 1.0
12050 1.0
12056 1.0
12075 1.0
12080 0.08695652173913043
12081 0.9130434782608695
12106 1.0
12125 1.0
12150 1.0
12175 1.0
12200 1.0
12250 1.0
12275 1.0
12300 1.0
12400 1.0
12525 1.0
12550 1.0
12556 1.0
12562 1.0
12575 1.0
12580 0.5
12581 0.5
12600 1.0
12605 0.07692307692307693
12606 0.9230769230769231
12625 1.0
12650 1.0
12675 1.0
12700 1.0
12725 1.0
12750 1.0
12775 1.0
12800 1.0
12825 1.0
12875 1.0
12900 1.0
12925 1.0
13000 1.0
13025 1.0
13150 1.0
13175 1.0
13180 0.2
13181 0.8
13187 1.0
13200 1.0
13206 1.0
13225 1.0
13230 0.15384615384615385
13231 0.8461538461538461
13237 1.0
13250 1.0
13275 1.0
13300 1.0
13325 1.0
13350 1.0
13375 1.0
13400 1.0
13425 1.0
13450 1.0
13500 1.0
13525 1.0
13550 1.0
13625 1.0
13650 1.0
13775 1.0
13780 1.0
13800 1.0
13805 0.1111111111111111
13806 0.8888888888888888
13812 1.0
13831 1.0
13837 1.0
13850 1.0
13855 0.09090909090909091
13856 0.9090909090909091
13862 1.0
13875 1.0
13900 1.0
13925 1.0
13950 1.0
13975 1.0
14000 1.0
14025 1.0
14050 1.0
14075 1.0
14125 1.0
14150 1.0
14175 1.0
14250 1.0
14275 1.0
14400 1.0
14412 1.0
14425 1.0
14431 1.0
14437 1.0
14456 1.0
14462 1.0
14481 1.0
14487 1.0
14500 1.0
14525 1.0
14550 1.0
14575 1.0
14581 1.0
14600 1.0
14606 1.0
14625 1.0
14650 1.0
14675 1.0
14700 1.0
14750 1.0
14775 1.0
14800 1.0
14875 1.0
14900 1.0
15025 1.0
15031 1.0
15037 1.0
15056 1.0
15062 1.0
15081 1.0
15087 1.0
15106 1.0
15111 0.3333333333333333
15112 0.6666666666666666
15150 1.0
15175 1.0
15200 1.0
15205 0.125
15206 0.875
15225 1.0
15230 0.05
15231 0.95
15250 1.0
15275 1.0
15300 1.0
15325 1.0
15375 1.0
15400 1.0
15425 1.0
15500 1.0
15525 1.0
