143 1.0
148 1.0
167 0.125
168 0.875
268 1.0
273 0.4
274 0.6
292 0.05555555555555555
293 0.9444444444444444
298 0.5
299 0.5
318 1.0
393 1.0
398 0.3333333333333333
399 0.6666666666666666
417 0.1016949152542373
418 0.8983050847457628
423 0.6
424 0.4
442 0.14285714285714285
443 0.8571428571428571
518 1.0
523 0.05405405405405406
524 0.9459459459459459
543 1.0
548 0.375
549 0.625
768 1.0
773 0.5
774 0.5
793 1.0
798 0.8333333333333334
799 0.16666666666666666
893 1.0
898 0.18181818181818182
899 0.8181818181818182
918 1.0
923 0.6666666666666666
924 0.3333333333333333
943 1.0
1018 1.0
1023 0.42857142857142855
1024 0.5714285714285714
1042 0.09333333333333334
1043 0.9066666666666666
1048 0.75
1049 0.25
1067 0.2
1068 0.8
1073 1.0
1143 1.0
1148 0.13333333333333333
1149 0.8666666666666667
1168 1.0
1173 0.07142857142857142
1174 0.9285714285714286
1393 1.0
1398 0.5
1399 0.5
1418 1.0
1423 1.0
1518 1.0
1523 0.058823529411764705
1524 0.9411764705882353
1543 1.0
1548 0.5
1549 0.5
1568 1.0
1643 1.0
1648 0.3333333333333333
1649 0.6666666666666666
1667 0.109375
1668 0.890625
1673 0.76
1674 0.24
1692 0.2
1693 0.8
1698 1.0
1768 1.0
1773 0.06060606060606061
1774 0.9393939393939394
1793 1.0
1798 0.3333333333333333
1799 0.6666666666666666
2018 1.0
2023 0.5
2024 0.5
2043 1.0
2048 0.8
2049 0.2
2142 0.14285714285714285
2143 0.8571428571428571
2148 0.1
2149 0.9
2168 1.0
2173 1.0
2193 1.0
2268 1.0
2273 0.38461538461538464
2274 0.6153846153846154
2292 0.11290322580645161
2293 0.8870967741935484
2298 0.631578947368421
2299 0.3684210526315789
2318 1.0
2393 1.0
2398 0.075
2399 0.925
2418 1.0
2423 0.3333333333333333
2424 0.6666666666666666
2643 1.0
2649 1.0
2668 1.0
2768 1.0
2773 0.13333333333333333
2774 0.8666666666666667
2793 1.0
2798 0.5
2799 0.5
2893 1.0
2898 0.25
2899 0.75
2918 1.0
2923 0.48148148148148145
2924 0.5185185185185185
2943 1.0
3018 1.0
3023 0.04878048780487805
3024 0.9512195121951219
3043 1.0
3048 0.3157894736842105
3049 0.6842105263157895
3168 1.0
3268 1.0
3287 1.0
3292 0.52
3293 0.48
3312 1.0
3317 0.9
3318 0.1
3337 1.0
3342 1.0
3412 1.0
3417 0.6206896551724138
3418 0.3793103448275862
3437 1.0
3442 0.6836734693877551
3443 0.3163265306122449
3462 1.0
3467 0.9411764705882353
3468 0.058823529411764705
3537 1.0
3542 1.0
3562 1.0
3567 0.8
3568 0.2
3893 1.0
3912 1.0
3917 0.3225806451612903
3918 0.6774193548387096
3937 1.0
3942 1.0
3968 1.0
4037 1.0
4042 0.4444444444444444
4043 0.5555555555555556
4062 1.0
4067 0.5679012345679012
4068 0.43209876543209874
4087 1.0
4092 0.8
4093 0.2
4162 1.0
4167 1.0
4187 1.0
4192 0.7
4193 0.3
4518 1.0
4537 1.0
4542 0.4146341463414634
4543 0.5853658536585366
4562 1.0
4567 0.6666666666666666
4568 0.3333333333333333
4662 1.0
4667 0.5
4668 0.5
4687 1.0
4692 0.6896551724137931
4693 0.3103448275862069
4712 1.0
4717 0.875
4718 0.125
4787 1.0
4792 0.7272727272727273
4793 0.2727272727272727
4812 1.0
4817 0.6
4818 0.4
5043 1.0
5143 1.0
5162 1.0
5167 0.36666666666666664
5168 0.6333333333333333
5173 1.0
5287 1.0
5292 0.48148148148148145
5293 0.5185185185185185
5312 1.0
5317 0.6103896103896104
5318 0.38961038961038963
5342 0.8
5343 0.2
5412 1.0
5417 0.5
5418 0.5
5437 1.0
5442 0.47058823529411764
5443 0.5294117647058824
5768 1.0
5787 1.0
5792 0.17391304347826086
5793 0.8260869565217391
5818 1.0
5912 1.0
5917 0.5
5918 0.5
5937 1.0
5942 0.5612244897959183
5943 0.4387755102040816
5967 0.2
5968 0.8
6037 1.0
6042 0.5
6043 0.5
6062 1.0
6067 0.6111111111111112
6068 0.3888888888888889
6287 1.0
6292 0.875
6293 0.125
6312 1.0
6317 1.0
6412 1.0
6417 1.0
6436 0.06382978723404255
6437 0.9361702127659575
6442 1.0
6461 0.0963855421686747
6462 0.9036144578313253
6467 1.0
6487 1.0
6561 0.2413793103448276
6562 0.7586206896551724
6586 0.29411764705882354
6587 0.7058823529411765
6592 1.0
6912 1.0
6917 0.75
6918 0.25
6937 1.0
6942 0.8571428571428571
6943 0.14285714285714285
7037 1.0
7042 1.0
7061 0.1
7062 0.9
7067 1.0
7086 0.05263157894736842
7087 0.9473684210526315
7092 1.0
7112 1.0
7186 0.15384615384615385
7187 0.8461538461538461
7192 1.0
7211 0.2857142857142857
7212 0.7142857142857143
7217 1.0
7537 1.0
7543 1.0
7562 1.0
7568 1.0
7662 1.0
7667 1.0
7686 0.02857142857142857
7687 0.9714285714285714
7692 1.0
7712 1.0
7717 1.0
7737 1.0
7811 0.02702702702702703
7812 0.972972972972973
7817 1.0
7836 0.24444444444444444
7837 0.7555555555555555
7842 1.0
8162 1.0
8167 0.3
8168 0.7
8187 1.0
8192 0.5
8193 0.5
8287 1.0
8292 0.7272727272727273
8293 0.2727272727272727
8312 1.0
8317 0.9375
8318 0.0625
8337 1.0
8342 1.0
8436 0.045454545454545456
8437 0.9545454545454546
8442 1.0
8461 0.19642857142857142
8462 0.8035714285714286
8467 1.0
8787 1.0
8792 0.6666666666666666
8793 0.3333333333333333
8817 1.0
8912 1.0
8917 0.6666666666666666
8918 0.3333333333333333
8936 0.02702702702702703
8937 0.972972972972973
8942 0.7894736842105263
8943 0.21052631578947367
8962 1.0
8967 1.0
9061 0.018867924528301886
9062 0.9811320754716981
9067 1.0
9086 0.08108108108108109
9087 0.918918918918919
9092 0.875
9093 0.125
9411 0.25
9412 0.75
9417 1.0
9436 0.125
9437 0.875
9442 1.0
9536 1.0
9561 0.6
9562 0.4
9581 1.0
9586 0.5325443786982249
9587 0.46745562130177515
9606 1.0
9611 0.4827586206896552
9612 0.5172413793103449
9706 1.0
9711 1.0
10037 1.0
10042 1.0
10062 1.0
10067 0.8333333333333334
10068 0.16666666666666666
10086 1.0
10181 1.0
10186 0.4117647058823529
10187 0.5882352941176471
10206 1.0
10211 0.48201438848920863
10212 0.5179856115107914
10231 1.0
10236 0.3333333333333333
10237 0.6666666666666666
10331 1.0
10336 1.0
10662 1.0
10667 1.0
10686 0.047619047619047616
10687 0.9523809523809523
10693 1.0
10786 1.0
10806 1.0
10811 0.6
10812 0.4
10831 1.0
10836 0.3828125
10837 0.6171875
10842 1.0
10856 1.0
10861 0.42857142857142855
10862 0.5714285714285714
10956 1.0
10961 1.0
11287 1.0
11292 0.5
11293 0.5
11312 1.0
11317 1.0
11412 1.0
11436 0.37037037037037035
11437 0.6296296296296297
11456 1.0
11461 0.2962962962962963
11462 0.7037037037037037
11467 1.0
11486 0.3333333333333333
11487 0.6666666666666666
11561 1.0
11581 1.0
11586 0.9375
11587 0.0625
11912 1.0
11918 1.0
11937 1.0
11942 0.8
11943 0.2
12037 1.0
12061 0.3125
12062 0.6875
12086 0.3
12087 0.7
12092 1.0
12111 0.1
12112 0.9
12186 1.0
12206 1.0
12211 0.6875
12212 0.3125
12537 1.0
12556 1.0
12561 0.25925925925925924
12562 0.7407407407407407
12581 1.0
12586 0.5882352941176471
12587 0.4117647058823529
12611 0.3333333333333333
12612 0.6666666666666666
12681 1.0
12706 1.0
12711 0.8269230769230769
12712 0.17307692307692307
12731 1.0
12736 0.875
12737 0.125
13162 1.0
13181 1.0
13186 0.2413793103448276
13187 0.7586206896551724
13211 0.4
13212 0.6
13236 0.1
13237 0.9
13311 1.0
13331 1.0
13336 0.7571428571428571
13337 0.24285714285714285
13356 1.0
13361 0.7058823529411765
13362 0.29411764705882354
13787 1.0
13792 1.0
13806 1.0
13811 0.36666666666666664
13812 0.6333333333333333
13817 1.0
13837 1.0
13862 1.0
13931 1.0
13936 1.0
13956 1.0
13961 0.5353535353535354
13962 0.46464646464646464
13981 1.0
13986 0.5526315789473685
13987 0.4473684210526316
14412 1.0
14417 1.0
14436 0.25
14437 0.75
14442 1.0
14461 0.3333333333333333
14462 0.6666666666666666
14487 1.0
14556 1.0
14561 1.0
14581 1.0
14586 0.6228070175438597
14587 0.37719298245614036
14606 1.0
14611 0.4722222222222222
14612 0.5277777777777778
15037 1.0
15042 1.0
15056 1.0
15061 0.12
15062 0.88
15067 1.0
15087 1.0
15181 1.0
15186 0.625
15187 0.375
15206 1.0
15211 0.46551724137931033
15212 0.5344827586206896
15231 1.0
15236 0.34782608695652173
15237 0.6521739130434783
