0 1.0
25 1.0
31 1.0
50 0.9583333333333334
51 0.041666666666666664
56 1.0
75 0.9695652173913043
76 0.030434782608695653
81 1.0
100 0.9478827361563518
101 0.05211726384364821
106 0.9950738916256158
107 0.0049261083743842365
125 0.9666666666666667
126 0.03333333333333333
131 1.0
150 0.875
151 0.125
156 0.9841269841269841
157 0.015873015873015872
162 1.0
175 0.8
176 0.2
181 0.9261083743842364
182 0.07389162561576355
187 1.0
200 0.71875
201 0.28125
206 0.9345794392523364
207 0.06542056074766354
212 1.0
231 0.9068627450980392
232 0.09313725490196079
237 1.0
250 1.0
256 1.0
275 0.7727272727272727
276 0.22727272727272727
281 0.9680851063829787
282 0.031914893617021274
287 1.0
301 1.0
306 0.8253012048192772
307 0.1746987951807229
312 0.9471153846153846
313 0.052884615384615384
318 1.0
331 0.6416666666666667
332 0.35833333333333334
337 0.931924882629108
338 0.06807511737089202
343 1.0
357 1.0
362 0.9375
363 0.0625
368 1.0
375 0.9047619047619048
376 0.09523809523809523
381 1.0
400 0.5714285714285714
401 0.42857142857142855
406 0.9036144578313253
407 0.0963855421686747
412 0.9456521739130435
413 0.05434782608695652
418 1.0
431 0.6730769230769231
432 0.3269230769230769
437 0.8623655913978494
438 0.13763440860215054
443 0.9848484848484849
444 0.015151515151515152
449 1.0
462 0.7368421052631579
463 0.2631578947368421
468 0.9428571428571428
469 0.05714285714285714
500 1.0
506 1.0
512 1.0
531 0.90625
532 0.09375
537 0.8385093167701864
538 0.16149068322981366
543 0.9166666666666666
544 0.08333333333333333
549 1.0
557 1.0
562 0.7428571428571429
563 0.2571428571428571
568 0.9036363636363637
569 0.09636363636363636
574 1.0
593 1.0
