0 1.0
6 1.0
25 1.0
31 1.0
37 1.0
43 1.0
50 0.9722222222222222
51 0.027777777777777776
56 1.0
62 0.9625
63 0.0375
68 0.9759036144578314
69 0.024096385542168676
74 1.0
75 0.967741935483871
76 0.03225806451612903
81 0.9788732394366197
82 0.02112676056338028
87 0.9936305732484076
88 0.006369426751592357
93 1.0
99 1.0
100 0.9875
101 0.0125
106 0.9923076923076923
107 0.007692307692307693
112 1.0
125 1.0
131 0.9615384615384616
132 0.038461538461538464
137 1.0
143 1.0
149 1.0
150 1.0
156 1.0
162 0.9404761904761905
163 0.05952380952380952
168 0.9504950495049505
169 0.04950495049504951
174 1.0
187 0.9387755102040817
188 0.061224489795918366
193 0.9894179894179894
194 0.010582010582010581
199 1.0
218 1.0
250 1.0
256 0.8888888888888888
257 0.1111111111111111
262 1.0
268 0.890625
269 0.109375
274 1.0
287 1.0
293 0.918918918918919
294 0.08108108108108109
299 1.0
375 1.0
381 1.0
387 0.85
388 0.15
393 0.8863636363636364
394 0.11363636363636363
399 1.0
500 1.0
506 1.0
512 0.9615384615384616
513 0.038461538461538464
518 0.9767441860465116
519 0.023255813953488372
524 1.0
