62 1.0
143 1.0
162 1.0
167 0.25
168 0.75
187 1.0
193 1.0
212 1.0
274 1.0
287 1.0
292 0.15384615384615385
293 0.8461538461538461
311 0.046511627906976744
312 0.9534883720930233
317 0.35714285714285715
318 0.6428571428571429
336 0.06666666666666667
337 0.9333333333333333
342 0.5
343 0.5
393 1.0
398 0.5
399 0.5
412 1.0
417 0.06896551724137931
418 0.9310344827586207
423 0.6666666666666666
424 0.3333333333333333
437 1.0
442 0.25
443 0.75
518 1.0
524 1.0
543 1.0
548 0.3333333333333333
549 0.6666666666666666
668 1.0
768 1.0
773 0.5
774 0.5
787 1.0
792 0.25
793 0.75
812 1.0
817 0.6666666666666666
818 0.3333333333333333
837 1.0
842 1.0
893 1.0
898 0.2
899 0.8
912 1.0
917 0.15384615384615385
918 0.8461538461538461
936 0.04081632653061224
937 0.9591836734693877
942 0.38095238095238093
943 0.6190476190476191
962 1.0
968 1.0
1018 1.0
1023 0.6666666666666666
1024 0.3333333333333333
1037 1.0
1042 0.07407407407407407
1043 0.9259259259259259
1048 0.3333333333333333
1049 0.6666666666666666
1062 1.0
1067 0.375
1068 0.625
1143 1.0
1149 1.0
1168 1.0
1173 0.2
1174 0.8
1292 0.5
1293 0.5
1398 0.3333333333333333
1399 0.6666666666666666
1412 1.0
1417 0.2631578947368421
1418 0.7368421052631579
1424 1.0
1437 1.0
1442 0.6666666666666666
1443 0.3333333333333333
1468 1.0
1518 1.0
1524 1.0
1537 1.0
1542 0.06666666666666667
1543 0.9333333333333333
1549 1.0
1562 1.0
1567 0.38461538461538464
1568 0.6153846153846154
1587 1.0
1592 0.6666666666666666
1593 0.3333333333333333
1643 1.0
1649 1.0
1662 1.0
1667 0.10256410256410256
1668 0.8974358974358975
1673 0.125
1674 0.875
1687 1.0
1692 0.125
1693 0.875
1768 1.0
1773 0.05263157894736842
1774 0.9473684210526315
1792 1.0
1798 0.6666666666666666
1799 0.3333333333333333
1918 1.0
2018 1.0
2037 1.0
2042 0.125
2043 0.875
2048 1.0
2062 1.0
2068 1.0
2143 1.0
2149 1.0
2162 1.0
2167 0.07692307692307693
2168 0.9230769230769231
2187 1.0
2192 0.2727272727272727
2193 0.7272727272727273
2212 1.0
2218 1.0
2268 1.0
2274 1.0
2287 1.0
2292 0.10526315789473684
2293 0.8947368421052632
2298 0.5
2299 0.5
2312 1.0
2317 0.1
2318 0.9
2393 1.0
2398 0.045454545454545456
2399 0.9545454545454546
2418 1.0
2423 0.5
2424 0.5
2643 1.0
2649 1.0
2662 1.0
2667 0.3333333333333333
2668 0.6666666666666666
2693 1.0
2768 1.0
2774 1.0
2787 1.0
2792 0.16666666666666666
2793 0.8333333333333334
2812 1.0
2817 0.23076923076923078
2818 0.7692307692307693
2837 1.0
2893 1.0
2899 1.0
2912 1.0
2917 0.046511627906976744
2918 0.9534883720930233
2924 1.0
2937 1.0
2942 0.4
2943 0.6
3018 1.0
3024 1.0
3043 1.0
3048 0.2
3049 0.8
3162 1.0
3181 1.0
3186 0.07692307692307693
3187 0.9230769230769231
3206 1.0
3212 1.0
3231 1.0
3237 1.0
3281 1.0
3287 1.0
3306 1.0
3311 0.13793103448275862
3312 0.8620689655172413
3331 1.0
3336 0.34177215189873417
3337 0.6582278481012658
3356 1.0
3361 0.2
3362 0.8
3431 1.0
3436 0.5714285714285714
3437 0.42857142857142855
3456 1.0
3461 0.7777777777777778
3462 0.2222222222222222
3787 1.0
3792 0.3333333333333333
3793 0.6666666666666666
3812 1.0
3836 0.5
3837 0.5
3906 1.0
3911 0.18181818181818182
3912 0.8181818181818182
3931 1.0
3936 0.16666666666666666
3937 0.8333333333333334
3956 1.0
3961 0.3013698630136986
3962 0.6986301369863014
3981 1.0
3987 1.0
4056 1.0
4061 0.4444444444444444
4062 0.5555555555555556
4081 1.0
4086 0.38461538461538464
4087 0.6153846153846154
4412 1.0
4417 0.5
4418 0.5
4437 1.0
4443 1.0
4462 1.0
4537 1.0
4556 1.0
4561 0.2
4562 0.8
4581 1.0
4586 0.17857142857142858
4587 0.8214285714285714
4606 1.0
4612 1.0
4681 1.0
4686 0.22857142857142856
4687 0.7714285714285715
4692 1.0
4706 1.0
4711 0.4
4712 0.6
5037 1.0
5042 0.5
5043 0.5
5062 1.0
5067 1.0
5156 1.0
5162 1.0
5167 1.0
5181 1.0
5186 0.024390243902439025
5187 0.975609756097561
5192 0.5
5193 0.5
5206 1.0
5211 0.08771929824561403
5212 0.9122807017543859
5217 1.0
5237 1.0
5306 1.0
5311 0.21621621621621623
5312 0.7837837837837838
5317 1.0
5331 1.0
5336 0.09523809523809523
5337 0.9047619047619048
5662 1.0
5667 0.5
5668 0.5
5687 1.0
5692 1.0
5781 1.0
5787 1.0
5793 1.0
5811 0.04
5812 0.96
5818 1.0
5831 1.0
5837 1.0
5842 0.3333333333333333
5843 0.6666666666666666
5862 1.0
5912 1.0
5931 1.0
5936 0.16393442622950818
5937 0.8360655737704918
5942 1.0
5956 1.0
5961 0.10810810810810811
5962 0.8918918918918919
5968 1.0
6061 1.0
6281 1.0
6287 1.0
6306 1.0
6311 0.2
6312 0.8
6331 1.0
6336 0.125
6337 0.875
6356 1.0
6361 0.5454545454545454
6362 0.45454545454545453
6431 1.0
6455 0.08888888888888889
6456 0.9111111111111111
6461 1.0
6480 0.058823529411764705
6481 0.9411764705882353
6580 0.5
6581 0.5
6911 0.16666666666666666
6912 0.8333333333333334
6931 1.0
6936 0.3684210526315789
6937 0.631578947368421
6956 1.0
6961 0.3333333333333333
6962 0.6666666666666666
6981 1.0
6986 0.1111111111111111
6987 0.8888888888888888
7056 1.0
7080 0.010416666666666666
7081 0.9895833333333334
7086 0.6363636363636364
7087 0.36363636363636365
7106 1.0
7111 0.5
7112 0.5
7206 1.0
7536 0.25
7537 0.75
7556 1.0
7561 0.08333333333333333
7562 0.9166666666666666
7581 1.0
7586 0.08333333333333333
7587 0.9166666666666666
7606 1.0
7612 1.0
7681 1.0
7686 0.3333333333333333
7687 0.6666666666666666
7706 1.0
7711 0.5909090909090909
7712 0.4090909090909091
7731 1.0
7736 0.3333333333333333
7737 0.6666666666666666
7831 1.0
8156 1.0
8161 0.3
8162 0.7
8167 1.0
8181 1.0
8187 1.0
8192 1.0
8212 1.0
8237 1.0
8286 0.5
8287 0.5
8306 1.0
8311 0.5
8312 0.5
8331 1.0
8336 0.3090909090909091
8337 0.6909090909090909
8356 1.0
8361 0.2727272727272727
8362 0.7272727272727273
8431 1.0
8456 1.0
8787 1.0
8806 1.0
8811 0.058823529411764705
8812 0.9411764705882353
8817 1.0
8837 1.0
8862 1.0
8906 1.0
8911 1.0
8931 1.0
8936 0.5384615384615384
8937 0.46153846153846156
8956 1.0
8961 0.19444444444444445
8962 0.8055555555555556
8981 1.0
8987 1.0
9056 1.0
9081 1.0
9087 1.0
9430 0.05263157894736842
9431 0.9473684210526315
9436 0.25
9437 0.75
9455 0.05714285714285714
9456 0.9428571428571428
9462 1.0
9475 1.0
9480 0.02197802197802198
9481 0.978021978021978
9486 0.25
9487 0.75
9550 1.0
9575 1.0
9580 0.3170731707317073
9581 0.6829268292682927
9600 1.0
9605 0.4186046511627907
9606 0.5813953488372093
10031 1.0
10037 1.0
10056 1.0
10061 0.3125
10062 0.6875
10081 1.0
10087 1.0
10106 1.0
10111 0.2222222222222222
10112 0.7777777777777778
10200 1.0
10205 0.09375
10206 0.90625
10225 1.0
10230 0.03225806451612903
10231 0.967741935483871
10656 1.0
10681 1.0
10686 0.16666666666666666
10687 0.8333333333333334
10706 1.0
10711 0.125
10712 0.875
10731 1.0
10736 0.25
10737 0.75
10806 1.0
10825 1.0
10830 0.0547945205479452
10831 0.9452054794520548
10855 0.029411764705882353
10856 0.9705882352941176
10955 1.0
11281 1.0
11286 0.5
11287 0.5
11306 1.0
11311 0.058823529411764705
11312 0.9411764705882353
11331 1.0
11336 0.1111111111111111
11337 0.8888888888888888
11356 1.0
11361 0.125
11362 0.875
11431 1.0
11455 0.037383177570093455
11456 0.9626168224299065
11461 0.5
11462 0.5
11481 1.0
11486 0.2
11487 0.8
11575 1.0
11580 0.42857142857142855
11581 0.5714285714285714
11911 0.75
11912 0.25
11931 1.0
11936 0.09090909090909091
11937 0.9090909090909091
11956 1.0
11961 0.2
11962 0.8
11981 1.0
11987 1.0
12056 1.0
12061 1.0
12081 1.0
12086 0.38461538461538464
12087 0.6153846153846154
12106 1.0
12111 0.3
12112 0.7
12206 1.0
12531 1.0
12550 1.0
12555 0.09523809523809523
12556 0.9047619047619048
12561 0.5714285714285714
12562 0.42857142857142855
12581 1.0
12587 1.0
12600 1.0
12605 0.144
12606 0.856
12612 1.0
12700 1.0
12705 1.0
12725 1.0
12730 0.6875
12731 0.3125
13161 1.0
13180 0.04
13181 0.96
13186 0.125
13187 0.875
13206 1.0
13230 0.009433962264150943
13231 0.9905660377358491
13237 1.0
13325 1.0
13330 0.4782608695652174
13331 0.5217391304347826
13350 1.0
13355 0.4230769230769231
13356 0.5769230769230769
13786 0.5
13787 0.5
13800 1.0
13806 1.0
13811 0.2
13812 0.8
13831 1.0
13836 0.5
13837 0.5
13856 1.0
13861 0.5
13862 0.5
13931 1.0
13950 1.0
13955 0.30952380952380953
13956 0.6904761904761905
13975 1.0
13980 0.17647058823529413
13981 0.8235294117647058
14406 1.0
14412 1.0
14431 1.0
14436 0.16666666666666666
14437 0.8333333333333334
14456 1.0
14461 0.4
14462 0.6
14481 1.0
14486 0.2
14487 0.8
14575 1.0
14580 0.12
14581 0.88
14600 1.0
14605 0.02127659574468085
14606 0.9787234042553191
15031 1.0
15036 0.3333333333333333
15037 0.6666666666666666
15056 1.0
15061 0.15384615384615385
15062 0.8461538461538461
15081 1.0
15086 0.1
15087 0.9
15106 1.0
15111 0.2
15112 0.8
15181 1.0
15200 1.0
15205 0.06493506493506493
15206 0.935064935064935
15231 1.0
15236 0.5
15237 0.5
15325 1.0
