0 1.0
6 1.0
25 1.0
31 1.0
37 1.0
43 1.0
50 0.9473684210526315
51 0.05263157894736842
56 0.9727272727272728
57 0.02727272727272727
62 0.96875
63 0.03125
68 1.0
74 1.0
75 0.9682539682539683
76 0.031746031746031744
81 0.9735099337748344
82 0.026490066225165563
87 0.9636363636363636
88 0.03636363636363636
93 1.0
99 1.0
100 0.9775280898876404
101 0.02247191011235955
106 0.9849624060150376
107 0.015037593984962405
112 1.0
118 1.0
125 0.9166666666666666
126 0.08333333333333333
131 1.0
137 1.0
143 1.0
149 1.0
150 1.0
156 0.9375
157 0.0625
162 0.9680851063829787
163 0.031914893617021274
168 0.9442622950819672
169 0.05573770491803279
174 1.0
187 0.9830508474576272
188 0.01694915254237288
193 0.9831223628691983
194 0.016877637130801686
199 1.0
218 1.0
250 1.0
256 1.0
262 0.9666666666666667
263 0.03333333333333333
268 0.8695652173913043
269 0.13043478260869565
274 1.0
287 0.8461538461538461
288 0.15384615384615385
293 0.9333333333333333
294 0.06666666666666667
299 1.0
375 1.0
381 1.0
387 1.0
393 0.9137931034482759
394 0.08620689655172414
399 1.0
424 1.0
500 1.0
506 1.0
512 0.9642857142857143
513 0.03571428571428571
518 0.9333333333333333
519 0.06666666666666667
524 1.0
