0 1.0
6 1.0
25 0.9583333333333334
26 0.041666666666666664
31 0.9444444444444444
32 0.05555555555555555
37 1.0
43 1.0
50 0.972972972972973
51 0.02702702702702703
56 0.9649122807017544
57 0.03508771929824561
62 0.9736842105263158
63 0.02631578947368421
68 1.0
75 0.9846153846153847
76 0.015384615384615385
81 0.9932885906040269
82 0.006711409395973154
87 0.9717514124293786
88 0.02824858757062147
93 1.0
99 1.0
100 0.9782608695652174
101 0.021739130434782608
106 1.0
112 1.0
118 1.0
125 1.0
131 0.9259259259259259
132 0.07407407407407407
137 1.0
143 0.8333333333333334
144 0.16666666666666666
149 1.0
150 1.0
156 0.6956521739130435
157 0.30434782608695654
162 0.9555555555555556
163 0.044444444444444446
168 0.9487179487179487
169 0.05128205128205128
174 1.0
182 1.0
187 0.967741935483871
188 0.03225806451612903
193 0.952755905511811
194 0.047244094488188976
199 1.0
218 1.0
250 1.0
256 0.95
257 0.05
262 0.9354838709677419
263 0.06451612903225806
268 0.953125
269 0.046875
274 1.0
287 0.9285714285714286
288 0.07142857142857142
293 0.9558823529411765
294 0.04411764705882353
299 1.0
375 1.0
381 1.0
387 0.9230769230769231
388 0.07692307692307693
393 0.9824561403508771
394 0.017543859649122806
399 1.0
424 1.0
500 1.0
506 0.9285714285714286
507 0.07142857142857142
512 0.9642857142857143
513 0.03571428571428571
518 0.9777777777777777
519 0.022222222222222223
524 1.0
