31 1.0
56 1.0
62 1.0
81 1.0
87 1.0
100 1.0
106 1.0
112 1.0
125 1.0
137 1.0
150 1.0
156 1.0
180 0.1111111111111111
181 0.8888888888888888
187 1.0
200 1.0
206 1.0
212 1.0
231 1.0
237 1.0
250 1.0
256 1.0
268 1.0
274 1.0
275 1.0
281 1.0
287 1.0
293 1.0
300 1.0
305 0.05555555555555555
306 0.9444444444444444
311 0.3333333333333333
312 0.6666666666666666
318 1.0
325 1.0
331 1.0
375 1.0
387 1.0
393 1.0
399 1.0
400 1.0
406 1.0
412 1.0
418 1.0
425 1.0
431 1.0
437 1.0
500 1.0
506 1.0
512 1.0
518 1.0
524 1.0
525 1.0
531 1.0
537 1.0
543 1.0
662 1.0
687 1.0
712 1.0
750 1.0
756 1.0
762 1.0
775 1.0
781 1.0
787 1.0
793 1.0
806 1.0
811 0.5
812 0.5
831 1.0
837 1.0
856 1.0
862 1.0
875 1.0
881 1.0
887 1.0
893 1.0
899 1.0
900 1.0
906 1.0
912 1.0
917 0.5
918 0.5
925 1.0
930 0.14814814814814814
931 0.8518518518518519
937 1.0
955 0.16666666666666666
956 0.8333333333333334
1000 1.0
1006 1.0
1012 1.0
1018 1.0
1024 1.0
1025 1.0
1030 0.07692307692307693
1031 0.9230769230769231
1036 0.06666666666666667
1037 0.9333333333333333
1043 1.0
1050 1.0
1056 1.0
1125 1.0
1137 1.0
1143 1.0
1149 1.0
1150 1.0
1156 1.0
1162 1.0
1168 1.0
1287 1.0
1375 1.0
1381 1.0
1387 1.0
1393 1.0
1405 0.1
1406 0.9
1412 1.0
1418 1.0
1431 1.0
1437 1.0
1462 1.0
1500 1.0
1506 1.0
1512 1.0
1517 0.14285714285714285
1518 0.8571428571428571
1524 1.0
1531 1.0
1536 0.25
1537 0.75
1543 1.0
1556 1.0
1562 1.0
1568 1.0
1581 1.0
1587 1.0
1625 1.0
1631 1.0
1637 1.0
1643 1.0
1649 1.0
1650 1.0
1655 0.0967741935483871
1656 0.9032258064516129
1662 1.0
1668 1.0
1681 1.0
1693 1.0
1750 1.0
1755 1.0
1762 1.0
1768 1.0
1774 1.0
1775 1.0
1781 1.0
1787 1.0
1793 1.0
1917 1.0
2006 1.0
2012 1.0
2018 1.0
2031 1.0
2037 1.0
2043 1.0
2062 1.0
2087 1.0
2125 1.0
2131 1.0
2137 1.0
2143 1.0
2149 1.0
2156 1.0
2162 1.0
2168 1.0
2180 0.07142857142857142
2181 0.9285714285714286
2186 0.125
2187 0.875
2193 1.0
2206 1.0
2212 1.0
2250 1.0
2256 1.0
2262 1.0
2267 0.2
2268 0.8
2274 1.0
2275 1.0
2280 0.038461538461538464
2281 0.9615384615384616
2286 0.06896551724137931
2287 0.9310344827586207
2293 1.0
2299 1.0
2305 0.125
2306 0.875
2375 1.0
2381 1.0
2387 1.0
2393 1.0
2399 1.0
2400 1.0
2406 1.0
2412 1.0
2418 1.0
2631 1.0
2637 1.0
2643 1.0
2649 1.0
2662 1.0
2668 1.0
2687 1.0
2693 1.0
2712 1.0
2756 1.0
2762 1.0
2768 1.0
2774 1.0
2781 1.0
2787 1.0
2793 1.0
2806 1.0
2811 0.06666666666666667
2812 0.9333333333333333
2818 1.0
2837 1.0
2875 1.0
2881 1.0
2887 1.0
2893 1.0
2899 1.0
2900 1.0
2905 0.02631578947368421
2906 0.9736842105263158
2911 0.06666666666666667
2912 0.9333333333333333
2918 1.0
2931 1.0
2937 1.0
3000 1.0
3006 1.0
3012 1.0
3017 0.09090909090909091
3018 0.9090909090909091
3024 1.0
3025 1.0
3030 0.1111111111111111
3031 0.8888888888888888
3036 0.125
3037 0.875
3043 1.0
3150 1.0
3156 1.0
3175 1.0
3181 1.0
3187 1.0
3200 1.0
3206 1.0
3212 1.0
3225 1.0
3231 1.0
3237 1.0
3250 1.0
3275 1.0
3300 1.0
3325 1.0
3331 1.0
3350 1.0
3375 1.0
3400 1.0
3425 1.0
3450 1.0
3500 1.0
3525 1.0
3550 1.0
3625 1.0
3650 1.0
3781 1.0
3787 1.0
3806 1.0
3812 1.0
3831 1.0
3856 1.0
3875 1.0
3900 1.0
3906 1.0
3925 1.0
3931 1.0
3950 1.0
3955 0.05555555555555555
3956 0.9444444444444444
3962 1.0
3981 1.0
3987 1.0
4000 1.0
4025 1.0
4050 1.0
4056 1.0
4075 1.0
4125 1.0
4150 1.0
4175 1.0
4250 1.0
4275 1.0
4406 1.0
4411 0.3333333333333333
4412 0.6666666666666666
4431 1.0
4437 1.0
4456 1.0
4462 1.0
4500 1.0
4525 1.0
4531 1.0
4550 1.0
4556 1.0
4581 1.0
4586 0.16666666666666666
4587 0.8333333333333334
4606 1.0
4612 1.0
4625 1.0
4650 1.0
4675 1.0
4680 0.14285714285714285
4681 0.8571428571428571
4700 1.0
4706 1.0
4750 1.0
4775 1.0
4800 1.0
4875 1.0
4900 1.0
5031 1.0
5037 1.0
5062 1.0
5125 1.0
5150 1.0
5156 1.0
5162 1.0
5181 1.0
5187 1.0
5206 1.0
5211 0.07142857142857142
5212 0.9285714285714286
5250 1.0
5275 1.0
5281 1.0
5300 1.0
5305 0.1111111111111111
5306 0.8888888888888888
5331 1.0
5337 1.0
5375 1.0
5400 1.0
5425 1.0
5431 1.0
5500 1.0
5525 1.0
5656 1.0
5662 1.0
5750 1.0
5775 1.0
5781 1.0
5787 1.0
5806 1.0
5812 1.0
5831 1.0
5836 0.08333333333333333
5837 0.9166666666666666
5843 1.0
5875 1.0
5900 1.0
5906 1.0
5925 1.0
5930 0.06666666666666667
5931 0.9333333333333333
5937 1.0
5956 1.0
5962 1.0
6000 1.0
6025 1.0
6031 1.0
6050 1.0
6056 1.0
6125 1.0
6150 1.0
6275 1.0
6281 1.0
6300 1.0
6306 1.0
6312 1.0
6325 1.0
6331 1.0
6350 1.0
6356 1.0
6375 1.0
6400 1.0
6425 1.0
6450 1.0
6475 1.0
6500 1.0
6525 1.0
6550 1.0
6575 1.0
6625 1.0
6650 1.0
6675 1.0
6750 1.0
6775 1.0
6900 1.0
6906 1.0
6925 1.0
6931 1.0
6937 1.0
6956 1.0
6975 1.0
6981 1.0
6987 1.0
7000 1.0
7025 1.0
7050 1.0
7075 1.0
7081 1.0
7100 1.0
7106 1.0
7125 1.0
7150 1.0
7175 1.0
7200 1.0
7250 1.0
7275 1.0
7300 1.0
7375 1.0
7400 1.0
7531 1.0
7537 1.0
7550 1.0
7556 1.0
7562 1.0
7581 1.0
7587 1.0
7606 1.0
7625 1.0
7650 1.0
7675 1.0
7700 1.0
7706 1.0
7725 1.0
7730 0.16666666666666666
7731 0.8333333333333334
7750 1.0
7775 1.0
7800 1.0
7825 1.0
7875 1.0
7900 1.0
7925 1.0
8000 1.0
8025 1.0
8156 1.0
8162 1.0
8181 1.0
8187 1.0
8206 1.0
8212 1.0
8237 1.0
8250 1.0
8275 1.0
8280 0.5
8281 0.5
8300 1.0
8306 1.0
8325 1.0
8330 0.08695652173913043
8331 0.9130434782608695
8337 1.0
8356 1.0
8375 1.0
8400 1.0
8425 1.0
8450 1.0
8500 1.0
8525 1.0
8550 1.0
8625 1.0
8650 1.0
8781 1.0
8806 1.0
8812 1.0
8837 1.0
8862 1.0
8875 1.0
8900 1.0
8906 1.0
8925 1.0
8930 0.14285714285714285
8931 0.8571428571428571
8950 1.0
8956 1.0
8961 0.2
8962 0.8
8981 1.0
8987 1.0
9000 1.0
9025 1.0
9050 1.0
9075 1.0
9080 0.5
9081 0.5
9125 1.0
9150 1.0
9175 1.0
9250 1.0
9275 1.0
9425 1.0
9431 1.0
9450 1.0
9456 1.0
9462 1.0
9475 1.0
9480 0.0625
9481 0.9375
9487 1.0
9500 1.0
9525 1.0
9550 1.0
9575 1.0
9600 1.0
9625 1.0
9650 1.0
9675 1.0
9700 1.0
9750 1.0
9775 1.0
9800 1.0
9875 1.0
9900 1.0
10025 1.0
10050 1.0
10055 0.2
10056 0.8
10062 1.0
10075 1.0
10080 0.3333333333333333
10081 0.6666666666666666
10100 1.0
10105 0.043478260869565216
10106 0.9565217391304348
10112 1.0
10125 1.0
10150 1.0
10175 1.0
10200 1.0
10225 1.0
10250 1.0
10275 1.0
10300 1.0
10325 1.0
10375 1.0
10400 1.0
10425 1.0
10500 1.0
10525 1.0
10650 1.0
10675 1.0
10681 1.0
10706 1.0
10731 1.0
10737 1.0
10750 1.0
10775 1.0
10800 1.0
10825 1.0
10831 1.0
10850 1.0
10856 1.0
10875 1.0
10900 1.0
10925 1.0
10950 1.0
11000 1.0
11025 1.0
11050 1.0
11125 1.0
11150 1.0
11175 1.0
11275 1.0
11281 1.0
11306 1.0
11331 1.0
11336 0.5
11337 0.5
11356 1.0
11362 1.0
11375 1.0
11400 1.0
11425 1.0
11450 1.0
11455 0.05263157894736842
11456 0.9473684210526315
11475 1.0
11481 1.0
11500 1.0
11525 1.0
11550 1.0
11575 1.0
11625 1.0
11650 1.0
11675 1.0
11750 1.0
11775 1.0
11906 1.0
11931 1.0
11937 1.0
11962 1.0
12000 1.0
12025 1.0
12050 1.0
12055 1.0
12075 1.0
12080 0.23529411764705882
12081 0.7647058823529411
12106 1.0
12125 1.0
12150 1.0
12175 1.0
12200 1.0
12250 1.0
12275 1.0
12300 1.0
12375 1.0
12400 1.0
12525 1.0
12550 1.0
12556 1.0
12562 1.0
12575 1.0
12600 1.0
12606 1.0
12625 1.0
12650 1.0
12675 1.0
12700 1.0
12725 1.0
12750 1.0
12775 1.0
12800 1.0
12825 1.0
12875 1.0
12900 1.0
12925 1.0
13000 1.0
13025 1.0
13150 1.0
13175 1.0
13181 1.0
13200 1.0
13206 1.0
13225 1.0
13230 0.0625
13231 0.9375
13236 1.0
13250 1.0
13275 1.0
13300 1.0
13325 1.0
13350 1.0
13375 1.0
13400 1.0
13425 1.0
13450 1.0
13500 1.0
13525 1.0
13550 1.0
13625 1.0
13650 1.0
13775 1.0
13800 1.0
13805 0.14285714285714285
13806 0.8571428571428571
13812 1.0
13825 1.0
13831 1.0
13837 1.0
13850 1.0
13856 1.0
13875 1.0
13900 1.0
13925 1.0
13950 1.0
13956 1.0
13975 1.0
13981 1.0
14000 1.0
14025 1.0
14050 1.0
14075 1.0
14125 1.0
14150 1.0
14175 1.0
14250 1.0
14275 1.0
14400 1.0
14406 1.0
14425 1.0
14431 1.0
14437 1.0
14456 1.0
14461 0.5
14462 0.5
14481 1.0
14487 1.0
14500 1.0
14525 1.0
14550 1.0
14575 1.0
14581 1.0
14600 1.0
14606 1.0
14625 1.0
14650 1.0
14675 1.0
14700 1.0
14750 1.0
14775 1.0
14800 1.0
14875 1.0
14900 1.0
15025 1.0
15036 0.5
15037 0.5
15056 1.0
15062 1.0
15081 1.0
15086 0.5
15087 0.5
15106 1.0
15112 1.0
15125 1.0
15150 1.0
15175 1.0
15200 1.0
15205 0.2
15206 0.8
15225 1.0
15230 0.06666666666666667
15231 0.9333333333333333
15250 1.0
15275 1.0
15300 1.0
15325 1.0
15375 1.0
15400 1.0
15425 1.0
15500 1.0
15525 1.0
