57 1.0
62 1.0
83 1.0
88 1.0
104 1.0
109 1.0
114 1.0
177 1.0
182 1.0
187 1.0
203 1.0
208 1.0
213 1.0
234 1.0
239 1.0
265 1.0
307 1.0
312 1.0
317 1.0
395 1.0
416 1.0
437 1.0
656 1.0
776 1.0
781 1.0
802 1.0
807 1.0
828 1.0
833 1.0
906 1.0
911 1.0
916 1.0
927 1.0
932 1.0
937 1.0
953 1.0
958 1.0
1036 1.0
1041 1.0
1052 1.0
1057 1.0
1145 1.0
1166 1.0
1401 1.0
1406 1.0
1526 1.0
1531 1.0
1551 0.25
1552 0.75
1651 1.0
1656 1.0
1677 1.0
1682 1.0
1765 1.0
2000 1.0
2010 1.0
2026 1.0
2125 1.0
2151 1.0
2156 1.0
2265 1.0
2276 1.0
2281 1.0
2286 1.0
2390 1.0
2395 1.0
2401 1.0
2406 1.0
2410 0.5
2411 0.5
2750 1.0
2765 1.0
2770 1.0
2875 1.0
2880 1.0
2885 1.0
2900 0.25
2901 0.75
2906 1.0
3000 1.0
3005 1.0
3010 1.0
3015 1.0
3020 1.0
3025 0.25
3026 0.75
3036 1.0
3161 1.0
3187 1.0
3213 1.0
3281 1.0
3286 1.0
3291 1.0
3307 1.0
3312 1.0
3333 1.0
3338 1.0
3359 1.0
3364 1.0
3411 1.0
3416 1.0
3437 1.0
3458 1.0
3520 1.0
3541 1.0
3786 1.0
3807 1.0
3906 1.0
3911 1.0
3932 1.0
3958 1.0
4015 1.0
4020 1.0
4052 1.0
4057 1.0
4062 1.0
4078 1.0
4083 1.0
4140 1.0
4161 1.0
4166 1.0
4177 1.0
4181 0.25
4182 0.75
4270 1.0
4531 1.0
4651 1.0
4656 1.0
4661 1.0
4676 0.5
4677 0.5
4682 1.0
4776 1.0
4781 1.0
4786 1.0
4801 0.3333333333333333
4802 0.6666666666666666
4807 1.0
4890 1.0
4895 1.0
4911 1.0
4916 1.0
5130 1.0
5150 1.0
5250 1.0
5255 1.0
5275 0.5
5276 0.5
5281 1.0
5385 1.0
5401 1.0
5406 1.0
5411 1.0
5510 1.0
5520 1.0
5526 1.0
5535 0.25
5536 0.75
5750 1.0
5760 1.0
5875 1.0
5880 1.0
5895 1.0
5906 1.0
6000 1.0
6005 1.0
6010 1.0
6025 0.3
6026 0.7
6031 1.0
6125 1.0
6135 1.0
6140 1.0
6145 1.0
6150 0.3333333333333333
6151 0.6666666666666666
6156 1.0
6286 1.0
6390 1.0
6411 1.0
6416 1.0
6432 1.0
6437 1.0
6463 1.0
6515 1.0
6536 1.0
6557 1.0
6562 1.0
6567 1.0
6583 1.0
6588 1.0
6645 1.0
6661 1.0
6666 1.0
6687 1.0
6692 1.0
6770 1.0
7015 1.0
7031 1.0
7036 1.0
7140 1.0
7166 1.0
7181 0.09090909090909091
7182 0.9090909090909091
7187 1.0
7208 1.0
7265 1.0
7270 1.0
7281 1.0
7286 1.0
7291 1.0
7302 1.0
7307 1.0
7390 1.0
7395 1.0
7630 1.0
7651 1.0
7656 1.0
7760 1.0
7765 1.0
7770 1.0
7781 1.0
7786 1.0
7885 1.0
7890 1.0
7895 1.0
7901 1.0
7906 1.0
7911 1.0
7932 1.0
8015 1.0
8035 1.0
8255 1.0
8375 1.0
8380 1.0
8385 1.0
8390 1.0
8406 1.0
8510 1.0
8526 1.0
8531 1.0
8536 1.0
8640 1.0
8645 1.0
8651 1.0
8656 1.0
8661 1.0
8666 1.0
8885 1.0
9000 1.0
9005 1.0
9010 1.0
9125 1.0
9130 1.0
9135 1.0
9150 0.14285714285714285
9151 0.8571428571428571
9155 0.2
9156 0.8
9250 1.0
9260 1.0
9265 1.0
9270 1.0
9275 0.5
9276 0.5
9281 1.0
9286 1.0
9411 1.0
9515 1.0
9536 1.0
9541 1.0
9562 1.0
9588 1.0
9666 1.0
9682 1.0
9687 1.0
9692 1.0
9713 1.0
9770 1.0
9786 1.0
9791 1.0
9796 1.0
9895 1.0
9916 1.0
10135 1.0
10156 1.0
10161 1.0
10265 1.0
10270 1.0
10281 1.0
10286 1.0
10307 1.0
10312 1.0
10390 1.0
10406 1.0
10411 1.0
10416 1.0
10432 1.0
10515 1.0
10520 1.0
10541 1.0
10755 1.0
10760 1.0
10781 1.0
10786 1.0
10890 1.0
10901 1.0
10906 1.0
10932 1.0
11026 1.0
11031 1.0
11036 1.0
11041 1.0
11056 0.5
11057 0.5
11140 1.0
11145 1.0
11406 1.0
11505 1.0
11515 1.0
11635 1.0
11651 1.0
11656 1.0
11661 1.0
11760 1.0
11770 1.0
11776 1.0
11781 1.0
12005 1.0
12125 1.0
12135 1.0
12250 1.0
12255 1.0
12265 1.0
12275 0.14285714285714285
12276 0.8571428571428571
12280 0.25
12281 0.75
12375 1.0
12380 1.0
12390 1.0
12395 1.0
12401 1.0
12406 1.0
12410 1.0
12640 1.0
12645 1.0
12661 1.0
12666 1.0
12687 1.0
12692 1.0
12713 1.0
12765 1.0
12770 1.0
12791 1.0
12807 1.0
12812 1.0
12817 1.0
12838 1.0
12890 1.0
12916 1.0
12937 1.0
13020 1.0
13265 1.0
13286 1.0
13390 1.0
13406 1.0
13411 1.0
13432 1.0
13437 1.0
13515 1.0
13520 1.0
13531 1.0
13536 1.0
13541 1.0
13556 0.2
13557 0.8
13562 1.0
13640 1.0
13645 1.0
13661 1.0
13666 1.0
13880 1.0
13890 1.0
14015 1.0
14031 1.0
14036 1.0
14140 1.0
14151 1.0
14156 1.0
14161 1.0
14166 1.0
14181 1.0
14260 1.0
14265 1.0
14270 1.0
14281 1.0
14286 1.0
14291 1.0
14510 1.0
14630 1.0
14635 1.0
14640 1.0
14656 1.0
14760 1.0
14765 1.0
14776 1.0
14781 1.0
14885 1.0
14890 1.0
14895 1.0
14901 1.0
14906 1.0
14911 1.0
15130 1.0
15255 1.0
15260 1.0
15375 1.0
15380 1.0
15400 0.5
15401 0.5
15406 1.0
15500 1.0
15505 1.0
15510 1.0
15515 1.0
15525 0.25
15526 0.75
15530 0.25
15531 0.75
15536 1.0
15682 1.0
15687 1.0
15703 1.0
15708 1.0
15713 1.0
15729 1.0
15734 1.0
15739 1.0
15828 1.0
15833 1.0
15854 1.0
16276 1.0
16281 1.0
16302 1.0
16307 1.0
16401 1.0
16427 1.0
16452 0.11764705882352941
16453 0.8823529411764706
16458 1.0
16479 1.0
16552 1.0
16577 0.25
16578 0.75
16677 1.0
17026 1.0
17151 1.0
17177 1.0
17276 1.0
17301 0.14285714285714285
17302 0.8571428571428571
17401 1.0
17625 1.0
17750 1.0
17776 1.0
17875 1.0
17900 0.06060606060606061
17901 0.9393939393939394
18000 1.0
18025 0.23076923076923078
18026 0.7692307692307693
18375 1.0
18500 1.0
18525 1.0
18625 1.0
18650 1.0
18781 1.0
18786 1.0
18802 1.0
18807 1.0
18812 1.0
18833 1.0
18859 1.0
18906 1.0
18953 1.0
18958 1.0
18963 1.0
18984 1.0
19406 1.0
19432 1.0
19526 1.0
19552 1.0
19557 1.0
19578 1.0
19583 1.0
19677 1.0
19682 1.0
19702 0.7142857142857143
19703 0.2857142857142857
19802 1.0
20151 1.0
20156 1.0
20177 1.0
20276 1.0
20302 1.0
20401 1.0
20427 1.0
20526 1.0
20750 1.0
20776 1.0
20875 1.0
20900 0.5
20901 0.5
21000 1.0
21025 0.045454545454545456
21026 0.9545454545454546
21125 1.0
21151 1.0
21375 1.0
21500 1.0
21625 1.0
21650 0.6666666666666666
21651 0.3333333333333333
21750 1.0
21775 1.0
21906 1.0
21911 1.0
21932 1.0
21937 1.0
21958 1.0
21963 1.0
22057 1.0
22062 1.0
22083 1.0
22088 1.0
22109 1.0
22114 1.0
22182 1.0
22208 1.0
22531 1.0
22651 1.0
22656 1.0
22677 1.0
22682 1.0
22703 1.0
22708 1.0
22802 1.0
22807 1.0
22828 1.0
22833 1.0
23276 1.0
23281 1.0
23401 1.0
23427 1.0
23526 1.0
23551 0.4
23552 0.6
23651 1.0
23875 1.0
23901 1.0
24000 1.0
24025 0.25
24026 0.75
24125 1.0
24151 1.0
24250 1.0
24275 0.14285714285714285
24276 0.8571428571428571
24500 1.0
24625 1.0
24750 1.0
24775 0.3333333333333333
24776 0.6666666666666666
24875 1.0
25031 1.0
25036 1.0
25062 1.0
25161 1.0
25182 1.0
25187 1.0
25208 1.0
25213 1.0
25307 1.0
25332 0.3333333333333333
25333 0.6666666666666666
25338 1.0
25776 1.0
25781 1.0
25807 1.0
25833 1.0
25901 1.0
25926 0.125
25927 0.875
25932 1.0
26052 1.0
26401 1.0
26406 1.0
26526 1.0
26531 1.0
26551 0.2
26552 0.8
26556 1.0
26651 1.0
26677 1.0
26776 1.0
27000 1.0
27125 1.0
27151 1.0
27275 0.10344827586206896
27276 0.896551724137931
27375 1.0
27400 0.2
27401 0.8
27625 1.0
27750 1.0
27875 1.0
27901 1.0
28000 1.0
28025 0.75
28026 0.25
28156 1.0
28161 1.0
28286 1.0
28307 1.0
28312 1.0
28333 1.0
28338 1.0
28343 1.0
28432 1.0
28457 0.14285714285714285
28458 0.8571428571428571
28463 1.0
28781 1.0
28906 1.0
28932 1.0
28958 1.0
29026 1.0
29052 1.0
29057 1.0
29062 1.0
29083 1.0
29177 1.0
29182 1.0
29526 1.0
29531 1.0
29651 1.0
29656 1.0
29676 0.2
29677 0.8
29682 1.0
29776 1.0
29781 1.0
29802 1.0
29807 1.0
30250 1.0
30276 1.0
30375 1.0
30401 1.0
30406 1.0
30525 0.17647058823529413
30526 0.8235294117647058
30750 1.0
30875 1.0
31000 1.0
31025 0.25
31026 0.75
31125 1.0
31150 0.3333333333333333
31151 0.6666666666666666
31281 1.0
31302 1.0
31307 1.0
31312 1.0
31328 1.0
31333 1.0
31354 1.0
31359 1.0
31453 1.0
31479 1.0
31901 1.0
31927 1.0
31953 1.0
32026 1.0
32052 1.0
32077 0.05263157894736842
32078 0.9473684210526315
32103 1.0
32177 1.0
32202 0.25
32203 0.75
32526 1.0
32651 1.0
32677 1.0
32750 1.0
32776 1.0
32801 0.2222222222222222
32802 0.7777777777777778
32901 1.0
32926 0.3333333333333333
32927 0.6666666666666666
33026 1.0
33250 1.0
33375 1.0
33500 1.0
33525 0.25
33526 0.75
33625 1.0
33650 0.36363636363636365
33651 0.6363636363636364
34000 1.0
34125 1.0
34250 1.0
34406 1.0
34432 1.0
34437 1.0
34458 1.0
34479 1.0
34484 1.0
34489 1.0
34578 1.0
34583 1.0
34604 1.0
34609 1.0
35026 1.0
35031 1.0
35052 1.0
35151 1.0
35177 1.0
35202 0.045454545454545456
35203 0.9545454545454546
35208 1.0
35302 1.0
35327 0.5
35328 0.5
35427 1.0
35776 1.0
35875 1.0
35901 1.0
35926 0.1111111111111111
35927 0.8888888888888888
36026 1.0
36051 0.2727272727272727
36052 0.7272727272727273
36151 1.0
36375 1.0
36400 1.0
36500 1.0
36526 1.0
36625 1.0
36650 0.19047619047619047
36651 0.8095238095238095
36750 1.0
36775 0.2
36776 0.8
37000 1.0
37125 1.0
37250 1.0
37375 1.0
37536 1.0
37557 1.0
37562 1.0
37583 1.0
37588 1.0
37609 1.0
37677 1.0
37703 1.0
37708 1.0
37729 1.0
37734 1.0
37828 1.0
38156 1.0
38177 1.0
38276 1.0
38302 1.0
38328 1.0
38333 1.0
38401 1.0
38427 1.0
38453 1.0
38552 1.0
38901 1.0
38927 1.0
39025 0.125
39026 0.875
39051 0.3333333333333333
39052 0.6666666666666666
39151 1.0
39176 0.2
39177 0.8
39276 1.0
39500 1.0
39625 1.0
39650 1.0
39750 1.0
39775 0.045454545454545456
39776 0.9545454545454546
39875 1.0
39900 0.1111111111111111
39901 0.8888888888888888
40125 1.0
40250 1.0
40375 1.0
40400 1.0
40500 1.0
40656 1.0
40661 1.0
40682 1.0
40687 1.0
40708 1.0
40713 1.0
40739 1.0
40807 1.0
40833 1.0
40838 1.0
40859 1.0
40864 1.0
40953 1.0
41281 1.0
41401 1.0
41427 1.0
41432 1.0
41453 1.0
41458 1.0
41551 0.05
41552 0.95
41557 1.0
41578 1.0
41677 1.0
41906 1.0
42000 1.0
42026 1.0
42151 1.0
42176 0.16666666666666666
42177 0.8333333333333334
42276 1.0
42302 1.0
42401 1.0
42625 1.0
42750 1.0
42776 1.0
42875 1.0
42900 0.09375
42901 0.90625
43000 1.0
43025 0.1111111111111111
43026 0.8888888888888888
43250 1.0
43375 1.0
43500 1.0
43625 1.0
43650 1.0
43781 1.0
43807 1.0
43812 1.0
43838 1.0
43864 1.0
43932 1.0
43957 0.04
43958 0.96
43963 1.0
43984 1.0
43989 1.0
44078 1.0
44083 1.0
44406 1.0
44526 1.0
44531 1.0
44552 1.0
44557 1.0
44582 0.25
44583 0.75
44677 1.0
44703 1.0
44708 1.0
44802 1.0
45151 1.0
45156 1.0
45276 1.0
45301 0.2
45302 0.8
45401 1.0
45426 0.5555555555555556
45427 0.4444444444444444
45526 1.0
45750 1.0
45776 1.0
45875 1.0
45901 1.0
46000 1.0
46026 1.0
46125 1.0
46151 1.0
46375 1.0
46500 1.0
46625 1.0
46651 1.0
46750 1.0
46927 1.0
46932 1.0
46953 1.0
46958 1.0
46963 1.0
46978 0.05
46979 0.95
46984 1.0
46989 1.0
47078 1.0
47103 0.5
47104 0.5
47552 1.0
47651 1.0
47677 1.0
47703 1.0
47729 1.0
47802 1.0
47827 0.4
47828 0.6
47927 1.0
48275 0.2
48276 0.8
48375 1.0
48400 0.2
48401 0.8
48427 1.0
48525 0.037037037037037035
48526 0.9629629629629629
48551 0.3333333333333333
48552 0.6666666666666666
48651 1.0
48875 1.0
49000 1.0
49125 1.0
49150 0.2
49151 0.8
49250 1.0
49275 0.1111111111111111
49276 0.8888888888888888
49625 1.0
49750 1.0
49875 1.0
50052 1.0
50057 1.0
50062 1.0
50078 1.0
50083 1.0
50104 1.0
50109 1.0
50114 1.0
50203 1.0
50228 0.14285714285714285
50229 0.8571428571428571
50651 1.0
50677 1.0
50776 1.0
50802 1.0
50828 1.0
50901 1.0
50927 1.0
50952 0.5
50953 0.5
51052 1.0
51401 1.0
51427 1.0
51500 1.0
51525 0.125
51526 0.875
51551 0.25
51552 0.75
51651 1.0
51676 0.3333333333333333
51677 0.6666666666666666
51776 1.0
52000 1.0
52026 1.0
52125 1.0
52250 1.0
52275 0.09090909090909091
52276 0.9090909090909091
52375 1.0
52400 0.4
52401 0.6
52625 1.0
52750 1.0
52875 1.0
53000 1.0
53177 1.0
53182 1.0
53208 1.0
53234 1.0
53239 1.0
53328 1.0
53354 1.0
53359 1.0
53776 1.0
53807 1.0
53901 1.0
53927 1.0
53952 0.14285714285714285
53953 0.8571428571428571
53958 1.0
54052 1.0
54077 0.375
54078 0.625
54401 1.0
54526 1.0
54651 1.0
54676 0.1111111111111111
54677 0.8888888888888888
54776 1.0
54802 1.0
54901 1.0
55125 1.0
55250 1.0
55375 1.0
55401 1.0
55500 1.0
55525 0.16666666666666666
55526 0.8333333333333334
55875 1.0
56000 1.0
56125 1.0
56307 1.0
56333 1.0
56338 1.0
56359 1.0
56364 1.0
56453 1.0
56458 1.0
56479 1.0
56484 1.0
56578 1.0
56901 1.0
56906 1.0
57026 1.0
57052 1.0
57078 1.0
57082 0.2
57083 0.8
57176 0.07142857142857142
57177 0.9285714285714286
57203 1.0
57302 1.0
57526 1.0
57651 1.0
57750 1.0
57776 1.0
57802 1.0
57901 1.0
57926 0.5
57927 0.5
58026 1.0
58250 1.0
58276 1.0
58375 1.0
58500 1.0
58526 1.0
58625 1.0
58650 0.2
58651 0.8
59000 1.0
59125 1.0
59250 1.0
59432 1.0
59437 1.0
59463 1.0
59552 1.0
59557 1.0
59578 1.0
59583 1.0
59609 1.0
59708 1.0
60031 1.0
60057 1.0
60151 1.0
60177 1.0
60203 1.0
60208 1.0
60302 1.0
60327 0.14285714285714285
60328 0.8571428571428571
60427 1.0
60750 1.0
60776 1.0
60901 1.0
60927 1.0
61026 1.0
61051 0.125
61052 0.875
61151 1.0
61500 1.0
61526 1.0
61650 0.11764705882352941
61651 0.8823529411764706
61750 1.0
61775 0.2
61776 0.8
62125 1.0
62250 1.0
62375 1.0
62552 1.0
62557 1.0
62562 1.0
62578 1.0
62604 1.0
62609 1.0
62703 1.0
62728 0.3333333333333333
62729 0.6666666666666666
63151 1.0
63176 0.25
63177 0.75
63203 1.0
63276 1.0
63302 1.0
63328 1.0
63354 1.0
63427 1.0
63453 1.0
63551 1.0
63776 1.0
63901 1.0
64000 1.0
64025 0.1111111111111111
64026 0.8888888888888888
64052 1.0
64151 1.0
64177 1.0
64276 1.0
64625 1.0
64750 1.0
64775 0.16666666666666666
64776 0.8333333333333334
64875 1.0
64900 0.45454545454545453
64901 0.5454545454545454
65125 1.0
65250 1.0
65375 1.0
65500 1.0
65677 1.0
65682 1.0
65703 1.0
65708 1.0
65729 1.0
65734 1.0
65828 1.0
65854 1.0
66276 1.0
66302 1.0
66401 1.0
66427 1.0
66453 1.0
66552 1.0
66577 0.25
66578 0.75
66676 0.25
66677 0.75
66901 1.0
67026 1.0
67125 1.0
67150 0.4
67151 0.6
67176 0.25
67177 0.75
67276 1.0
67401 1.0
67625 1.0
67750 1.0
67875 1.0
67900 0.08333333333333333
67901 0.9166666666666666
68000 1.0
68025 0.6666666666666666
68026 0.3333333333333333
68250 1.0
68375 1.0
68500 1.0
68625 1.0
68802 1.0
68807 1.0
68812 1.0
68828 1.0
68833 1.0
68838 1.0
68854 1.0
68859 1.0
68953 1.0
68978 0.2
68979 0.8
68984 1.0
69427 1.0
69526 1.0
69551 0.14285714285714285
69552 0.8571428571428571
69577 0.06666666666666667
69578 0.9333333333333333
69677 1.0
69702 0.3333333333333333
69703 0.6666666666666666
69802 1.0
70026 1.0
70151 1.0
70250 1.0
70276 1.0
70301 0.2222222222222222
70302 0.7777777777777778
70401 1.0
70526 1.0
70750 1.0
70875 1.0
70901 1.0
71000 1.0
71025 0.14285714285714285
71026 0.8571428571428571
71125 1.0
71150 0.2222222222222222
71151 0.7777777777777778
71375 1.0
71500 1.0
71625 1.0
71750 1.0
71906 1.0
71932 1.0
71936 0.5
71937 0.5
71958 1.0
71963 1.0
71984 1.0
71989 1.0
72052 1.0
72078 1.0
72083 1.0
72103 0.3333333333333333
72104 0.6666666666666666
72109 1.0
72203 1.0
72526 1.0
72531 1.0
72552 1.0
72677 1.0
72703 1.0
72801 0.13333333333333333
72802 0.8666666666666667
72827 0.2
72828 0.8
72927 1.0
73276 1.0
73375 1.0
73400 0.07692307692307693
73401 0.9230769230769231
73426 0.2857142857142857
73427 0.7142857142857143
73526 1.0
73551 0.2857142857142857
73552 0.7142857142857143
73651 1.0
73875 1.0
73900 1.0
74000 1.0
74025 1.0
74125 1.0
74150 0.08333333333333333
74151 0.9166666666666666
74250 1.0
74275 0.1111111111111111
74276 0.8888888888888888
74500 1.0
74625 1.0
74750 1.0
74875 1.0
75031 1.0
75036 1.0
75057 1.0
75082 0.08333333333333333
75083 0.9166666666666666
75088 1.0
75109 1.0
75114 1.0
75177 1.0
75203 1.0
75208 1.0
75229 1.0
75233 0.08333333333333333
75234 0.9166666666666666
75328 1.0
75776 1.0
75802 1.0
75827 0.2857142857142857
75828 0.7142857142857143
75833 1.0
75927 1.0
75952 0.1
75953 0.9
76052 1.0
76276 1.0
76401 1.0
76526 1.0
76551 0.25
76552 0.75
76651 1.0
76677 1.0
76776 1.0
77000 1.0
77125 1.0
77250 1.0
77275 0.3125
77276 0.6875
77375 1.0
77400 0.16666666666666666
77401 0.8333333333333334
77750 1.0
77875 1.0
78000 1.0
