37 1.0
56 1.0
62 1.0
87 1.0
112 1.0
143 1.0
156 1.0
161 0.07142857142857142
162 0.9285714285714286
167 1.0
181 1.0
186 0.0625
187 0.9375
193 1.0
206 1.0
211 0.3333333333333333
212 0.6666666666666666
236 0.5
237 0.5
274 1.0
286 0.2
287 0.8
292 0.125
293 0.875
306 1.0
311 0.06060606060606061
312 0.9393939393939394
317 0.5714285714285714
318 0.42857142857142855
331 1.0
336 0.3
337 0.7
393 1.0
399 1.0
412 1.0
418 1.0
424 1.0
437 1.0
442 0.5
443 0.5
518 1.0
523 0.07142857142857142
524 0.9285714285714286
543 1.0
549 1.0
668 1.0
687 1.0
692 1.0
768 1.0
781 1.0
786 0.07692307692307693
787 0.9230769230769231
792 0.2857142857142857
793 0.7142857142857143
806 1.0
812 1.0
837 1.0
842 1.0
862 1.0
893 1.0
899 1.0
912 1.0
917 0.375
918 0.625
924 1.0
931 1.0
936 0.1320754716981132
937 0.8679245283018868
942 0.14285714285714285
943 0.8571428571428571
956 1.0
961 0.08333333333333333
962 0.9166666666666666
1018 1.0
1024 1.0
1037 1.0
1042 0.21739130434782608
1043 0.782608695652174
1049 1.0
1056 1.0
1062 1.0
1068 1.0
1143 1.0
1149 1.0
1168 1.0
1174 1.0
1287 1.0
1393 1.0
1399 1.0
1412 1.0
1417 0.375
1418 0.625
1424 1.0
1437 1.0
1443 1.0
1462 1.0
1518 1.0
1524 1.0
1537 1.0
1542 0.3333333333333333
1543 0.6666666666666666
1549 1.0
1556 1.0
1562 1.0
1567 0.2857142857142857
1568 0.7142857142857143
1587 1.0
1592 1.0
1643 1.0
1649 1.0
1662 1.0
1667 0.08333333333333333
1668 0.9166666666666666
1673 0.16666666666666666
1674 0.8333333333333334
1681 1.0
1686 0.08333333333333333
1687 0.9166666666666666
1692 1.0
1768 1.0
1774 1.0
1787 1.0
1793 1.0
1918 1.0
2012 1.0
2017 0.25
2018 0.75
2031 1.0
2037 1.0
2043 1.0
2062 1.0
2068 1.0
2087 1.0
2137 1.0
2142 0.5
2143 0.5
2148 0.14285714285714285
2149 0.8571428571428571
2156 1.0
2161 0.16666666666666666
2162 0.8333333333333334
2168 1.0
2186 0.020833333333333332
2187 0.9791666666666666
2192 0.1
2193 0.9
2212 1.0
2268 1.0
2274 1.0
2287 1.0
2293 1.0
2298 0.3333333333333333
2299 0.6666666666666666
2306 1.0
2311 0.16666666666666666
2312 0.8333333333333334
2318 1.0
2393 1.0
2399 1.0
2418 1.0
2424 1.0
2642 0.2
2643 0.8
2649 1.0
2662 1.0
2667 0.125
2668 0.875
2687 1.0
2693 1.0
2768 1.0
2774 1.0
2787 1.0
2792 0.3333333333333333
2793 0.6666666666666666
2812 1.0
2817 0.07142857142857142
2818 0.9285714285714286
2837 1.0
2843 1.0
2893 1.0
2898 0.4
2899 0.6
2912 1.0
2918 1.0
2923 0.2
2924 0.8
2936 0.16666666666666666
2937 0.8333333333333334
2942 0.2
2943 0.8
3018 1.0
3024 1.0
3037 1.0
3043 1.0
3048 0.5
3049 0.5
3156 1.0
3162 1.0
3181 1.0
3187 1.0
3206 1.0
3211 0.25
3212 0.75
3231 1.0
3237 1.0
3281 1.0
3300 1.0
3305 0.18518518518518517
3306 0.8148148148148148
3311 1.0
3325 1.0
3330 0.0392156862745098
3331 0.9607843137254902
3336 0.26666666666666666
3337 0.7333333333333333
3355 0.09090909090909091
3356 0.9090909090909091
3362 1.0
3425 1.0
3431 1.0
3450 1.0
3455 0.2857142857142857
3456 0.7142857142857143
3781 1.0
3786 0.3333333333333333
3787 0.6666666666666666
3792 1.0
3806 1.0
3811 0.14285714285714285
3812 0.8571428571428571
3831 1.0
3837 1.0
3856 1.0
3862 1.0
3906 1.0
3911 0.3333333333333333
3912 0.6666666666666666
3930 0.03571428571428571
3931 0.9642857142857143
3936 0.3333333333333333
3937 0.6666666666666666
3955 0.037037037037037035
3956 0.9629629629629629
3961 0.39285714285714285
3962 0.6071428571428571
3981 1.0
3986 0.4
3987 0.6
4050 1.0
4055 0.09090909090909091
4056 0.9090909090909091
4061 1.0
4080 0.14814814814814814
4081 0.8518518518518519
4086 1.0
4406 1.0
4412 1.0
4418 1.0
4431 1.0
4436 0.1111111111111111
4437 0.8888888888888888
4443 1.0
4461 0.16666666666666666
4462 0.8333333333333334
4487 1.0
4531 1.0
4536 0.2857142857142857
4537 0.7142857142857143
4556 1.0
4561 0.3
4562 0.7
4581 1.0
4586 0.24242424242424243
4587 0.7575757575757576
4606 1.0
4612 1.0
4680 0.05
4681 0.95
4686 0.7
4687 0.3
4705 0.05263157894736842
4706 0.9473684210526315
4711 0.6666666666666666
4712 0.3333333333333333
5037 1.0
5043 1.0
5062 1.0
5156 1.0
5161 0.1
5162 0.9
5181 1.0
5186 0.16666666666666666
5187 0.8333333333333334
5206 1.0
5211 0.1
5212 0.9
5231 1.0
5237 1.0
5306 1.0
5311 0.4166666666666667
5312 0.5833333333333334
5331 1.0
5337 1.0
5431 1.0
5662 1.0
5668 1.0
5687 1.0
5781 1.0
5786 0.125
5787 0.875
5793 1.0
5806 1.0
5811 0.05555555555555555
5812 0.9444444444444444
5818 1.0
5831 1.0
5836 0.057692307692307696
5837 0.9423076923076923
5843 1.0
5862 1.0
5906 1.0
5931 1.0
5936 0.19230769230769232
5937 0.8076923076923077
5956 1.0
5961 0.16666666666666666
5962 0.8333333333333334
6056 1.0
6280 0.25
6281 0.75
6286 1.0
6300 1.0
6306 1.0
6311 0.25
6312 0.75
6331 1.0
6336 0.5
6337 0.5
6350 1.0
6356 1.0
6400 1.0
6425 1.0
6430 0.3333333333333333
6431 0.6666666666666666
6450 1.0
6455 0.5555555555555556
6456 0.4444444444444444
6475 1.0
6480 0.3125
6481 0.6875
6550 1.0
6575 1.0
6580 1.0
6906 1.0
6912 1.0
6925 1.0
6931 1.0
6936 0.25
6937 0.75
6956 1.0
6962 1.0
6981 1.0
6987 1.0
7050 1.0
7055 0.18181818181818182
7056 0.8181818181818182
7075 1.0
7080 0.2647058823529412
7081 0.7352941176470589
7100 1.0
7105 0.16
7106 0.84
7175 1.0
7200 1.0
7205 1.0
7531 1.0
7536 0.5
7537 0.5
7556 1.0
7561 0.125
7562 0.875
7581 1.0
7587 1.0
7606 1.0
7611 0.14285714285714285
7612 0.8571428571428571
7650 1.0
7675 1.0
7680 0.2
7681 0.8
7700 1.0
7705 0.06741573033707865
7706 0.9325842696629213
7712 1.0
7731 1.0
7800 1.0
7805 0.5
7806 0.5
7825 1.0
7830 0.5555555555555556
7831 0.4444444444444444
8156 1.0
8162 1.0
8181 1.0
8186 0.29411764705882354
8187 0.7058823529411765
8206 1.0
8211 0.2
8212 0.8
8237 1.0
8275 1.0
8281 1.0
8305 0.15
8306 0.85
8325 1.0
8330 0.010752688172043012
8331 0.989247311827957
8336 0.16666666666666666
8337 0.8333333333333334
8356 1.0
8361 0.3333333333333333
8362 0.6666666666666666
8425 1.0
8430 0.3125
8431 0.6875
8450 1.0
8455 0.21428571428571427
8456 0.7857142857142857
8781 1.0
8787 1.0
8806 1.0
8811 0.07692307692307693
8812 0.9230769230769231
8837 1.0
8862 1.0
8906 1.0
8911 1.0
8931 1.0
8956 1.0
8961 0.2
8962 0.8
8981 1.0
8987 1.0
9050 1.0
9055 0.08695652173913043
9056 0.9130434782608695
9080 0.05555555555555555
9081 0.9444444444444444
9175 1.0
9425 1.0
9430 0.11764705882352941
9431 0.8823529411764706
9437 1.0
9450 1.0
9455 0.25
9456 0.75
9462 1.0
9475 1.0
9480 0.09090909090909091
9481 0.9090909090909091
9487 1.0
9525 1.0
9550 1.0
9575 1.0
9580 1.0
9600 1.0
9605 0.3333333333333333
9606 0.6666666666666666
9675 1.0
9700 1.0
10030 0.2
10031 0.8
10050 1.0
10055 0.09090909090909091
10056 0.9090909090909091
10062 1.0
10080 0.23076923076923078
10081 0.7692307692307693
10087 1.0
10100 1.0
10105 0.02
10106 0.98
10111 0.2
10112 0.8
10175 1.0
10180 1.0
10200 1.0
10205 0.30434782608695654
10206 0.6956521739130435
10225 1.0
10230 0.2857142857142857
10231 0.7142857142857143
10300 1.0
10325 1.0
10656 1.0
10680 0.043478260869565216
10681 0.9565217391304348
10687 1.0
10706 1.0
10711 0.3333333333333333
10712 0.6666666666666666
10731 1.0
10737 1.0
10800 1.0
10805 0.4
10806 0.6
10825 1.0
10830 0.275
10831 0.725
10850 1.0
10855 0.05555555555555555
10856 0.9444444444444444
10925 1.0
10950 1.0
11280 0.2
11281 0.8
11306 1.0
11311 0.2222222222222222
11312 0.7777777777777778
11331 1.0
11336 0.25
11337 0.75
11356 1.0
11362 1.0
11425 1.0
11430 0.5454545454545454
11431 0.45454545454545453
11450 1.0
11455 0.15
11456 0.85
11461 1.0
11481 1.0
11550 1.0
11575 1.0
11580 0.6666666666666666
11581 0.3333333333333333
11906 1.0
11931 1.0
11936 0.25
11937 0.75
11956 1.0
11962 1.0
11981 1.0
12031 1.0
12050 1.0
12055 0.3125
12056 0.6875
12075 1.0
12080 0.04395604395604396
12081 0.9560439560439561
12086 0.6666666666666666
12087 0.3333333333333333
12106 1.0
12112 1.0
12175 1.0
12181 1.0
12200 1.0
12205 0.6
12206 0.4
12530 0.5
12531 0.5
12550 1.0
12555 0.0625
12556 0.9375
12562 1.0
12575 1.0
12580 0.16666666666666666
12581 0.8333333333333334
12587 1.0
12600 1.0
12605 0.08196721311475409
12606 0.9180327868852459
12612 1.0
12675 1.0
12700 1.0
12725 1.0
12825 1.0
13156 1.0
13175 1.0
13180 0.10526315789473684
13181 0.8947368421052632
13187 1.0
13200 1.0
13205 0.3333333333333333
13206 0.6666666666666666
13225 1.0
13230 0.1038961038961039
13231 0.8961038961038961
13236 0.5
13237 0.5
13300 1.0
13325 1.0
13330 1.0
13350 1.0
13355 0.5
13356 0.5
13450 1.0
13781 1.0
13787 1.0
13800 1.0
13805 0.14285714285714285
13806 0.8571428571428571
13812 1.0
13831 1.0
13837 1.0
13856 1.0
13862 1.0
13925 1.0
13950 1.0
13955 0.6666666666666666
13956 0.3333333333333333
13975 1.0
13980 0.4444444444444444
13981 0.5555555555555556
14050 1.0
14075 1.0
14406 1.0
14412 1.0
14425 1.0
14430 0.05
14431 0.95
14437 1.0
14456 1.0
14462 1.0
14481 1.0
14487 1.0
14550 1.0
14555 0.875
14556 0.125
14575 1.0
14580 0.3333333333333333
14581 0.6666666666666666
14600 1.0
14605 0.17857142857142858
14606 0.8214285714285714
14675 1.0
14700 1.0
15031 1.0
15036 0.3333333333333333
15037 0.6666666666666666
15056 1.0
15062 1.0
15081 1.0
15086 0.16666666666666666
15087 0.8333333333333334
15106 1.0
15111 0.2222222222222222
15112 0.7777777777777778
15175 1.0
15180 0.4
15181 0.6
15200 1.0
15205 0.23636363636363636
15206 0.7636363636363637
15230 0.02857142857142857
15231 0.9714285714285714
15300 1.0
15325 1.0
