0 1.0
6 1.0
25 1.0
31 0.9818181818181818
32 0.01818181818181818
37 1.0
50 0.9508196721311475
51 0.04918032786885246
56 0.9769230769230769
57 0.023076923076923078
62 1.0
68 1.0
75 0.9767441860465116
76 0.023255813953488372
81 0.957345971563981
82 0.04265402843601896
87 1.0
93 1.0
100 0.9918032786885246
101 0.00819672131147541
106 0.974025974025974
107 0.025974025974025976
112 1.0
118 1.0
125 1.0
131 0.9666666666666667
132 0.03333333333333333
137 1.0
150 1.0
156 0.92
157 0.08
162 0.9316239316239316
163 0.06837606837606838
168 0.9455782312925171
169 0.05442176870748299
174 1.0
181 0.8461538461538461
182 0.15384615384615385
187 0.8846153846153846
188 0.11538461538461539
193 0.9633802816901409
194 0.036619718309859155
199 1.0
206 1.0
212 0.9264705882352942
213 0.07352941176470588
218 0.9866666666666667
219 0.013333333333333334
250 0.8333333333333334
251 0.16666666666666666
256 1.0
262 1.0
268 0.8333333333333334
269 0.16666666666666666
274 1.0
281 0.8888888888888888
282 0.1111111111111111
287 0.8958333333333334
288 0.10416666666666667
293 0.8996539792387543
294 0.10034602076124567
299 1.0
318 0.9
319 0.1
324 1.0
375 0.8333333333333334
376 0.16666666666666666
381 0.9444444444444444
382 0.05555555555555555
387 1.0
393 0.8970588235294118
394 0.10294117647058823
399 1.0
412 1.0
418 0.9682539682539683
419 0.031746031746031744
424 1.0
500 0.5
501 0.5
506 0.9047619047619048
507 0.09523809523809523
512 0.9166666666666666
513 0.08333333333333333
518 0.9285714285714286
519 0.07142857142857142
524 1.0
543 1.0
549 1.0
