0 1.0
25 0.9841269841269841
26 0.015873015873015872
31 1.0
50 0.9708029197080292
51 0.029197080291970802
56 1.0
75 0.9577464788732394
76 0.04225352112676056
81 1.0
100 0.9713261648745519
101 0.02867383512544803
106 0.9911111111111112
107 0.008888888888888889
112 1.0
125 0.9642857142857143
126 0.03571428571428571
131 1.0
150 0.9696969696969697
151 0.030303030303030304
156 0.9696969696969697
157 0.030303030303030304
162 1.0
175 0.7241379310344828
176 0.27586206896551724
181 0.9365853658536586
182 0.06341463414634146
187 1.0
200 0.7368421052631579
201 0.2631578947368421
206 0.88
207 0.12
212 1.0
231 0.9285714285714286
232 0.07142857142857142
237 1.0
250 1.0
256 1.0
275 0.9375
276 0.0625
281 0.8617021276595744
282 0.13829787234042554
287 0.9622641509433962
288 0.03773584905660377
293 1.0
306 0.8448275862068966
307 0.15517241379310345
312 0.9461279461279462
313 0.05387205387205387
318 1.0
331 0.5416666666666666
332 0.4583333333333333
337 0.8962765957446809
338 0.10372340425531915
343 1.0
362 1.0
368 1.0
375 0.875
376 0.125
381 0.9444444444444444
382 0.05555555555555555
387 1.0
400 0.4
401 0.6
406 0.8133333333333334
407 0.18666666666666668
412 0.911504424778761
413 0.08849557522123894
418 0.9180327868852459
419 0.08196721311475409
424 1.0
431 0.7142857142857143
432 0.2857142857142857
437 0.8285714285714286
438 0.17142857142857143
443 0.9624060150375939
444 0.03759398496240601
449 1.0
462 0.35294117647058826
463 0.6470588235294118
468 0.9591836734693877
469 0.04081632653061224
474 1.0
500 1.0
506 0.9534883720930233
507 0.046511627906976744
512 1.0
531 0.8958333333333334
532 0.10416666666666667
537 0.8187134502923976
538 0.18128654970760233
543 0.886986301369863
544 0.11301369863013698
549 1.0
562 0.6056338028169014
563 0.39436619718309857
568 0.876010781671159
569 0.12398921832884097
574 1.0
