266 1.0
272 1.0
291 0.5
292 0.5
296 0.5
297 0.5
392 0.3333333333333333
393 0.6666666666666666
397 0.2222222222222222
398 0.7777777777777778
417 0.25
418 0.75
422 0.42857142857142855
423 0.5714285714285714
518 1.0
523 0.3333333333333333
524 0.6666666666666666
543 1.0
548 1.0
891 0.6666666666666666
892 0.3333333333333333
897 1.0
922 1.0
1018 1.0
1023 1.0
1042 0.4
1043 0.6
1047 0.25
1048 0.75
1143 0.5
1144 0.5
1148 0.35714285714285715
1149 0.6428571428571429
1168 0.75
1169 0.25
1173 0.75
1174 0.25
1391 1.0
1516 1.0
1521 0.5
1522 0.5
1542 1.0
1643 1.0
1647 0.4
1648 0.6
1668 1.0
1673 1.0
1768 0.5
1769 0.5
1774 1.0
1793 1.0
1798 0.75
1799 0.25
2016 1.0
2021 1.0
2142 1.0
2147 1.0
2172 1.0
2268 1.0
2272 0.5
2273 0.5
2293 1.0
2297 0.14285714285714285
2298 0.8571428571428571
2398 0.1875
2399 0.8125
2418 1.0
2423 0.8
2424 0.2
2766 0.5
2767 0.5
2772 1.0
2893 1.0
2898 1.0
2917 0.2
2918 0.8
2923 1.0
3018 1.0
3023 0.21052631578947367
3024 0.7894736842105263
3048 0.8
3049 0.2
3271 1.0
3396 0.5
3397 0.5
3421 1.0
3518 1.0
3522 0.3333333333333333
3523 0.6666666666666666
3543 1.0
3547 0.25
3548 0.75
3643 0.75
3644 0.25
3648 0.4
3649 0.6
3668 1.0
3673 1.0
3891 1.0
3896 1.0
3921 1.0
4021 0.2
4022 0.8
4143 1.0
4147 0.2857142857142857
4148 0.7142857142857143
4167 0.25
4168 0.75
4172 0.21428571428571427
4173 0.7857142857142857
4268 1.0
4273 0.07692307692307693
4274 0.9230769230769231
4293 1.0
4298 0.7142857142857143
4299 0.2857142857142857
4546 1.0
4647 1.0
4672 1.0
4768 1.0
4793 1.0
4797 0.3
4798 0.7
4893 0.6666666666666666
4894 0.3333333333333333
4898 0.14285714285714285
4899 0.8571428571428571
4918 1.0
4923 0.75
4924 0.25
5166 1.0
5171 1.0
5266 1.0
5271 0.3333333333333333
5272 0.6666666666666666
5297 1.0
5392 1.0
5397 0.16666666666666666
5398 0.8333333333333334
5418 1.0
5422 0.1111111111111111
5423 0.8888888888888888
5518 0.6666666666666666
5519 0.3333333333333333
5523 0.25
5524 0.75
5543 1.0
5548 0.5
5549 0.5
5796 1.0
5896 0.42857142857142855
5897 0.5714285714285714
5916 1.0
5922 1.0
6018 1.0
6023 1.0
6043 1.0
6048 1.0
6143 0.6666666666666666
6144 0.3333333333333333
6148 0.23529411764705882
6149 0.7647058823529411
6168 1.0
6173 0.5
6174 0.5
6391 1.0
6396 1.0
6517 1.0
6521 0.3333333333333333
6522 0.6666666666666666
6542 1.0
6643 1.0
6648 1.0
6668 1.0
6673 1.0
6768 0.6
6769 0.4
6773 0.2727272727272727
6774 0.7272727272727273
6793 1.0
6798 1.0
7041 1.0
7146 0.2
7147 0.8
7171 1.0
7268 1.0
7273 1.0
7292 0.5
7293 0.5
7298 1.0
7398 0.3125
7399 0.6875
7418 0.75
7419 0.25
7423 0.8
7424 0.2
7641 1.0
7646 1.0
7671 1.0
7771 0.16666666666666666
7772 0.8333333333333334
7791 1.0
7893 1.0
7898 1.0
7918 1.0
7923 1.0
8018 0.3333333333333333
8019 0.6666666666666666
8023 0.4375
8024 0.5625
8043 1.0
8048 1.0
8271 1.0
8391 1.0
8396 0.25
8397 0.75
8422 1.0
8523 1.0
8543 1.0
8547 0.2
8548 0.8
8643 0.7142857142857143
8644 0.2857142857142857
8648 0.2
8649 0.8
8668 1.0
8673 1.0
8896 1.0
9017 1.0
9022 1.0
9046 0.5
9047 0.5
9143 1.0
9147 0.25
9148 0.75
9168 1.0
9173 1.0
9268 0.6666666666666666
9269 0.3333333333333333
9273 0.18181818181818182
9274 0.8181818181818182
9293 0.6666666666666666
9294 0.3333333333333333
9298 0.7142857142857143
9299 0.2857142857142857
9521 1.0
9546 1.0
9646 0.3333333333333333
9647 0.6666666666666666
9666 1.0
9768 1.0
9772 0.25
9773 0.75
9793 1.0
9798 1.0
9893 0.5
9894 0.5
9898 0.25
9899 0.75
9918 1.0
9923 0.6666666666666666
9924 0.3333333333333333
10146 1.0
10266 0.5
10267 0.5
10271 0.125
10272 0.875
10393 1.0
10397 0.2
10398 0.8
10418 1.0
10422 0.42857142857142855
10423 0.5714285714285714
10518 0.3333333333333333
10519 0.6666666666666666
10523 0.05555555555555555
10524 0.9444444444444444
10543 1.0
10548 0.6666666666666666
10549 0.3333333333333333
10766 1.0
10892 1.0
10896 0.3333333333333333
10897 0.6666666666666666
11018 1.0
11023 1.0
11043 1.0
11047 0.2
11048 0.8
11143 0.6666666666666666
11144 0.3333333333333333
11148 0.3125
11149 0.6875
11168 1.0
11173 0.6666666666666666
11174 0.3333333333333333
11396 1.0
11517 1.0
11522 1.0
11547 1.0
11643 1.0
11648 1.0
11668 1.0
11673 1.0
11769 1.0
11773 0.125
11774 0.875
11793 1.0
11798 0.6666666666666666
11799 0.3333333333333333
12141 0.6666666666666666
12142 0.3333333333333333
12146 0.3333333333333333
12147 0.6666666666666666
12171 1.0
12268 1.0
12273 1.0
12292 0.3333333333333333
12293 0.6666666666666666
12298 1.0
12393 0.75
12394 0.25
12398 0.25
12399 0.75
12418 1.0
12424 1.0
12641 1.0
12671 1.0
12767 1.0
12772 1.0
12898 1.0
12918 1.0
12922 0.3333333333333333
12923 0.6666666666666666
13018 0.5
13019 0.5
13023 0.3333333333333333
13024 0.6666666666666666
13048 0.8333333333333334
13049 0.16666666666666666
13271 1.0
13392 1.0
13396 0.125
13397 0.875
13417 1.0
13518 1.0
13522 1.0
13543 1.0
13548 1.0
13643 0.6666666666666666
13644 0.3333333333333333
13648 0.4166666666666667
13649 0.5833333333333334
13668 1.0
13673 0.6666666666666666
13674 0.3333333333333333
13891 1.0
14022 1.0
14041 1.0
14046 0.3333333333333333
14047 0.6666666666666666
14143 1.0
14147 0.14285714285714285
14148 0.8571428571428571
14167 0.2
14168 0.8
14173 1.0
14268 1.0
14273 0.25
14274 0.75
14293 1.0
14298 0.375
14299 0.625
14642 1.0
14646 0.25
14647 0.5
14648 0.25
14672 1.0
14768 1.0
14772 0.1111111111111111
14773 0.8888888888888888
14793 1.0
14798 1.0
14894 1.0
14898 0.125
14899 0.875
14918 0.6666666666666666
14919 0.3333333333333333
14923 1.0
15267 1.0
15271 0.5
15272 0.5
15297 1.0
15398 1.0
15418 1.0
15423 1.0
15518 1.0
15523 0.2
15524 0.8
15543 1.0
15548 0.3333333333333333
15549 0.6666666666666666
15770 1.0
15791 1.0
15796 1.0
15916 0.6666666666666666
15917 0.3333333333333333
15941 0.5
15942 0.5
16017 1.0
16042 1.0
16047 1.0
16067 1.0
16072 1.0
16391 1.0
16416 1.0
16421 1.0
16541 0.42857142857142855
16542 0.5714285714285714
16566 0.3333333333333333
16567 0.6666666666666666
16572 1.0
16667 0.8928571428571429
16668 0.10714285714285714
16672 1.0
16692 1.0
17016 1.0
17041 1.0
17166 0.5
17167 0.5
17192 1.0
17267 1.0
17292 0.8571428571428571
17293 0.14285714285714285
17297 1.0
17317 1.0
17322 1.0
17666 1.0
17671 1.0
17766 1.0
17791 0.2857142857142857
17792 0.7142857142857143
17796 0.6666666666666666
17797 0.3333333333333333
17817 1.0
17917 0.8787878787878788
17918 0.12121212121212122
17922 0.875
17923 0.125
17942 0.8571428571428571
17943 0.14285714285714285
18266 1.0
18391 1.0
18416 0.2
18417 0.8
18421 0.5
18422 0.5
18442 1.0
18518 1.0
18542 0.8235294117647058
18543 0.17647058823529413
18547 1.0
18567 1.0
18572 0.5
18573 0.5
18668 1.0
18891 1.0
18896 1.0
18916 1.0
18921 1.0
19016 1.0
19021 1.0
19042 1.0
19046 1.0
19072 1.0
19167 0.8823529411764706
19168 0.11764705882352941
19172 0.6666666666666666
19173 0.3333333333333333
19192 1.0
19197 1.0
19521 1.0
19541 1.0
19641 1.0
19666 1.0
19671 1.0
19691 0.3333333333333333
19692 0.6666666666666666
19768 1.0
19792 0.8421052631578947
19793 0.15789473684210525
19797 1.0
19817 1.0
20141 1.0
20166 1.0
20292 1.0
20297 1.0
20316 0.25
20317 0.75
20322 1.0
20417 0.8571428571428571
20418 0.14285714285714285
20422 1.0
20442 1.0
20766 1.0
20771 1.0
20791 1.0
20916 0.42857142857142855
20917 0.5714285714285714
21042 0.6
21043 0.4
21047 0.75
21048 0.25
21067 1.0
21072 1.0
21391 1.0
21396 1.0
21416 1.0
21421 1.0
21516 1.0
21542 1.0
21547 1.0
21567 1.0
21667 0.9166666666666666
21668 0.08333333333333333
21672 1.0
21692 1.0
22016 1.0
22021 1.0
22041 1.0
22046 1.0
22141 1.0
22166 0.23076923076923078
22167 0.7692307692307693
22191 0.5
22192 0.5
22292 0.8421052631578947
22293 0.15789473684210525
22297 1.0
22317 1.0
22666 1.0
22671 1.0
22766 1.0
22791 0.3333333333333333
22792 0.6666666666666666
22817 1.0
22917 0.9047619047619048
22918 0.09523809523809523
22922 1.0
22942 0.8888888888888888
22943 0.1111111111111111
22947 1.0
23266 1.0
23291 1.0
23296 1.0
23391 1.0
23417 1.0
23422 1.0
23442 1.0
23542 0.75
23543 0.25
23547 1.0
23567 1.0
23916 1.0
23921 1.0
24041 0.3333333333333333
24042 0.6666666666666666
24067 1.0
24167 0.8571428571428571
24168 0.14285714285714285
24172 0.7
24173 0.3
24192 0.7777777777777778
24193 0.2222222222222222
24516 1.0
24541 1.0
24546 1.0
24666 0.25
24667 0.75
24671 1.0
24692 1.0
24792 0.7368421052631579
24793 0.2631578947368421
24797 0.5714285714285714
24798 0.42857142857142855
24817 1.0
24918 1.0
25141 1.0
25145 0.3333333333333333
25146 0.6666666666666666
25166 1.0
25266 1.0
25271 1.0
25292 1.0
25296 0.5
25297 0.5
25417 0.7916666666666666
25418 0.20833333333333334
25422 0.7142857142857143
25423 0.2857142857142857
25442 1.0
25447 1.0
25766 1.0
25791 1.0
25796 1.0
25891 1.0
25916 1.0
25922 1.0
25942 1.0
26017 1.0
26042 0.6666666666666666
26043 0.3333333333333333
26047 0.75
26048 0.25
26067 1.0
26396 1.0
26416 1.0
26516 1.0
26542 1.0
26567 1.0
26667 0.8
26668 0.2
26672 1.0
26692 1.0
27021 1.0
27041 1.0
27146 1.0
27166 0.2
27167 0.8
27171 1.0
27197 1.0
27292 0.9166666666666666
27293 0.08333333333333333
27297 1.0
27317 1.0
27641 1.0
27666 1.0
27671 1.0
27766 1.0
27791 0.3333333333333333
27792 0.6666666666666666
27796 0.5
27797 0.5
27817 1.0
27892 1.0
27917 0.6956521739130435
27918 0.30434782608695654
27922 0.6
27923 0.4
27942 1.0
28266 1.0
28271 1.0
28291 1.0
28417 1.0
28421 0.25
28422 0.75
28442 1.0
28542 0.9375
28543 0.0625
28547 1.0
28567 0.9090909090909091
28568 0.09090909090909091
28572 1.0
28891 1.0
28916 1.0
28921 1.0
29042 1.0
29047 1.0
29067 1.0
29167 0.7222222222222222
29168 0.2777777777777778
29172 1.0
29192 1.0
29293 1.0
29516 1.0
29541 1.0
29546 1.0
29641 1.0
29667 1.0
29692 1.0
29792 0.8181818181818182
29793 0.18181818181818182
29797 0.5
29798 0.5
29817 1.0
30166 1.0
30292 1.0
30297 1.0
30417 0.6285714285714286
30418 0.37142857142857144
30422 0.7142857142857143
30423 0.2857142857142857
30442 1.0
30447 1.0
30796 1.0
30916 0.6666666666666666
30917 0.3333333333333333
30921 1.0
31018 1.0
31042 0.6153846153846154
31043 0.38461538461538464
31047 1.0
31067 0.8
31068 0.2
31168 1.0
31390 0.5
31391 0.5
31415 0.8333333333333334
31416 0.16666666666666666
31440 0.25
31441 0.75
31541 0.7142857142857143
31542 0.2857142857142857
31561 1.0
31566 0.9565217391304348
31567 0.043478260869565216
32036 1.0
32040 0.2
32041 0.8
32161 1.0
32166 0.75
32167 0.25
32186 0.5
32187 0.5
32191 0.8518518518518519
32192 0.14814814814814814
32216 1.0
32292 1.0
32312 1.0
32317 1.0
32640 1.0
32665 0.5
32666 0.5
32786 1.0
32791 1.0
32811 1.0
32816 0.8333333333333334
32817 0.16666666666666666
32917 1.0
32937 1.0
32942 1.0
33290 0.4
33291 0.6
33412 1.0
33416 0.5555555555555556
33417 0.4444444444444444
33436 0.3333333333333333
33437 0.6666666666666666
33441 0.47368421052631576
33442 0.5263157894736842
33537 1.0
33562 1.0
33567 1.0
33891 1.0
33915 0.2
33916 0.8
34041 0.8333333333333334
34042 0.16666666666666666
34061 0.5
34062 0.5
34066 0.64
34067 0.36
34091 1.0
34167 1.0
34187 1.0
34192 1.0
34515 1.0
34536 1.0
34540 0.5
34541 0.5
34666 1.0
34686 0.6666666666666666
34687 0.3333333333333333
34691 0.875
34692 0.125
34716 1.0
34792 1.0
34812 1.0
34817 1.0
35141 1.0
35165 0.46153846153846156
35166 0.5384615384615384
35291 1.0
35311 0.16666666666666666
35312 0.8333333333333334
35316 0.8620689655172413
35317 0.13793103448275862
35417 1.0
35437 1.0
35442 1.0
35766 1.0
35786 1.0
35790 0.3333333333333333
35791 0.6666666666666666
35911 1.0
35916 0.8
35917 0.2
35936 0.5
35937 0.5
35941 0.7222222222222222
35942 0.2777777777777778
36042 1.0
36062 1.0
36067 1.0
36415 0.625
36416 0.375
36536 1.0
36541 0.4
36542 0.6
36562 1.0
36566 0.6818181818181818
36567 0.3181818181818182
36662 1.0
36667 1.0
36687 1.0
36692 1.0
37040 0.2
37041 0.8
37166 0.3333333333333333
37167 0.6666666666666666
37186 0.25
37187 0.75
37191 0.5
37192 0.5
37292 1.0
37312 1.0
37317 1.0
37641 1.0
37665 0.5555555555555556
37666 0.4444444444444444
37690 1.0
37791 0.42857142857142855
37792 0.5714285714285714
37811 1.0
37816 1.0
37841 1.0
37917 1.0
37937 1.0
37942 1.0
38286 1.0
38290 0.2
38291 0.8
38316 1.0
38416 0.625
38417 0.375
38437 1.0
38441 0.8
38442 0.2
38537 1.0
38567 1.0
38891 1.0
38916 1.0
38941 1.0
39037 1.0
39041 0.8333333333333334
39042 0.16666666666666666
39062 1.0
39066 0.6956521739130435
39067 0.30434782608695654
39167 1.0
39187 1.0
39192 1.0
39516 1.0
39536 1.0
39541 1.0
39661 1.0
39666 0.3333333333333333
39667 0.6666666666666666
39686 0.5
39687 0.5
39691 0.8333333333333334
39692 0.16666666666666666
39792 1.0
39812 1.0
39817 1.0
40165 0.25
40166 0.75
40191 1.0
40291 0.5
40292 0.5
40311 1.0
40316 0.38095238095238093
40317 0.6190476190476191
40417 1.0
40437 1.0
40442 1.0
40765 1.0
40790 0.5
40791 0.5
40795 1.0
40816 1.0
40912 1.0
40916 0.5
40917 0.5
40937 1.0
40941 0.7727272727272727
40942 0.22727272727272727
41067 1.0
41415 0.25
41416 0.75
41541 0.3333333333333333
41542 0.6666666666666666
41562 1.0
41566 0.6956521739130435
41567 0.30434782608695654
41591 1.0
41667 1.0
41692 1.0
42015 0.6666666666666666
42016 0.3333333333333333
42040 0.25
42041 0.75
42045 1.0
42161 1.0
42166 0.7142857142857143
42167 0.2857142857142857
42186 0.2
42187 0.8
42191 0.6842105263157895
42192 0.3157894736842105
42292 1.0
42312 1.0
42317 1.0
42665 0.16666666666666666
42666 0.8333333333333334
42791 0.36363636363636365
42792 0.6363636363636364
42812 1.0
42816 0.6086956521739131
42817 0.391304347826087
42917 1.0
42937 1.0
42942 1.0
43266 1.0
43290 0.5
43291 0.5
43316 1.0
43411 1.0
43416 0.3125
43417 0.6875
43436 0.3333333333333333
43437 0.6666666666666666
43441 0.3
43442 0.7
43537 1.0
43542 1.0
43562 1.0
43567 1.0
43915 0.2222222222222222
43916 0.7777777777777778
44041 0.6
44042 0.4
44062 1.0
44066 0.7083333333333334
44067 0.2916666666666667
44187 1.0
44192 1.0
44540 0.4
44541 0.6
44566 1.0
44661 1.0
44666 0.7
44667 0.3
44687 1.0
44691 0.6153846153846154
44692 0.38461538461538464
44792 1.0
44817 1.0
45166 1.0
45171 1.0
45291 0.2857142857142857
45292 0.7142857142857143
45316 0.5454545454545454
45317 0.45454545454545453
45412 1.0
45417 1.0
45442 1.0
45791 1.0
45912 1.0
45916 0.45454545454545453
45917 0.5454545454545454
45941 0.3333333333333333
45942 0.6666666666666666
46042 1.0
46062 1.0
46067 1.0
46391 1.0
46415 0.1111111111111111
46416 0.8888888888888888
46421 1.0
46541 0.5
46542 0.5
46562 1.0
46566 0.35294117647058826
46567 0.6470588235294118
46667 1.0
46687 1.0
46692 1.0
47035 1.0
47040 1.0
47065 0.75
47066 0.25
47086 1.0
47186 1.0
47191 1.0
47211 1.0
47216 1.0
47665 1.0
47690 0.3333333333333333
47691 0.6666666666666666
47811 1.0
47816 1.0
47836 1.0
47841 1.0
48285 1.0
48290 1.0
48316 1.0
48341 1.0
48411 1.0
48436 0.9411764705882353
48437 0.058823529411764705
48441 1.0
48461 1.0
48466 1.0
48910 0.5
48911 0.5
48915 1.0
48940 0.25
48941 0.75
48966 1.0
49061 1.0
49066 1.0
49086 1.0
49091 1.0
49536 1.0
49540 1.0
49561 1.0
49566 1.0
49661 1.0
49686 0.88
49687 0.12
49691 1.0
49711 1.0
49716 1.0
50160 1.0
50165 1.0
50185 1.0
50190 0.25
50191 0.75
50216 1.0
50311 1.0
50316 1.0
50336 1.0
50341 1.0
50665 1.0
50790 1.0
50811 1.0
50815 1.0
50936 1.0
50941 1.0
50961 1.0
50966 1.0
51415 1.0
51440 0.6666666666666666
51441 0.3333333333333333
51466 1.0
51536 1.0
51561 1.0
51566 1.0
51586 1.0
51591 1.0
52040 0.8571428571428571
52041 0.14285714285714285
52065 1.0
52186 1.0
52191 1.0
52211 1.0
52216 1.0
52540 1.0
52660 1.0
52665 1.0
52691 1.0
52716 1.0
52811 0.9047619047619048
52812 0.09523809523809523
52816 1.0
52841 1.0
53285 1.0
53290 1.0
53315 0.25
53316 0.75
53341 1.0
53436 1.0
53441 1.0
53461 1.0
53466 1.0
53910 1.0
53915 1.0
53940 0.4
53941 0.6
54061 0.9375
54062 0.0625
54066 1.0
54086 1.0
54091 1.0
54540 1.0
54565 1.0
54591 1.0
54686 1.0
54691 1.0
54711 0.6666666666666666
54712 0.3333333333333333
54716 1.0
55161 1.0
55165 1.0
55186 1.0
55190 0.3333333333333333
55191 0.6666666666666666
55216 1.0
55311 0.9375
55312 0.0625
55316 1.0
55336 1.0
55341 1.0
55790 0.8571428571428571
55791 0.14285714285714285
55811 1.0
55936 0.7692307692307693
55937 0.23076923076923078
55941 1.0
55966 1.0
56415 0.5
56416 0.5
56440 0.3333333333333333
56441 0.6666666666666666
56561 0.9444444444444444
56562 0.05555555555555555
56566 1.0
56586 1.0
56591 1.0
57036 1.0
57040 1.0
57061 1.0
57065 0.25
57066 0.75
57091 1.0
57161 1.0
57186 0.9411764705882353
57187 0.058823529411764705
57191 1.0
57216 1.0
57540 1.0
57661 1.0
57665 1.0
57691 1.0
57787 1.0
57811 0.8666666666666667
57812 0.13333333333333333
57816 1.0
57836 1.0
57841 0.8
57842 0.2
58286 1.0
58290 0.8333333333333334
58291 0.16666666666666666
58316 1.0
58411 1.0
58436 0.875
58437 0.125
58441 1.0
58461 1.0
58466 1.0
58910 1.0
58915 1.0
58936 1.0
59061 0.4444444444444444
59062 0.5555555555555556
59066 1.0
59086 0.75
59087 0.25
59091 1.0
59187 1.0
59540 1.0
59561 1.0
59565 1.0
59686 1.0
59691 1.0
59711 1.0
59716 1.0
60040 1.0
60161 1.0
60165 0.8333333333333334
60166 0.16666666666666666
60186 1.0
60191 1.0
60311 0.875
60312 0.125
60316 1.0
60336 1.0
60341 1.0
60790 0.6666666666666666
60791 0.3333333333333333
60815 0.3333333333333333
60816 0.6666666666666666
60936 0.8095238095238095
60937 0.19047619047619047
60941 1.0
60961 1.0
60966 1.0
61411 1.0
61415 0.5
61416 0.5
61541 1.0
61561 0.9090909090909091
61562 0.09090909090909091
61566 0.9333333333333333
61567 0.06666666666666667
61586 1.0
61591 0.75
61592 0.25
61687 1.0
62040 0.5
62041 0.5
62066 1.0
62162 1.0
62166 1.0
62186 0.7692307692307693
62187 0.23076923076923078
62191 0.9230769230769231
62192 0.07692307692307693
62216 1.0
62312 1.0
62540 1.0
62565 1.0
62660 1.0
62665 1.0
62685 0.6
62686 0.4
62710 0.5
62711 0.5
62715 0.75
62716 0.25
62811 1.0
62836 1.0
63165 1.0
63190 1.0
63290 1.0
63310 0.5714285714285714
63311 0.42857142857142855
63315 1.0
63335 0.25
63336 0.75
63340 0.4
63341 0.6
63436 1.0
63461 1.0
63466 1.0
63785 1.0
63790 1.0
63815 1.0
63910 1.0
63935 0.16666666666666666
63936 0.8333333333333334
63940 0.6
63941 0.4
63960 0.3333333333333333
63961 0.6666666666666666
63965 0.5
63966 0.5
64061 1.0
64086 1.0
64415 1.0
64435 1.0
64440 1.0
64535 1.0
64560 0.5454545454545454
64561 0.45454545454545453
64565 0.5
64566 0.5
64585 0.15789473684210525
64586 0.8421052631578947
64686 1.0
64711 1.0
65040 1.0
65160 1.0
65185 0.3333333333333333
65186 0.6666666666666666
65191 1.0
65211 1.0
65216 1.0
65311 1.0
65336 1.0
65341 1.0
65665 1.0
65790 1.0
65810 0.2727272727272727
65811 0.7272727272727273
65815 1.0
65835 0.125
65836 0.875
65840 0.75
65841 0.25
65936 1.0
65961 1.0
66285 1.0
66410 1.0
66435 0.42857142857142855
66436 0.5714285714285714
66441 1.0
66460 0.125
66461 0.875
66465 0.5
66466 0.5
66561 1.0
66586 1.0
66915 1.0
66940 1.0
67035 1.0
67060 0.375
67061 0.625
67065 1.0
67086 1.0
67090 0.3333333333333333
67091 0.6666666666666666
67186 1.0
67211 1.0
67216 1.0
67535 1.0
67540 1.0
67565 1.0
67660 1.0
67665 1.0
67685 0.125
67686 0.875
67711 1.0
67715 0.3333333333333333
67716 0.6666666666666666
67811 1.0
67836 1.0
67841 1.0
68165 1.0
68290 1.0
68310 0.3333333333333333
68311 0.6666666666666666
68315 0.14285714285714285
68316 0.8571428571428571
68336 1.0
68341 1.0
68436 1.0
68441 1.0
68461 1.0
68466 1.0
68790 1.0
68815 1.0
68910 1.0
68936 1.0
68940 0.75
68941 0.25
68960 0.125
68961 0.875
68966 1.0
69061 1.0
69086 1.0
69440 1.0
69535 1.0
69540 1.0
69560 0.25
69561 0.75
69565 0.3333333333333333
69566 0.6666666666666666
69585 0.1
69586 0.9
69590 0.5
69591 0.5
69686 1.0
69711 1.0
70040 1.0
70065 1.0
70160 0.75
70161 0.25
70165 1.0
70185 0.2857142857142857
70186 0.7142857142857143
70190 0.25
70191 0.75
70211 1.0
70215 0.25
70216 0.75
70311 1.0
70336 1.0
70665 1.0
70690 1.0
70785 1.0
70790 1.0
70810 0.5
70811 0.5
70816 1.0
70836 1.0
70841 1.0
70936 1.0
70961 1.0
70966 1.0
71290 1.0
71315 1.0
71410 1.0
71415 1.0
71435 0.2
71436 0.8
71441 1.0
71461 1.0
71466 1.0
71561 1.0
71586 1.0
71591 1.0
71915 1.0
71940 1.0
72035 1.0
72040 1.0
72060 0.3333333333333333
72061 0.6666666666666666
72065 0.5
72066 0.5
72086 1.0
72090 0.5
72091 0.5
72186 1.0
72211 1.0
72540 1.0
72660 1.0
72665 1.0
72686 1.0
72691 1.0
72711 1.0
72716 1.0
72811 1.0
72836 1.0
73165 1.0
73285 1.0
73290 1.0
73310 0.7142857142857143
73311 0.2857142857142857
73315 0.25
73316 0.75
73336 1.0
73341 1.0
73436 1.0
73461 1.0
73785 1.0
73910 1.0
73915 1.0
73935 0.2727272727272727
73936 0.7272727272727273
73940 0.5
73941 0.5
73961 1.0
73966 1.0
74061 1.0
74086 1.0
74091 1.0
74410 1.0
74440 1.0
74535 1.0
74540 1.0
74561 1.0
74565 0.5
74566 0.5
74586 1.0
74591 1.0
74686 1.0
74711 1.0
74716 1.0
75040 1.0
75065 1.0
75160 1.0
75165 1.0
75185 0.25
75186 0.75
75190 0.5
75191 0.5
75211 1.0
75215 0.14285714285714285
75216 0.8571428571428571
75311 1.0
75336 1.0
75341 1.0
75785 1.0
75810 0.25
75811 0.75
75815 0.2857142857142857
75816 0.7142857142857143
75836 1.0
75840 0.2
75841 0.8
75936 1.0
75961 1.0
75966 1.0
76285 1.0
76290 1.0
76315 1.0
76410 1.0
76436 1.0
76440 0.625
76441 0.375
76466 1.0
76561 1.0
76586 1.0
76591 1.0
76915 1.0
77035 1.0
77040 1.0
77061 1.0
77066 1.0
77086 1.0
77091 1.0
77186 1.0
77191 1.0
77211 1.0
77216 1.0
77565 1.0
77665 1.0
77685 0.2
77686 0.8
77690 1.0
77711 1.0
77716 1.0
77811 1.0
77816 1.0
77836 1.0
