166 1.0
185 0.14285714285714285
186 0.8571428571428571
191 1.0
216 1.0
272 1.0
287 1.0
292 1.0
311 0.6666666666666666
312 0.3333333333333333
316 0.3333333333333333
317 0.6666666666666666
337 1.0
342 1.0
398 1.0
418 1.0
423 1.0
519 1.0
524 1.0
786 1.0
791 1.0
811 1.0
916 0.14285714285714285
917 0.8571428571428571
936 0.14285714285714285
937 0.8571428571428571
942 1.0
962 1.0
967 1.0
1018 1.0
1042 0.2
1043 0.8
1068 1.0
1144 1.0
1149 1.0
1174 1.0
1411 1.0
1416 1.0
1436 1.0
1542 1.0
1562 1.0
1566 0.125
1567 0.875
1587 1.0
1668 1.0
1672 1.0
1687 0.5
1688 0.5
1693 1.0
1769 1.0
1774 1.0
1798 1.0
2016 1.0
2036 1.0
2041 1.0
2162 1.0
2167 1.0
2172 1.0
2186 0.08333333333333333
2187 0.9166666666666666
2192 1.0
2212 1.0
2268 1.0
2273 1.0
2292 0.2
2293 0.8
2298 1.0
2313 1.0
2317 0.5
2318 0.5
2399 1.0
2419 1.0
2424 1.0
2661 1.0
2666 1.0
2772 1.0
2787 1.0
2812 1.0
2817 1.0
2837 1.0
2893 1.0
2898 1.0
2912 1.0
2918 1.0
2923 1.0
2937 0.3333333333333333
2938 0.6666666666666666
3019 1.0
3024 1.0
3043 0.5
3044 0.5
3049 1.0
3271 1.0
3290 0.1111111111111111
3291 0.8888888888888888
3316 1.0
3341 1.0
3397 1.0
3412 1.0
3417 1.0
3436 0.25
3437 0.75
3442 1.0
3461 0.2
3462 0.8
3467 1.0
3518 1.0
3542 0.4
3543 0.6
3567 0.5
3568 0.5
3649 1.0
3790 1.0
3891 1.0
3915 0.16666666666666666
3916 0.8333333333333334
3936 1.0
3941 1.0
3966 1.0
4022 1.0
4037 1.0
4061 0.07692307692307693
4062 0.9230769230769231
4066 0.08333333333333333
4067 0.9166666666666666
4087 1.0
4148 1.0
4167 0.125
4168 0.875
4192 0.3333333333333333
4193 0.6666666666666666
4274 1.0
4294 1.0
4299 1.0
4541 1.0
4566 1.0
4647 1.0
4667 1.0
4687 1.0
4691 0.3333333333333333
4692 0.6666666666666666
4773 1.0
4793 1.0
4798 1.0
4817 0.6666666666666666
4818 0.3333333333333333
4899 1.0
4919 1.0
5141 1.0
5161 1.0
5166 1.0
5287 1.0
5292 1.0
5312 1.0
5317 1.0
5393 1.0
5398 1.0
5412 1.0
5417 0.125
5418 0.875
5423 1.0
5519 1.0
5524 1.0
5548 0.3333333333333333
5549 0.6666666666666666
5771 1.0
5786 1.0
5791 1.0
5892 1.0
5897 1.0
5912 1.0
5917 1.0
5937 1.0
6018 1.0
6023 1.0
6038 1.0
6042 0.08333333333333333
6043 0.9166666666666666
6063 1.0
6067 0.5
6068 0.5
6144 1.0
6149 1.0
6169 1.0
6174 1.0
6391 1.0
6396 1.0
6411 1.0
6415 0.4
6416 0.6
6421 1.0
6517 1.0
6522 1.0
6541 0.25
6542 0.75
6547 1.0
6561 0.25
6562 0.75
6566 0.2857142857142857
6567 0.7142857142857143
6587 1.0
6591 0.5
6592 0.5
6667 0.2
6668 0.8
6673 1.0
6692 0.5
6693 0.5
6774 1.0
6799 1.0
7021 1.0
7036 1.0
7041 1.0
7066 1.0
7147 1.0
7187 1.0
7192 1.0
7212 1.0
7217 1.0
7268 1.0
7273 1.0
7293 1.0
7298 1.0
7312 1.0
7317 0.6
7318 0.4
7394 1.0
7399 1.0
7661 1.0
7666 1.0
7772 1.0
7787 1.0
7792 1.0
7812 1.0
7817 1.0
7842 1.0
7893 1.0
7898 1.0
7917 0.2
7918 0.8
7923 1.0
7942 0.6666666666666666
7943 0.3333333333333333
8019 1.0
8024 1.0
8286 1.0
8291 1.0
8397 1.0
8417 1.0
8422 1.0
8437 1.0
8442 1.0
8518 1.0
8538 1.0
8542 0.09090909090909091
8543 0.9090909090909091
8548 1.0
8563 1.0
8568 1.0
8644 1.0
8649 1.0
8674 1.0
8891 1.0
8896 1.0
8916 1.0
9017 1.0
9022 1.0
9042 1.0
9062 1.0
9067 1.0
9148 1.0
9163 1.0
9168 1.0
9187 0.6666666666666666
9188 0.3333333333333333
9192 0.5
9193 0.5
9268 0.5
9269 0.5
9274 1.0
9294 1.0
9298 0.5
9299 0.5
9415 1.0
9516 1.0
9541 1.0
9566 1.0
9642 1.0
9667 1.0
9687 1.0
9691 0.1111111111111111
9692 0.8888888888888888
9773 1.0
9793 1.0
9798 1.0
9818 1.0
9898 0.2
9899 0.8
9919 1.0
10141 1.0
10166 1.0
10171 1.0
10267 1.0
10272 1.0
10291 0.125
10292 0.875
10312 1.0
10316 0.14285714285714285
10317 0.8571428571428571
10342 1.0
10393 1.0
10398 1.0
10418 1.0
10438 1.0
10442 0.25
10443 0.75
10519 1.0
10524 1.0
10549 1.0
10766 1.0
10791 1.0
10796 1.0
10892 1.0
10897 1.0
10912 1.0
10917 1.0
10937 1.0
10942 1.0
11023 1.0
11037 1.0
11043 1.0
11063 1.0
11067 0.5
11068 0.5
11144 1.0
11149 1.0
11168 1.0
11416 1.0
11517 1.0
11522 1.0
11537 1.0
11542 1.0
11562 1.0
11567 1.0
11643 1.0
11648 1.0
11667 0.09090909090909091
11668 0.9090909090909091
11673 1.0
11688 1.0
11769 1.0
11773 0.5
11774 0.5
12016 1.0
12036 1.0
12041 1.0
12147 1.0
12162 1.0
12167 1.0
12187 1.0
12192 1.0
12273 1.0
12288 1.0
12293 1.0
12298 1.0
12313 1.0
12394 1.0
12399 1.0
12424 1.0
12641 1.0
12666 1.0
12772 1.0
12791 0.2
12792 0.8
12812 1.0
12817 1.0
12898 1.0
12913 1.0
12918 1.0
12923 1.0
12942 0.3333333333333333
12943 0.6666666666666666
13018 1.0
13024 1.0
13266 1.0
13271 1.0
13291 1.0
13392 1.0
13397 1.0
13412 1.0
13417 1.0
13437 1.0
13441 0.1111111111111111
13442 0.8888888888888888
13542 0.1111111111111111
13543 0.8888888888888888
13548 1.0
13562 0.6666666666666666
13563 0.3333333333333333
13644 1.0
13649 1.0
13669 1.0
13674 1.0
13891 1.0
13916 1.0
14022 1.0
14037 1.0
14042 1.0
14062 1.0
14066 0.125
14067 0.875
14143 1.0
14148 1.0
14168 1.0
14173 1.0
14188 1.0
14192 0.5
14193 0.5
14273 0.25
14274 0.75
14293 0.3333333333333333
14294 0.6666666666666666
14299 1.0
14521 1.0
14541 1.0
14642 1.0
14647 1.0
14667 1.0
14687 1.0
14692 1.0
14768 1.0
14773 1.0
14793 1.0
14813 1.0
14818 1.0
14893 1.0
14899 1.0
14919 1.0
14923 0.5
14924 0.5
15141 1.0
15272 1.0
15291 0.2
15292 0.8
15312 1.0
15317 1.0
15393 1.0
15398 1.0
15418 1.0
15423 1.0
15437 0.25
15438 0.75
15443 1.0
15519 1.0
15523 0.2
15524 0.8
15543 0.5
15544 0.5
15549 1.0
15660 1.0
15685 1.0
15690 1.0
15710 1.0
15735 1.0
15810 0.14285714285714285
15811 0.8571428571428571
15830 0.25
15831 0.75
15835 0.13043478260869565
15836 0.8695652173913043
15855 0.3333333333333333
15856 0.6666666666666666
15860 0.42857142857142855
15861 0.5714285714285714
16285 1.0
16305 1.0
16310 1.0
16436 1.0
16456 1.0
16460 0.06666666666666667
16461 0.9333333333333333
16481 1.0
16486 1.0
16561 1.0
16586 0.5
16587 0.5
16910 1.0
16935 1.0
17060 0.1
17061 0.9
17081 1.0
17086 1.0
17106 1.0
17111 1.0
17186 1.0
17206 0.5
17207 0.5
17211 1.0
17535 1.0
17660 0.3333333333333333
17661 0.6666666666666666
17681 1.0
17686 1.0
17706 1.0
17711 1.0
17811 0.2
17812 0.8
17832 1.0
17836 0.375
17837 0.625
18281 1.0
18286 1.0
18306 1.0
18311 1.0
18331 1.0
18336 1.0
18432 1.0
18436 0.15384615384615385
18437 0.8461538461538461
18457 1.0
18461 0.2
18462 0.8
18785 1.0
18790 1.0
18810 1.0
18815 1.0
18911 1.0
18936 1.0
18941 1.0
18956 1.0
18961 1.0
18981 1.0
18986 1.0
19086 0.3333333333333333
19087 0.6666666666666666
19415 1.0
19435 1.0
19536 1.0
19561 1.0
19566 1.0
19581 1.0
19585 0.08333333333333333
19586 0.9166666666666666
19606 1.0
19686 0.5
19687 0.5
19711 0.5
19712 0.5
20035 1.0
20060 1.0
20161 1.0
20186 1.0
20206 1.0
20211 1.0
20311 0.3333333333333333
20312 0.6666666666666666
20332 1.0
20337 1.0
20660 1.0
20665 1.0
20685 1.0
20785 0.2
20786 0.8
20806 1.0
20811 1.0
20831 1.0
20836 1.0
20932 1.0
20936 0.125
20937 0.875
20957 1.0
20962 1.0
21285 1.0
21411 1.0
21436 1.0
21456 1.0
21461 1.0
21557 1.0
21562 1.0
21582 1.0
21587 1.0
21910 1.0
21915 1.0
21935 1.0
21940 1.0
22035 1.0
22060 0.3333333333333333
22061 0.6666666666666666
22066 1.0
22081 1.0
22085 0.034482758620689655
22086 0.9655172413793104
22091 1.0
22111 1.0
22186 0.5
22187 0.5
22211 0.75
22212 0.25
22560 1.0
22565 1.0
22661 1.0
22686 1.0
22691 1.0
22706 1.0
22711 1.0
22716 1.0
22736 1.0
22812 1.0
22831 1.0
22836 0.3333333333333333
22837 0.6666666666666666
23160 1.0
23185 1.0
23286 1.0
23290 1.0
23306 1.0
23310 0.125
23311 0.875
23331 1.0
23336 1.0
23436 0.2
23437 0.8
23457 1.0
23461 0.25
23462 0.75
23785 1.0
23810 1.0
23815 1.0
23911 1.0
23916 1.0
23931 1.0
23935 0.07692307692307693
23936 0.9230769230769231
23961 1.0
24061 0.07692307692307693
24062 0.9230769230769231
24067 1.0
24082 1.0
24087 1.0
24410 1.0
24536 1.0
24541 1.0
24556 1.0
24561 1.0
24581 1.0
24586 1.0
24682 1.0
24686 0.05263157894736842
24687 0.9473684210526315
24707 1.0
24712 1.0
25035 1.0
25040 1.0
25060 1.0
25161 1.0
25166 1.0
25186 1.0
25191 1.0
25211 1.0
25216 1.0
25236 1.0
25311 0.5
25312 0.5
25336 0.5
25337 0.5
25342 1.0
25660 1.0
25685 1.0
25690 1.0
25786 1.0
25811 1.0
25816 1.0
25836 1.0
25936 0.2857142857142857
25937 0.7142857142857143
25961 0.1
25962 0.9
26290 1.0
26310 1.0
26411 1.0
26436 1.0
26441 1.0
26461 1.0
26557 1.0
26561 0.1
26562 0.9
26567 1.0
26582 1.0
26587 1.0
26910 1.0
27036 1.0
27041 1.0
27061 1.0
27086 1.0
27182 1.0
27187 1.0
27192 1.0
27207 1.0
27211 0.3333333333333333
27212 0.6666666666666666
27535 1.0
27661 1.0
27686 1.0
27691 1.0
27711 1.0
27807 1.0
27812 1.0
27832 1.0
27837 1.0
28160 1.0
28165 1.0
28286 1.0
28291 1.0
28311 1.0
28316 1.0
28336 1.0
28341 1.0
28361 1.0
28437 1.0
28461 0.4
28462 0.6
28467 1.0
28785 1.0
28790 1.0
28810 1.0
28916 1.0
28936 1.0
28941 1.0
28961 1.0
28966 1.0
28986 1.0
29061 0.2
29062 0.8
29067 1.0
29086 0.09090909090909091
29087 0.9090909090909091
29092 1.0
29410 1.0
29440 1.0
29536 1.0
29561 1.0
29586 1.0
29687 1.0
29692 1.0
29712 1.0
30161 1.0
30186 1.0
30312 1.0
30317 1.0
30337 1.0
30786 1.0
30791 1.0
30811 1.0
30912 1.0
30932 1.0
30937 1.0
30942 1.0
30962 1.0
31063 1.0
31285 1.0
31305 1.0
31310 1.0
31330 1.0
31335 1.0
31355 1.0
31360 1.0
31455 1.0
31460 1.0
31480 1.0
31930 1.0
31935 1.0
31955 1.0
31960 1.0
31980 1.0
31985 1.0
32080 0.4
32081 0.6
32105 0.3333333333333333
32106 0.6666666666666666
32110 0.5
32111 0.5
32535 1.0
32555 1.0
32560 1.0
32580 1.0
32585 1.0
32605 1.0
32610 1.0
32680 1.0
32705 0.13333333333333333
32706 0.8666666666666667
32710 0.6666666666666666
32711 0.3333333333333333
32731 1.0
33160 1.0
33180 1.0
33185 1.0
33210 1.0
33306 1.0
33330 0.034482758620689655
33331 0.9655172413793104
33336 1.0
33356 1.0
33780 1.0
33805 1.0
33810 1.0
33835 1.0
33931 1.0
33936 1.0
33956 0.9722222222222222
33957 0.027777777777777776
33961 1.0
33981 1.0
34082 1.0
34410 1.0
34430 1.0
34435 1.0
34460 1.0
34480 1.0
34485 1.0
34580 0.25
34581 0.75
34605 0.2
34606 0.8
34610 0.25
34611 0.75
35035 1.0
35055 1.0
35060 1.0
35080 1.0
35085 1.0
35105 1.0
35110 1.0
35205 0.21428571428571427
35206 0.7857142857142857
35210 0.3333333333333333
35211 0.6666666666666666
35230 0.23076923076923078
35231 0.7692307692307693
35235 0.2857142857142857
35236 0.7142857142857143
35660 1.0
35680 1.0
35685 1.0
35705 1.0
35710 1.0
35806 1.0
35831 1.0
35835 0.125
35836 0.875
35856 1.0
35860 0.5
35861 0.5
36285 1.0
36310 1.0
36431 1.0
36456 1.0
36461 1.0
36481 1.0
36581 1.0
36910 1.0
36935 1.0
37056 1.0
37061 1.0
37081 1.0
37086 1.0
37106 1.0
37207 1.0
37540 1.0
37560 1.0
37565 1.0
37585 1.0
37610 1.0
37706 1.0
37710 0.375
37711 0.625
37730 0.14285714285714285
37731 0.8571428571428571
37735 0.8
37736 0.2
38160 1.0
38180 1.0
38185 1.0
38210 1.0
38235 1.0
38330 0.1
38331 0.9
38335 0.2727272727272727
38336 0.7272727272727273
38356 1.0
38361 1.0
38785 1.0
38805 1.0
38810 1.0
38835 1.0
38956 1.0
38961 1.0
38981 1.0
38986 1.0
39410 1.0
39430 1.0
39435 1.0
39556 1.0
39581 1.0
39586 1.0
39606 1.0
39707 1.0
40035 1.0
40181 1.0
40186 1.0
40206 0.9583333333333334
40207 0.041666666666666664
40211 1.0
40332 1.0
40665 1.0
40685 1.0
40690 1.0
40710 1.0
40735 1.0
40810 1.0
40831 1.0
40835 0.0625
40836 0.9375
40856 1.0
40861 1.0
41285 1.0
41310 1.0
41335 1.0
41436 1.0
41456 1.0
41461 1.0
41481 1.0
41485 0.125
41486 0.875
41905 1.0
41910 1.0
41935 1.0
41940 1.0
42056 1.0
42081 1.0
42086 1.0
42106 1.0
42111 1.0
42207 1.0
42535 1.0
42681 1.0
42686 1.0
42706 0.95
42707 0.05
42711 1.0
42807 1.0
42832 1.0
43160 1.0
43185 1.0
43286 1.0
43306 1.0
43311 1.0
43331 0.8888888888888888
43332 0.1111111111111111
43336 1.0
43432 1.0
43457 1.0
43785 1.0
43810 1.0
43835 1.0
43860 1.0
43956 1.0
43960 0.07142857142857142
43961 0.9285714285714286
43981 1.0
43986 1.0
44410 1.0
44435 1.0
44581 1.0
44586 1.0
44611 1.0
44712 1.0
45035 1.0
45060 1.0
45065 1.0
45186 1.0
45206 1.0
45211 1.0
45332 1.0
45656 1.0
45660 1.0
45685 1.0
45806 0.75
45807 0.25
45811 1.0
45831 0.75
45832 0.25
45836 1.0
45957 1.0
45962 1.0
46285 1.0
46310 1.0
46411 1.0
46431 1.0
46436 1.0
46456 0.7777777777777778
46457 0.2222222222222222
46461 1.0
46557 1.0
46582 1.0
46587 1.0
46930 1.0
46935 1.0
46955 1.0
46960 1.0
46980 1.0
46985 1.0
47555 1.0
47560 1.0
47580 1.0
47585 1.0
47605 1.0
47610 1.0
47706 1.0
47730 0.5
47731 0.5
48180 1.0
48185 1.0
48205 1.0
48230 1.0
48235 1.0
48330 0.3333333333333333
48331 0.6666666666666666
48351 1.0
48355 0.06666666666666667
48356 0.9333333333333333
48805 1.0
48810 1.0
48830 1.0
48855 0.875
48856 0.125
48951 1.0
48956 1.0
48976 1.0
48981 1.0
49430 1.0
49435 1.0
49455 1.0
49481 1.0
49556 1.0
49576 1.0
49581 1.0
49601 1.0
49606 1.0
50055 1.0
50060 1.0
50080 1.0
50085 1.0
50105 1.0
50110 1.0
50230 0.75
50231 0.25
50680 1.0
50685 1.0
50705 1.0
50710 1.0
50730 1.0
50735 1.0
50855 0.3
50856 0.7
51305 1.0
51310 1.0
51330 1.0
51335 1.0
51355 1.0
51360 1.0
51456 1.0
51481 1.0
51930 1.0
51935 1.0
51955 1.0
51960 1.0
52081 1.0
52106 1.0
52530 1.0
52535 1.0
52555 1.0
52560 1.0
52580 1.0
52706 1.0
52731 1.0
53180 1.0
53185 1.0
53205 1.0
53210 1.0
53230 1.0
53235 1.0
53330 1.0
53356 1.0
53805 1.0
53810 1.0
53830 1.0
53835 1.0
53855 1.0
53860 1.0
53955 0.16666666666666666
53956 0.8333333333333334
53981 1.0
54405 1.0
54435 1.0
54456 1.0
54480 1.0
54485 1.0
54580 0.07692307692307693
54581 0.9230769230769231
54586 1.0
54606 1.0
55055 1.0
55060 1.0
55080 1.0
55085 1.0
55206 1.0
55211 1.0
55231 1.0
55680 1.0
55685 1.0
55806 1.0
55831 0.9655172413793104
55832 0.034482758620689655
55836 1.0
55856 1.0
56310 1.0
56330 1.0
56335 1.0
56355 1.0
56360 1.0
56455 0.2
56456 0.8
56461 1.0
56480 0.2
56481 0.8
56486 1.0
56910 1.0
56930 1.0
56935 1.0
56955 1.0
56960 1.0
56980 1.0
56985 1.0
57080 0.21428571428571427
57081 0.7857142857142857
57086 1.0
57106 1.0
57110 0.25
57111 0.75
57555 1.0
57560 1.0
57580 1.0
57585 1.0
57706 1.0
57711 1.0
57731 1.0
57736 1.0
58155 1.0
58160 1.0
58180 0.8
58181 0.2
58185 1.0
58210 1.0
58306 1.0
58331 1.0
58336 1.0
58356 1.0
58361 1.0
58805 1.0
58810 1.0
58931 1.0
58956 0.8787878787878788
58957 0.12121212121212122
58981 1.0
59082 1.0
59430 1.0
59435 1.0
59455 1.0
59460 1.0
59485 1.0
59581 1.0
59585 1.0
59606 1.0
59611 1.0
60055 1.0
60060 1.0
60080 1.0
60085 1.0
60205 0.09090909090909091
60206 0.9090909090909091
60211 1.0
60231 1.0
60236 1.0
60660 1.0
60680 1.0
60685 1.0
60710 1.0
60831 1.0
60836 1.0
60856 1.0
60861 1.0
61305 1.0
61431 1.0
61456 1.0
61461 1.0
61481 1.0
61582 1.0
61910 1.0
61930 1.0
61935 1.0
62056 1.0
62081 0.90625
62082 0.09375
62086 1.0
62106 1.0
62207 1.0
62555 1.0
62560 1.0
62580 1.0
62585 1.0
62605 1.0
62610 1.0
63180 1.0
63185 1.0
63205 1.0
63210 1.0
63225 1.0
63230 1.0
63351 1.0
63805 1.0
63810 1.0
63830 1.0
63855 1.0
63976 1.0
63981 1.0
64430 1.0
64455 0.9
64456 0.1
64476 1.0
64480 0.8695652173913043
64481 0.13043478260869565
64581 1.0
64601 1.0
64606 1.0
65030 1.0
65050 1.0
65055 1.0
65060 1.0
65080 0.75
65081 0.25
65105 0.5
65106 0.5
65201 1.0
65206 1.0
65226 1.0
65231 1.0
65685 1.0
65705 1.0
65730 1.0
65735 1.0
66305 1.0
66330 1.0
66355 1.0
66480 0.3333333333333333
66481 0.6666666666666666
66930 1.0
66935 1.0
66955 1.0
66980 0.8421052631578947
66981 0.15789473684210525
67081 1.0
67101 1.0
67106 1.0
67555 1.0
67560 1.0
67580 0.6666666666666666
67581 0.3333333333333333
67605 0.8181818181818182
67606 0.18181818181818182
67706 1.0
67726 1.0
67731 1.0
68160 1.0
68180 1.0
68185 1.0
68205 0.8333333333333334
68206 0.16666666666666666
68230 1.0
68326 1.0
68331 1.0
68351 1.0
68356 1.0
68805 1.0
68810 1.0
68830 1.0
68835 1.0
68855 1.0
68860 1.0
68981 1.0
69430 1.0
69435 1.0
69455 1.0
69460 1.0
69480 1.0
69485 1.0
69606 1.0
70035 1.0
70055 1.0
70060 1.0
70080 1.0
70105 0.8888888888888888
70106 0.1111111111111111
70110 1.0
70206 1.0
70231 1.0
70680 1.0
70685 1.0
70705 0.5
70706 0.5
70730 1.0
70826 1.0
70831 1.0
70856 1.0
71285 1.0
71305 0.8
71306 0.2
71310 1.0
71330 0.6666666666666666
71331 0.3333333333333333
71356 1.0
71451 1.0
71456 1.0
71481 1.0
71910 1.0
71930 1.0
71935 1.0
71955 1.0
71960 1.0
71980 1.0
71985 1.0
72106 1.0
72555 1.0
72560 1.0
72580 0.875
72581 0.125
72585 1.0
72605 1.0
72610 1.0
72706 1.0
72731 1.0
73180 1.0
73185 1.0
73205 1.0
73210 1.0
73230 1.0
73235 1.0
73331 1.0
73356 1.0
73805 1.0
73810 1.0
73831 1.0
73835 1.0
73956 1.0
73981 1.0
74405 1.0
74430 1.0
74435 1.0
74581 1.0
74606 1.0
75035 1.0
75055 1.0
75060 1.0
75080 1.0
75085 1.0
75105 1.0
75110 1.0
75205 0.5
75206 0.5
75230 0.08333333333333333
75231 0.9166666666666666
75236 1.0
75655 1.0
75680 1.0
75685 1.0
75705 1.0
75710 1.0
75730 1.0
75735 1.0
75831 1.0
75856 1.0
75861 1.0
76285 1.0
76305 1.0
76310 1.0
76330 1.0
76335 1.0
76360 1.0
76456 1.0
76481 1.0
76486 1.0
76910 1.0
76930 1.0
76955 0.5
76956 0.5
77081 1.0
77106 1.0
77555 0.6666666666666666
77556 0.3333333333333333
77560 1.0
77681 1.0
77706 0.9705882352941176
77707 0.029411764705882353
77731 1.0
