57 1.0
62 1.0
83 1.0
88 1.0
109 1.0
114 1.0
182 1.0
187 1.0
208 1.0
213 1.0
234 1.0
239 1.0
265 1.0
307 1.0
317 1.0
395 1.0
411 1.0
416 1.0
656 1.0
776 1.0
781 1.0
807 1.0
828 1.0
833 1.0
911 1.0
916 1.0
932 1.0
937 1.0
953 1.0
958 1.0
1036 1.0
1057 1.0
1140 1.0
1145 1.0
1166 1.0
1401 1.0
1406 1.0
1427 1.0
1526 1.0
1531 1.0
1536 1.0
1552 1.0
1557 1.0
1656 1.0
1661 1.0
1676 0.25
1677 0.75
1682 1.0
1765 1.0
2000 1.0
2010 1.0
2031 1.0
2130 1.0
2151 1.0
2156 1.0
2177 1.0
2265 1.0
2276 1.0
2281 1.0
2286 1.0
2302 1.0
2390 1.0
2395 1.0
2411 1.0
2625 1.0
2750 1.0
2765 1.0
2770 1.0
2775 1.0
2885 1.0
2901 1.0
2906 1.0
2911 1.0
3010 1.0
3015 1.0
3020 1.0
3026 1.0
3031 1.0
3036 1.0
3161 1.0
3187 1.0
3213 1.0
3281 1.0
3286 1.0
3291 1.0
3307 1.0
3312 1.0
3333 1.0
3338 1.0
3359 1.0
3364 1.0
3411 1.0
3416 1.0
3437 1.0
3458 1.0
3520 1.0
3541 1.0
3786 1.0
3812 1.0
3906 1.0
3911 1.0
3932 1.0
3937 1.0
3958 1.0
4015 1.0
4020 1.0
4052 1.0
4057 1.0
4062 1.0
4082 0.3333333333333333
4083 0.6666666666666666
4140 1.0
4161 1.0
4166 1.0
4182 1.0
4270 1.0
4531 1.0
4651 1.0
4656 1.0
4666 1.0
4677 1.0
4682 1.0
4776 1.0
4781 1.0
4786 1.0
4791 1.0
4801 0.6666666666666666
4802 0.3333333333333333
4807 1.0
4890 1.0
4895 1.0
4911 1.0
4916 1.0
5151 1.0
5156 1.0
5161 1.0
5260 1.0
5276 1.0
5281 1.0
5385 1.0
5401 1.0
5406 1.0
5411 1.0
5510 1.0
5515 1.0
5520 1.0
5526 1.0
5536 1.0
5541 1.0
5755 1.0
5760 1.0
5781 1.0
5875 1.0
5880 1.0
5885 1.0
5895 1.0
5901 1.0
5906 1.0
6010 1.0
6015 1.0
6026 1.0
6030 0.125
6031 0.875
6035 1.0
6135 1.0
6140 1.0
6145 1.0
6151 1.0
6156 1.0
6161 1.0
6286 1.0
6390 1.0
6395 1.0
6411 1.0
6416 1.0
6432 1.0
6437 1.0
6463 1.0
6515 1.0
6536 1.0
6557 1.0
6562 1.0
6567 1.0
6583 1.0
6588 1.0
6645 1.0
6661 1.0
6666 1.0
6692 1.0
6770 1.0
7015 1.0
7031 1.0
7036 1.0
7140 1.0
7166 1.0
7182 1.0
7187 1.0
7208 1.0
7265 1.0
7270 1.0
7281 1.0
7286 1.0
7291 1.0
7307 1.0
7312 1.0
7390 1.0
7395 1.0
7656 1.0
7765 1.0
7770 1.0
7781 1.0
7786 1.0
7791 1.0
7806 0.5
7807 0.5
7885 1.0
7890 1.0
7895 1.0
7901 1.0
7906 1.0
7911 1.0
7916 1.0
7932 1.0
8015 1.0
8041 1.0
8255 1.0
8280 1.0
8380 1.0
8390 1.0
8406 1.0
8515 1.0
8526 1.0
8531 1.0
8536 1.0
8541 1.0
8640 1.0
8645 1.0
8656 1.0
8661 1.0
8875 1.0
8885 1.0
9005 1.0
9010 1.0
9015 1.0
9025 0.5
9026 0.5
9031 1.0
9130 1.0
9135 1.0
9140 1.0
9151 1.0
9156 1.0
9161 1.0
9260 1.0
9265 1.0
9270 1.0
9276 1.0
9281 1.0
9286 1.0
9416 1.0
9515 1.0
9536 1.0
9541 1.0
9562 1.0
9588 1.0
9666 1.0
9682 1.0
9687 1.0
9692 1.0
9708 1.0
9713 1.0
9770 1.0
9786 1.0
9791 1.0
9796 1.0
9895 1.0
9916 1.0
10156 1.0
10161 1.0
10265 1.0
10270 1.0
10281 1.0
10286 1.0
10307 1.0
10311 0.125
10312 0.875
10333 1.0
10390 1.0
10395 1.0
10411 1.0
10416 1.0
10432 1.0
10437 1.0
10515 1.0
10520 1.0
10541 1.0
10760 1.0
10781 1.0
10786 1.0
10890 1.0
10906 1.0
10932 1.0
11015 1.0
11031 1.0
11036 1.0
11041 1.0
11056 0.14285714285714285
11057 0.8571428571428571
11140 1.0
11145 1.0
11406 1.0
11505 1.0
11510 1.0
11515 1.0
11531 1.0
11536 1.0
11635 1.0
11640 1.0
11651 1.0
11656 1.0
11661 1.0
11760 1.0
11770 1.0
11776 1.0
11781 1.0
12005 1.0
12125 1.0
12130 1.0
12135 1.0
12156 1.0
12255 1.0
12265 1.0
12275 0.16666666666666666
12276 0.8333333333333334
12281 1.0
12286 1.0
12390 1.0
12395 1.0
12401 1.0
12406 1.0
12411 1.0
12640 1.0
12645 1.0
12661 1.0
12666 1.0
12687 1.0
12692 1.0
12713 1.0
12765 1.0
12770 1.0
12791 1.0
12807 1.0
12812 1.0
12817 1.0
12838 1.0
12843 1.0
12890 1.0
12916 1.0
12937 1.0
12942 1.0
13020 1.0
13265 1.0
13286 1.0
13390 1.0
13406 1.0
13411 1.0
13432 1.0
13437 1.0
13515 1.0
13520 1.0
13531 1.0
13536 1.0
13541 1.0
13556 0.2
13557 0.8
13640 1.0
13645 1.0
13666 1.0
13885 1.0
13890 1.0
13906 1.0
14015 1.0
14031 1.0
14036 1.0
14057 1.0
14140 1.0
14156 1.0
14161 1.0
14166 1.0
14182 1.0
14187 1.0
14265 1.0
14270 1.0
14281 1.0
14286 1.0
14291 1.0
14510 1.0
14630 1.0
14635 1.0
14640 1.0
14655 0.3333333333333333
14656 0.6666666666666666
14661 1.0
14760 1.0
14765 1.0
14781 1.0
14785 0.14285714285714285
14786 0.8571428571428571
14885 1.0
14890 1.0
14895 1.0
14906 1.0
14911 1.0
15130 1.0
15255 1.0
15265 1.0
15385 1.0
15401 1.0
15406 1.0
15410 1.0
15510 1.0
15515 1.0
15520 1.0
15526 1.0
15531 1.0
15536 1.0
15682 1.0
15687 1.0
15708 1.0
15713 1.0
15729 1.0
15734 1.0
15739 1.0
15828 1.0
15833 1.0
15853 0.16666666666666666
15854 0.8333333333333334
16276 1.0
16281 1.0
16302 1.0
16307 1.0
16333 1.0
16354 1.0
16427 1.0
16452 0.07692307692307693
16453 0.9230769230769231
16458 1.0
16478 0.5
16479 0.5
16552 1.0
16577 0.14285714285714285
16578 0.8571428571428571
16901 1.0
17026 1.0
17052 1.0
17151 1.0
17176 0.03333333333333333
17177 0.9666666666666667
17202 0.6666666666666666
17203 0.3333333333333333
17276 1.0
17302 1.0
17651 1.0
17750 1.0
17776 1.0
17801 0.2
17802 0.8
17901 1.0
17926 1.0
18026 1.0
18375 1.0
18400 0.5
18401 0.5
18500 1.0
18525 0.1111111111111111
18526 0.8888888888888888
18625 1.0
18650 0.2
18651 0.8
18781 1.0
18786 1.0
18807 1.0
18812 1.0
18833 1.0
18859 1.0
18953 1.0
18958 1.0
18963 1.0
18978 0.5
18979 0.5
18984 1.0
18989 1.0
19406 1.0
19432 1.0
19531 1.0
19552 1.0
19557 1.0
19577 0.09090909090909091
19578 0.9090909090909091
19583 1.0
19677 1.0
19682 1.0
19702 0.125
19703 0.875
19708 1.0
20031 1.0
20151 1.0
20177 1.0
20301 0.034482758620689655
20302 0.9655172413793104
20401 1.0
20426 0.125
20427 0.875
20651 1.0
20750 1.0
20776 1.0
20781 1.0
20875 1.0
20900 0.125
20901 0.875
21026 1.0
21052 1.0
21151 1.0
21375 1.0
21400 1.0
21500 1.0
21525 0.3333333333333333
21526 0.6666666666666666
21625 1.0
21651 1.0
21750 1.0
21775 0.36363636363636365
21776 0.6363636363636364
21906 1.0
21911 1.0
21932 1.0
21937 1.0
21958 1.0
21963 1.0
22057 1.0
22083 1.0
22088 1.0
22109 1.0
22114 1.0
22182 1.0
22536 1.0
22557 1.0
22656 1.0
22677 1.0
22682 1.0
22708 1.0
22802 1.0
22807 1.0
22827 0.3333333333333333
22828 0.6666666666666666
22832 0.4
22833 0.6
23156 1.0
23276 1.0
23281 1.0
23401 1.0
23426 0.16666666666666666
23427 0.8333333333333334
23432 1.0
23526 1.0
23551 0.2222222222222222
23552 0.7777777777777778
23901 1.0
24026 1.0
24052 1.0
24057 1.0
24151 1.0
24177 1.0
24276 1.0
24500 1.0
24625 1.0
24650 1.0
24750 1.0
24775 0.07142857142857142
24776 0.9285714285714286
24875 1.0
24900 0.1111111111111111
24901 0.8888888888888888
25031 1.0
25036 1.0
25062 1.0
25182 1.0
25187 1.0
25207 0.05555555555555555
25208 0.9444444444444444
25213 1.0
25234 1.0
25307 1.0
25333 1.0
25656 1.0
25682 1.0
25781 1.0
25807 1.0
25832 0.25
25833 0.75
25927 1.0
25932 1.0
25957 0.25
25958 0.75
26052 1.0
26057 1.0
26281 1.0
26406 1.0
26432 1.0
26526 1.0
26531 1.0
26552 1.0
26556 0.2857142857142857
26557 0.7142857142857143
26651 1.0
26677 1.0
27026 1.0
27031 1.0
27151 1.0
27156 1.0
27276 1.0
27301 1.0
27401 1.0
27625 1.0
27750 1.0
27776 1.0
27875 1.0
27900 0.034482758620689655
27901 0.9655172413793104
28000 1.0
28025 0.16666666666666666
28026 0.8333333333333334
28156 1.0
28161 1.0
28286 1.0
28307 1.0
28312 1.0
28333 1.0
28338 1.0
28343 1.0
28432 1.0
28437 1.0
28457 0.2
28458 0.8
28463 1.0
28781 1.0
28906 1.0
28911 1.0
28932 1.0
28958 1.0
29052 1.0
29057 1.0
29062 1.0
29083 1.0
29182 1.0
29526 1.0
29531 1.0
29651 1.0
29656 1.0
29676 0.125
29677 0.875
29682 1.0
29776 1.0
29781 1.0
29801 0.2
29802 0.8
29807 1.0
30151 1.0
30276 1.0
30281 1.0
30401 1.0
30406 1.0
30526 1.0
30750 1.0
30776 1.0
30875 1.0
30900 1.0
31000 1.0
31025 0.07142857142857142
31026 0.9285714285714286
31031 1.0
31125 1.0
31151 1.0
31281 1.0
31307 1.0
31312 1.0
31328 1.0
31333 1.0
31354 1.0
31359 1.0
31453 1.0
31479 1.0
31926 0.14285714285714285
31927 0.8571428571428571
31953 1.0
31979 1.0
32026 1.0
32052 1.0
32078 1.0
32103 0.3333333333333333
32104 0.6666666666666666
32177 1.0
32202 0.14285714285714285
32203 0.8571428571428571
32526 1.0
32651 1.0
32677 1.0
32776 1.0
32801 0.09090909090909091
32802 0.9090909090909091
32901 1.0
32926 0.3333333333333333
32927 0.6666666666666666
33276 1.0
33375 1.0
33401 1.0
33526 1.0
33651 1.0
33875 1.0
34000 1.0
34026 1.0
34125 1.0
34150 0.2222222222222222
34151 0.7777777777777778
34250 1.0
34275 0.8571428571428571
34276 0.14285714285714285
34432 1.0
34437 1.0
34458 1.0
34463 1.0
34479 1.0
34484 1.0
34489 1.0
34578 1.0
34583 1.0
34603 0.125
34604 0.875
34609 1.0
35026 1.0
35031 1.0
35052 1.0
35057 1.0
35151 1.0
35176 0.2
35177 0.8
35202 0.09090909090909091
35203 0.9090909090909091
35208 1.0
35228 1.0
35302 1.0
35327 0.16666666666666666
35328 0.8333333333333334
35776 1.0
35802 1.0
35901 1.0
35926 0.041666666666666664
35927 0.9583333333333334
36026 1.0
36052 1.0
36375 1.0
36400 0.2
36401 0.8
36525 0.1
36526 0.9
36551 0.5
36552 0.5
36651 1.0
36776 1.0
37000 1.0
37025 1.0
37125 1.0
37250 1.0
37275 0.6
37276 0.4
37375 1.0
37400 0.42857142857142855
37401 0.5714285714285714
37536 1.0
37557 1.0
37562 1.0
37583 1.0
37588 1.0
37609 1.0
37703 1.0
37708 1.0
37729 1.0
37734 1.0
38151 1.0
38182 1.0
38301 0.1
38302 0.9
38328 1.0
38333 1.0
38354 1.0
38427 1.0
38452 0.25
38453 0.75
38901 1.0
38927 1.0
39026 1.0
39051 0.09523809523809523
39052 0.9047619047619048
39077 1.0
39151 1.0
39177 1.0
39526 1.0
39625 1.0
39651 1.0
39776 1.0
39901 1.0
40125 1.0
40150 1.0
40250 1.0
40276 1.0
40375 1.0
40400 0.2
40401 0.8
40500 1.0
40525 0.4
40526 0.6
40656 1.0
40661 1.0
40682 1.0
40687 1.0
40708 1.0
40713 1.0
40739 1.0
40807 1.0
40828 1.0
40833 1.0
40838 1.0
40858 0.16666666666666666
40859 0.8333333333333334
41281 1.0
41401 1.0
41406 1.0
41427 1.0
41432 1.0
41452 0.16666666666666666
41453 0.8333333333333334
41457 0.25
41458 0.75
41552 1.0
41557 1.0
41577 0.09090909090909091
41578 0.9090909090909091
41583 1.0
41906 1.0
42026 1.0
42031 1.0
42052 1.0
42151 1.0
42176 0.09523809523809523
42177 0.9047619047619048
42202 1.0
42276 1.0
42301 0.125
42302 0.875
42651 1.0
42750 1.0
42776 1.0
42801 0.5
42802 0.5
42901 1.0
43026 1.0
43250 1.0
43276 1.0
43375 1.0
43500 1.0
43525 0.16666666666666666
43526 0.8333333333333334
43625 1.0
43650 0.16666666666666666
43651 0.8333333333333334
43781 1.0
43807 1.0
43812 1.0
43838 1.0
43864 1.0
43953 1.0
43958 1.0
43963 1.0
43984 1.0
43989 1.0
44406 1.0
44432 1.0
44531 1.0
44552 1.0
44557 1.0
44578 1.0
44583 1.0
44677 1.0
44682 1.0
44702 1.0
44708 1.0
44802 1.0
45151 1.0
45156 1.0
45177 1.0
45276 1.0
45301 0.043478260869565216
45302 0.9565217391304348
45401 1.0
45426 0.1
45427 0.9
45750 1.0
45776 1.0
45901 1.0
46026 1.0
46051 1.0
46151 1.0
46375 1.0
46400 0.5
46401 0.5
46500 1.0
46526 1.0
46650 0.18181818181818182
46651 0.8181818181818182
46750 1.0
46775 0.25
46776 0.75
46932 1.0
46953 1.0
46958 1.0
46963 1.0
46979 1.0
46984 1.0
46989 1.0
47078 1.0
47104 1.0
47552 1.0
47578 1.0
47603 0.25
47604 0.75
47677 1.0
47702 0.07692307692307693
47703 0.9230769230769231
47728 0.6666666666666666
47729 0.3333333333333333
47802 1.0
47827 0.125
47828 0.875
47927 1.0
48151 1.0
48276 1.0
48327 1.0
48401 1.0
48426 0.1
48427 0.9
48452 1.0
48526 1.0
48552 1.0
48901 1.0
49000 1.0
49026 1.0
49151 1.0
49250 1.0
49275 0.07142857142857142
49276 0.9285714285714286
49500 1.0
49625 1.0
49750 1.0
49775 0.4444444444444444
49776 0.5555555555555556
49875 1.0
49900 0.3333333333333333
49901 0.6666666666666666
50052 1.0
50057 1.0
50062 1.0
50083 1.0
50104 1.0
50109 1.0
50114 1.0
50203 1.0
50229 1.0
50677 1.0
50776 1.0
50802 1.0
50828 1.0
50854 1.0
50927 1.0
50953 1.0
51276 1.0
51401 1.0
51427 1.0
51526 1.0
51552 1.0
51577 1.0
51651 1.0
51676 0.5
51677 0.5
52025 0.2
52026 0.8
52125 1.0
52151 1.0
52276 1.0
52401 1.0
52625 1.0
52650 1.0
52750 1.0
52875 1.0
52900 0.4444444444444444
52901 0.5555555555555556
53000 1.0
53025 0.3
53026 0.7
53177 1.0
53182 1.0
53208 1.0
53234 1.0
53239 1.0
53328 1.0
53333 1.0
53354 1.0
53359 1.0
53776 1.0
53802 1.0
53807 1.0
53833 1.0
53901 1.0
53927 1.0
53952 0.045454545454545456
53953 0.9545454545454546
53958 1.0
53979 1.0
54052 1.0
54077 0.1
54078 0.9
54401 1.0
54526 1.0
54552 1.0
54677 1.0
54776 1.0
54801 0.2
54802 0.8
55125 1.0
55151 1.0
55250 1.0
55276 1.0
55375 1.0
55401 1.0
55526 1.0
55875 1.0
56000 1.0
56025 0.5
56026 0.5
56125 1.0
56150 0.6
56151 0.4
56307 1.0
56333 1.0
56338 1.0
56359 1.0
56364 1.0
56453 1.0
56458 1.0
56478 1.0
56484 1.0
56578 1.0
56901 1.0
56906 1.0
56927 1.0
56931 0.25
56932 0.75
57026 1.0
57052 1.0
57057 1.0
57078 1.0
57083 1.0
57103 1.0
57177 1.0
57202 0.14285714285714285
57203 0.8571428571428571
57526 1.0
57651 1.0
57677 1.0
57776 1.0
57801 0.125
57802 0.875
57901 1.0
57926 0.25
57927 0.75
58250 1.0
58276 1.0
58375 1.0
58400 0.18181818181818182
58401 0.8181818181818182
58427 1.0
58526 1.0
58551 1.0
58651 1.0
59000 1.0
59125 1.0
59150 0.5555555555555556
59151 0.4444444444444444
59250 1.0
59275 0.8
59276 0.2
59432 1.0
59437 1.0
59463 1.0
59578 1.0
59583 1.0
59609 1.0
60031 1.0
60036 1.0
60057 1.0
60151 1.0
60177 1.0
60182 1.0
60202 0.25
60203 0.75
60208 1.0
60302 1.0
60327 0.09090909090909091
60328 0.9090909090909091
60427 1.0
60776 1.0
60802 1.0
60901 1.0
60927 1.0
61026 1.0
61051 0.1111111111111111
61052 0.8888888888888888
61500 1.0
61525 0.16666666666666666
61526 0.8333333333333334
61651 1.0
61776 1.0
62025 1.0
62125 1.0
62250 1.0
62275 0.3333333333333333
62276 0.6666666666666666
62375 1.0
62400 0.3333333333333333
62401 0.6666666666666666
62552 1.0
62557 1.0
62562 1.0
62578 1.0
62603 0.041666666666666664
62604 0.9583333333333334
62609 1.0
62729 1.0
63177 1.0
63203 1.0
63229 1.0
63302 1.0
63328 1.0
63353 0.4
63354 0.6
63427 1.0
63453 1.0
63552 1.0
63776 1.0
63802 1.0
63901 1.0
64026 1.0
64051 0.05
64052 0.95
64077 1.0
64151 1.0
64176 0.2
64177 0.8
64276 1.0
64500 1.0
64526 1.0
64625 1.0
64650 0.16666666666666666
64651 0.8333333333333334
64776 1.0
64875 1.0
64900 0.05555555555555555
64901 0.9444444444444444
65125 1.0
65250 1.0
65375 1.0
65400 0.3333333333333333
65401 0.6666666666666666
65500 1.0
65526 1.0
65677 1.0
65682 1.0
65687 1.0
65703 1.0
65729 1.0
65734 1.0
65739 1.0
65828 1.0
65854 1.0
66276 1.0
66301 0.3333333333333333
66302 0.6666666666666666
66328 1.0
66427 1.0
66452 0.08
66453 0.92
66478 0.3333333333333333
66479 0.6666666666666666
66552 1.0
66577 0.2727272727272727
66578 0.7272727272727273
66901 1.0
67026 1.0
67052 1.0
67077 1.0
67151 1.0
67177 1.0
67203 1.0
67276 1.0
67301 0.5454545454545454
67302 0.45454545454545453
67401 1.0
67625 1.0
67651 1.0
67750 1.0
67775 0.6666666666666666
67776 0.3333333333333333
67900 0.09090909090909091
67901 0.9090909090909091
67926 1.0
68025 0.2
68026 0.8
68250 1.0
68375 1.0
68500 1.0
68525 0.25
68526 0.75
68625 1.0
68650 1.0
68802 1.0
68807 1.0
68812 1.0
68828 1.0
68833 1.0
68838 1.0
68859 1.0
68953 1.0
68979 1.0
68984 1.0
69427 1.0
69432 1.0
69526 1.0
69552 1.0
69577 0.07692307692307693
69578 0.9230769230769231
69604 1.0
69677 1.0
69703 1.0
70026 1.0
70151 1.0
70177 1.0
70202 1.0
70276 1.0
70301 0.14285714285714285
70302 0.8571428571428571
70401 1.0
70426 0.25
70427 0.75
70776 1.0
70875 1.0
70901 1.0
71000 1.0
71025 0.047619047619047616
71026 0.9523809523809523
71051 1.0
71125 1.0
71150 0.25
71151 0.75
71375 1.0
71500 1.0
71625 1.0
71650 0.4166666666666667
71651 0.5833333333333334
71750 1.0
71775 0.3333333333333333
71776 0.6666666666666666
71911 1.0
71927 1.0
71932 1.0
71937 1.0
71958 1.0
71963 1.0
71984 1.0
71989 1.0
72078 1.0
72083 1.0
72104 1.0
72109 1.0
72531 1.0
72551 0.5
72552 0.5
72677 1.0
72703 1.0
72708 1.0
72802 1.0
72827 0.3333333333333333
72828 0.6666666666666666
72927 1.0
73276 1.0
73401 1.0
73426 0.041666666666666664
73427 0.9583333333333334
73526 1.0
73551 0.5555555555555556
73552 0.4444444444444444
73900 0.3333333333333333
73901 0.6666666666666666
74000 1.0
74026 1.0
74051 1.0
74150 0.041666666666666664
74151 0.9583333333333334
74276 1.0
74500 1.0
74625 1.0
74750 1.0
74775 0.5
74776 0.5
74875 1.0
74900 0.3333333333333333
74901 0.6666666666666666
75036 1.0
75057 1.0
75062 1.0
75083 1.0
75088 1.0
75109 1.0
75114 1.0
75177 1.0
75203 1.0
75208 1.0
75229 1.0
75233 0.05555555555555555
75234 0.9444444444444444
75651 1.0
75776 1.0
75802 1.0
75828 1.0
75833 1.0
75927 1.0
75952 0.07692307692307693
75953 0.9230769230769231
76052 1.0
76276 1.0
76401 1.0
76427 1.0
76452 1.0
76526 1.0
76552 1.0
76651 1.0
76676 0.3333333333333333
76677 0.6666666666666666
77000 1.0
77025 0.5
77026 0.5
77125 1.0
77151 1.0
77276 1.0
77301 1.0
77401 1.0
77750 1.0
77875 1.0
77900 0.25
77901 0.75
78000 1.0
78025 0.3333333333333333
78026 0.6666666666666666
