166 1.0
186 1.0
191 1.0
216 1.0
272 1.0
291 0.25
292 0.75
311 0.25
312 0.75
316 0.125
317 0.875
337 1.0
342 1.0
398 1.0
417 0.6666666666666666
418 0.3333333333333333
423 1.0
519 1.0
524 1.0
766 1.0
786 1.0
791 1.0
917 1.0
936 0.125
937 0.875
941 0.2
942 0.8
967 1.0
1023 1.0
1042 0.2
1043 0.8
1048 1.0
1067 1.0
1144 1.0
1149 1.0
1168 1.0
1174 1.0
1411 1.0
1416 1.0
1441 1.0
1542 1.0
1547 1.0
1562 1.0
1567 1.0
1592 1.0
1663 1.0
1667 0.18181818181818182
1668 0.8181818181818182
1673 1.0
1692 0.5
1693 0.5
1769 1.0
1774 1.0
1799 1.0
2016 1.0
2041 1.0
2141 1.0
2167 1.0
2172 1.0
2187 1.0
2192 1.0
2217 1.0
2273 1.0
2292 0.2857142857142857
2293 0.7142857142857143
2298 1.0
2312 1.0
2318 1.0
2399 1.0
2424 1.0
2661 1.0
2666 1.0
2772 1.0
2787 1.0
2791 0.5
2792 0.5
2812 1.0
2817 1.0
2893 1.0
2898 1.0
2913 1.0
2918 1.0
2923 1.0
2938 1.0
2942 0.5
2943 0.5
3019 1.0
3024 1.0
3044 1.0
3049 1.0
3266 1.0
3291 1.0
3296 1.0
3316 1.0
3396 0.5
3397 0.5
3412 1.0
3417 1.0
3422 1.0
3437 1.0
3441 0.18181818181818182
3442 0.8181818181818182
3462 1.0
3466 0.5
3467 0.5
3523 1.0
3542 0.25
3543 0.75
3548 1.0
3562 1.0
3649 1.0
3891 1.0
3915 0.14285714285714285
3916 0.8571428571428571
3966 1.0
4022 1.0
4042 1.0
4061 0.14285714285714285
4062 0.8571428571428571
4066 0.11764705882352941
4067 0.8823529411764706
4092 1.0
4148 1.0
4167 0.25
4168 0.75
4173 1.0
4193 1.0
4268 1.0
4274 1.0
4299 1.0
4541 1.0
4647 1.0
4662 1.0
4667 1.0
4687 1.0
4692 1.0
4792 0.16666666666666666
4793 0.8333333333333334
4798 1.0
4818 1.0
4898 0.2
4899 0.8
4919 1.0
5146 1.0
5166 1.0
5287 1.0
5291 0.2
5292 0.8
5312 1.0
5317 1.0
5393 1.0
5398 1.0
5413 1.0
5417 0.25
5418 0.75
5423 1.0
5437 1.0
5442 1.0
5519 1.0
5524 1.0
5549 1.0
5766 1.0
5771 1.0
5786 1.0
5791 1.0
5892 1.0
5897 1.0
5917 1.0
5942 1.0
6018 1.0
6023 1.0
6038 1.0
6043 1.0
6062 0.5
6063 0.5
6068 1.0
6144 1.0
6149 1.0
6169 1.0
6174 1.0
6391 1.0
6396 1.0
6411 1.0
6416 1.0
6421 1.0
6517 1.0
6522 1.0
6537 1.0
6542 1.0
6547 1.0
6562 1.0
6567 1.0
6643 1.0
6668 1.0
6673 1.0
6687 1.0
6692 0.5
6693 0.5
6774 1.0
6798 0.5
6799 0.5
7021 1.0
7041 1.0
7147 1.0
7187 1.0
7192 1.0
7217 1.0
7273 1.0
7293 1.0
7298 1.0
7317 0.5
7318 0.5
7394 1.0
7398 0.5
7399 0.5
7641 1.0
7666 1.0
7772 1.0
7787 1.0
7792 1.0
7812 1.0
7817 1.0
7893 1.0
7898 1.0
7917 0.1111111111111111
7918 0.8888888888888888
7922 0.5
7923 0.5
7943 1.0
8018 0.3333333333333333
8019 0.6666666666666666
8024 1.0
8266 1.0
8286 1.0
8291 1.0
8397 1.0
8417 1.0
8422 1.0
8437 1.0
8442 1.0
8518 1.0
8538 1.0
8543 1.0
8548 1.0
8567 0.75
8568 0.25
8644 1.0
8649 1.0
8674 1.0
8891 1.0
8896 1.0
8916 1.0
9017 1.0
9022 1.0
9042 1.0
9062 1.0
9067 1.0
9148 1.0
9163 1.0
9167 0.125
9168 0.875
9173 1.0
9188 1.0
9193 1.0
9269 1.0
9274 1.0
9294 1.0
9299 1.0
9516 1.0
9540 0.3333333333333333
9541 0.6666666666666666
9566 1.0
9642 1.0
9662 1.0
9667 1.0
9687 1.0
9692 1.0
9792 0.2857142857142857
9793 0.7142857142857143
9798 1.0
9812 1.0
9817 0.6666666666666666
9818 0.3333333333333333
9894 1.0
9898 0.16666666666666666
9899 0.8333333333333334
9919 1.0
10141 1.0
10166 1.0
10171 1.0
10272 1.0
10292 1.0
10312 1.0
10317 1.0
10342 1.0
10393 1.0
10398 1.0
10417 0.18181818181818182
10418 0.8181818181818182
10422 1.0
10438 1.0
10443 1.0
10519 1.0
10524 1.0
10543 1.0
10549 1.0
10771 1.0
10791 1.0
10891 0.5
10892 0.5
10897 1.0
10917 1.0
10937 1.0
10942 1.0
11018 1.0
11023 1.0
11037 0.5
11038 0.5
11043 1.0
11048 1.0
11063 1.0
11067 0.75
11068 0.25
11144 1.0
11149 1.0
11168 0.5
11169 0.5
11416 1.0
11517 1.0
11522 1.0
11542 1.0
11567 1.0
11643 1.0
11648 1.0
11662 1.0
11667 0.1
11668 0.9
11688 1.0
11693 1.0
11769 1.0
11773 0.5
11774 0.5
12016 1.0
12036 1.0
12041 1.0
12147 1.0
12162 1.0
12167 1.0
12192 1.0
12273 1.0
12288 1.0
12293 1.0
12298 1.0
12313 1.0
12399 1.0
12424 1.0
12641 1.0
12666 1.0
12767 1.0
12771 0.25
12772 0.75
12792 1.0
12812 1.0
12817 1.0
12898 1.0
12917 0.09090909090909091
12918 0.9090909090909091
12923 1.0
12942 0.5
12943 0.5
13019 1.0
13024 1.0
13266 1.0
13271 1.0
13291 1.0
13391 0.5
13392 0.5
13397 1.0
13412 1.0
13417 1.0
13437 1.0
13442 1.0
13523 1.0
13542 0.14285714285714285
13543 0.8571428571428571
13548 1.0
13563 1.0
13567 0.5
13568 0.5
13644 1.0
13649 1.0
13669 1.0
13673 0.5
13674 0.5
13891 1.0
13916 1.0
14022 1.0
14042 1.0
14047 1.0
14062 1.0
14067 1.0
14143 1.0
14148 1.0
14168 1.0
14173 1.0
14192 0.5
14193 0.5
14273 0.2
14274 0.8
14294 1.0
14298 0.6666666666666666
14299 0.3333333333333333
14521 1.0
14541 1.0
14642 1.0
14647 1.0
14662 1.0
14667 1.0
14692 1.0
14768 1.0
14773 1.0
14792 0.09090909090909091
14793 0.9090909090909091
14798 1.0
14818 1.0
14894 1.0
14899 1.0
14919 1.0
14924 1.0
15146 1.0
15272 1.0
15287 1.0
15292 1.0
15317 1.0
15393 1.0
15398 1.0
15417 0.09090909090909091
15418 0.9090909090909091
15423 1.0
15438 1.0
15443 1.0
15519 1.0
15524 1.0
15544 1.0
15549 1.0
15660 1.0
15665 1.0
15685 1.0
15690 1.0
15710 1.0
15735 1.0
15811 1.0
15816 1.0
15831 1.0
15835 0.24
15836 0.76
15841 1.0
15856 1.0
15860 0.2
15861 0.8
15936 1.0
15961 1.0
16285 1.0
16310 1.0
16315 1.0
16410 1.0
16435 0.2
16436 0.8
16440 1.0
16456 1.0
16461 1.0
16466 1.0
16486 1.0
16561 0.6
16562 0.4
16586 0.8333333333333334
16587 0.16666666666666666
16910 1.0
16935 1.0
17035 1.0
17056 1.0
17060 0.1
17061 0.9
17081 1.0
17086 1.0
17111 1.0
17186 0.375
17187 0.625
17191 1.0
17212 1.0
17660 0.5
17661 0.5
17666 1.0
17681 1.0
17686 1.0
17706 1.0
17711 1.0
17806 0.5
17807 0.5
17811 0.38461538461538464
17812 0.6153846153846154
17816 0.5
17817 0.5
17832 1.0
17836 0.2222222222222222
17837 0.7777777777777778
18286 1.0
18311 1.0
18331 1.0
18336 1.0
18436 0.08333333333333333
18437 0.9166666666666666
18456 1.0
18461 0.5
18462 0.5
18785 1.0
18790 1.0
18810 1.0
18815 1.0
18911 1.0
18936 1.0
18940 0.25
18941 0.75
18956 1.0
18961 1.0
18966 1.0
19061 1.0
19086 0.5
19087 0.5
19415 1.0
19535 0.5
19536 0.5
19541 1.0
19560 0.16666666666666666
19561 0.8333333333333334
19581 1.0
19586 1.0
19591 1.0
19611 1.0
19686 0.25
19687 0.75
19691 1.0
19711 0.625
19712 0.375
20060 1.0
20160 0.3333333333333333
20161 0.6666666666666666
20165 1.0
20186 1.0
20191 1.0
20206 1.0
20211 1.0
20216 1.0
20311 0.1111111111111111
20312 0.8888888888888888
20316 1.0
20331 1.0
20336 0.6
20337 0.4
20660 1.0
20665 1.0
20786 1.0
20791 1.0
20806 1.0
20811 1.0
20836 1.0
20936 0.2
20937 0.8
20941 0.3333333333333333
20942 0.6666666666666666
20956 0.3333333333333333
20957 0.6666666666666666
20961 0.2222222222222222
20962 0.7777777777777778
21285 1.0
21290 1.0
21411 1.0
21416 1.0
21431 1.0
21436 1.0
21441 1.0
21461 1.0
21557 1.0
21561 0.14285714285714285
21562 0.8571428571428571
21581 0.3333333333333333
21582 0.6666666666666666
21586 0.14285714285714285
21587 0.8571428571428571
21910 1.0
21915 1.0
21935 1.0
21940 1.0
22036 1.0
22060 0.1111111111111111
22061 0.8888888888888888
22065 0.3333333333333333
22066 0.6666666666666666
22081 1.0
22086 1.0
22091 1.0
22186 0.25
22187 0.75
22212 1.0
22216 1.0
22540 1.0
22560 1.0
22661 1.0
22686 1.0
22691 1.0
22711 1.0
22811 0.5714285714285714
22812 0.42857142857142855
22816 1.0
22836 0.5714285714285714
22837 0.42857142857142855
22841 1.0
23160 1.0
23285 0.2
23286 0.8
23290 0.5
23291 0.5
23310 0.125
23311 0.875
23316 1.0
23336 1.0
23436 0.2
23437 0.8
23457 1.0
23461 0.6
23462 0.4
23466 1.0
23790 1.0
23810 1.0
23815 1.0
23911 1.0
23916 1.0
23931 1.0
23936 1.0
23941 1.0
23961 1.0
24062 1.0
24066 0.16666666666666666
24067 0.8333333333333334
24082 1.0
24086 0.2857142857142857
24087 0.7142857142857143
24536 1.0
24540 0.5
24541 0.5
24561 1.0
24586 1.0
24686 0.10526315789473684
24687 0.8947368421052632
24692 1.0
24707 1.0
24711 0.2857142857142857
24712 0.7142857142857143
25035 1.0
25040 1.0
25060 1.0
25160 0.5
25161 0.5
25166 1.0
25186 1.0
25191 1.0
25211 1.0
25216 1.0
25311 0.2857142857142857
25312 0.7142857142857143
25316 0.5
25317 0.5
25336 0.6
25337 0.4
25342 1.0
25660 1.0
25685 1.0
25690 1.0
25785 0.25
25786 0.75
25811 1.0
25816 1.0
25836 1.0
25936 0.23076923076923078
25937 0.7692307692307693
25941 1.0
25961 0.2857142857142857
25962 0.7142857142857143
25967 1.0
26290 1.0
26416 1.0
26435 0.16666666666666666
26436 0.8333333333333334
26441 1.0
26461 1.0
26561 0.15384615384615385
26562 0.8461538461538461
26567 1.0
26582 1.0
26586 0.6666666666666666
26587 0.3333333333333333
26915 1.0
27041 1.0
27061 1.0
27086 1.0
27186 0.16666666666666666
27187 0.8333333333333334
27191 0.25
27192 0.75
27207 1.0
27211 0.3333333333333333
27212 0.6666666666666666
27660 0.2
27661 0.8
27666 1.0
27686 1.0
27691 1.0
27711 1.0
27787 1.0
27811 0.08695652173913043
27812 0.9130434782608695
27816 0.5
27817 0.5
27837 1.0
28160 1.0
28165 1.0
28291 1.0
28311 1.0
28316 1.0
28336 1.0
28341 1.0
28436 0.4
28437 0.6
28442 1.0
28461 0.125
28462 0.875
28466 0.5
28467 0.5
28785 1.0
28790 1.0
28815 1.0
28916 1.0
28936 1.0
28961 1.0
28966 1.0
29061 0.1
29062 0.9
29066 0.3333333333333333
29067 0.6666666666666666
29087 1.0
29092 1.0
29440 1.0
29535 0.3333333333333333
29536 0.6666666666666666
29541 1.0
29561 1.0
29586 1.0
29686 0.07142857142857142
29687 0.9285714285714286
29692 1.0
29711 0.1111111111111111
29712 0.8888888888888888
29717 1.0
30161 1.0
30186 1.0
30287 1.0
30311 0.03125
30312 0.96875
30317 1.0
30337 1.0
30786 1.0
30791 1.0
30912 1.0
30932 1.0
30937 1.0
30942 1.0
30962 1.0
31063 1.0
31285 1.0
31305 1.0
31310 1.0
31330 1.0
31335 1.0
31355 1.0
31360 1.0
31455 0.5
31456 0.5
31460 0.5
31461 0.5
31480 1.0
31930 1.0
31935 1.0
31960 1.0
31980 1.0
31985 1.0
32060 1.0
32080 0.15384615384615385
32081 0.8461538461538461
32085 0.3333333333333333
32086 0.6666666666666666
32106 1.0
32111 1.0
32535 1.0
32555 1.0
32560 1.0
32585 1.0
32605 1.0
32610 1.0
32681 1.0
32706 1.0
32710 0.3
32711 0.7
32731 1.0
32736 1.0
33160 1.0
33185 1.0
33210 1.0
33311 1.0
33331 1.0
33336 1.0
33356 1.0
33361 1.0
33780 1.0
33785 1.0
33805 1.0
33810 1.0
33835 1.0
33930 0.25
33931 0.75
33936 1.0
33956 1.0
33961 1.0
33981 1.0
34081 0.5
34082 0.5
34410 1.0
34430 1.0
34435 1.0
34460 1.0
34485 1.0
34581 1.0
34585 0.75
34586 0.25
34605 0.5454545454545454
34606 0.45454545454545453
34610 0.25
34611 0.75
35035 1.0
35060 1.0
35085 1.0
35110 1.0
35205 0.07692307692307693
35206 0.9230769230769231
35210 0.17857142857142858
35211 0.8214285714285714
35231 1.0
35235 0.5
35236 0.5
35660 1.0
35680 1.0
35685 1.0
35811 1.0
35830 0.1
35831 0.9
35835 0.058823529411764705
35836 0.9411764705882353
35856 1.0
35861 1.0
36285 1.0
36310 1.0
36431 1.0
36436 1.0
36456 1.0
36461 1.0
36481 1.0
36582 1.0
36910 1.0
36935 1.0
37056 1.0
37061 1.0
37081 1.0
37086 1.0
37111 1.0
37206 0.5
37207 0.5
37535 1.0
37540 1.0
37560 1.0
37565 1.0
37585 1.0
37706 1.0
37710 0.125
37711 0.875
37731 1.0
37735 0.4444444444444444
37736 0.5555555555555556
38160 1.0
38180 1.0
38185 1.0
38210 1.0
38235 1.0
38331 1.0
38335 0.058823529411764705
38336 0.9411764705882353
38361 1.0
38785 1.0
38810 1.0
38835 1.0
38931 1.0
38956 1.0
38961 1.0
38981 1.0
38986 1.0
39410 1.0
39435 1.0
39556 1.0
39561 1.0
39581 1.0
39586 1.0
39611 1.0
39706 0.5
39707 0.5
39711 1.0
40035 1.0
40181 1.0
40186 1.0
40206 1.0
40211 1.0
40331 0.25
40332 0.75
40660 1.0
40665 1.0
40685 1.0
40690 1.0
40710 1.0
40811 1.0
40831 1.0
40835 0.16666666666666666
40836 0.8333333333333334
40856 1.0
40861 1.0
41285 1.0
41310 1.0
41436 1.0
41456 1.0
41460 0.041666666666666664
41461 0.9583333333333334
41486 1.0
41910 1.0
41935 1.0
41940 1.0
42061 1.0
42081 1.0
42086 1.0
42111 1.0
42207 1.0
42535 1.0
42681 1.0
42686 1.0
42706 1.0
42711 1.0
42807 1.0
42831 0.3333333333333333
42832 0.6666666666666666
43160 1.0
43185 1.0
43286 1.0
43306 1.0
43311 1.0
43331 1.0
43336 1.0
43432 1.0
43457 1.0
43462 1.0
43785 1.0
43810 1.0
43835 1.0
43935 1.0
43956 1.0
43961 1.0
43985 0.14285714285714285
43986 0.8571428571428571
44410 1.0
44435 1.0
44560 1.0
44581 1.0
44586 1.0
44611 1.0
44712 1.0
45035 1.0
45060 1.0
45065 1.0
45181 1.0
45186 1.0
45206 1.0
45211 1.0
45331 0.5
45332 0.5
45337 1.0
45660 1.0
45685 1.0
45690 1.0
45785 1.0
45806 1.0
45811 1.0
45831 1.0
45836 1.0
45936 1.0
45957 1.0
45962 1.0
46285 1.0
46290 1.0
46310 1.0
46411 1.0
46431 1.0
46436 1.0
46456 1.0
46461 1.0
46562 1.0
46582 1.0
46587 1.0
46930 1.0
46935 1.0
46955 1.0
46960 1.0
46980 1.0
46985 1.0
47105 1.0
47560 1.0
47580 1.0
47585 1.0
47605 1.0
47610 1.0
47705 0.6666666666666666
47706 0.3333333333333333
47730 0.3333333333333333
47731 0.6666666666666666
48180 1.0
48185 1.0
48205 1.0
48210 1.0
48230 1.0
48235 1.0
48330 0.2222222222222222
48331 0.7777777777777778
48355 0.06666666666666667
48356 0.9333333333333333
48361 1.0
48805 1.0
48810 1.0
48830 1.0
48835 1.0
48855 1.0
48860 1.0
48955 0.08333333333333333
48956 0.9166666666666666
48960 1.0
48980 0.047619047619047616
48981 0.9523809523809523
49430 1.0
49435 1.0
49455 1.0
49480 1.0
49556 1.0
49581 1.0
49606 1.0
50055 1.0
50060 1.0
50080 1.0
50085 1.0
50105 1.0
50110 1.0
50205 0.3333333333333333
50206 0.6666666666666666
50230 0.5
50231 0.5
50680 1.0
50685 1.0
50705 1.0
50710 1.0
50730 1.0
50735 1.0
50830 1.0
50855 0.16666666666666666
50856 0.8333333333333334
50860 1.0
51285 1.0
51305 1.0
51310 1.0
51330 1.0
51335 1.0
51355 1.0
51360 1.0
51455 0.2857142857142857
51456 0.7142857142857143
51460 1.0
51480 0.23529411764705882
51481 0.7647058823529411
51485 0.5
51486 0.5
51930 1.0
51935 1.0
51955 1.0
51960 1.0
52081 1.0
52086 1.0
52106 1.0
52535 1.0
52555 1.0
52560 1.0
52581 1.0
52585 1.0
52706 1.0
52711 1.0
52731 1.0
52736 1.0
53180 1.0
53185 1.0
53205 1.0
53210 1.0
53230 1.0
53235 1.0
53330 0.5
53331 0.5
53355 0.7142857142857143
53356 0.2857142857142857
53360 1.0
53805 1.0
53810 1.0
53830 1.0
53835 1.0
53855 1.0
53860 1.0
53955 0.2857142857142857
53956 0.7142857142857143
53961 1.0
53980 0.21428571428571427
53981 0.7857142857142857
53985 0.5
53986 0.5
54410 1.0
54435 1.0
54485 1.0
54581 1.0
54585 0.3333333333333333
54586 0.6666666666666666
54606 1.0
54610 0.3333333333333333
54611 0.6666666666666666
55055 1.0
55060 1.0
55085 1.0
55206 1.0
55211 1.0
55231 1.0
55236 1.0
55680 0.75
55681 0.25
55685 1.0
55831 1.0
55836 1.0
55856 1.0
56310 1.0
56330 1.0
56335 1.0
56355 1.0
56360 1.0
56455 0.36363636363636365
56456 0.6363636363636364
56461 1.0
56480 0.2222222222222222
56481 0.7777777777777778
56485 0.25
56486 0.75
56910 1.0
56930 1.0
56935 1.0
56955 1.0
56960 1.0
56985 1.0
57081 1.0
57085 0.2857142857142857
57086 0.7142857142857143
57106 1.0
57111 1.0
57555 1.0
57560 1.0
57580 1.0
57585 1.0
57706 1.0
57710 0.2857142857142857
57711 0.7142857142857143
57731 1.0
57736 1.0
58160 1.0
58180 1.0
58185 1.0
58210 1.0
58306 1.0
58331 1.0
58336 1.0
58356 1.0
58361 1.0
58805 1.0
58810 1.0
58931 1.0
58956 0.896551724137931
58957 0.10344827586206896
58961 1.0
58981 1.0
59082 1.0
59430 1.0
59435 1.0
59460 1.0
59485 1.0
59580 0.2
59581 0.8
59586 1.0
59606 1.0
59610 0.2
59611 0.8
60030 1.0
60055 1.0
60060 1.0
60085 1.0
60206 1.0
60210 0.09090909090909091
60211 0.9090909090909091
60231 1.0
60236 1.0
60660 1.0
60685 1.0
60710 1.0
60831 1.0
60836 1.0
60856 1.0
60861 1.0
61305 1.0
61310 1.0
61431 1.0
61436 1.0
61456 1.0
61461 1.0
61481 1.0
61582 1.0
61930 1.0
61935 1.0
62056 1.0
62061 1.0
62081 0.9655172413793104
62082 0.034482758620689655
62086 1.0
62106 1.0
62207 1.0
62555 1.0
62560 1.0
62580 1.0
62605 1.0
62610 1.0
63185 1.0
63205 1.0
63210 1.0
63230 1.0
63235 1.0
63355 0.6666666666666666
63356 0.3333333333333333
63805 1.0
63810 1.0
63830 1.0
63835 1.0
63855 1.0
63860 1.0
63980 0.42857142857142855
63981 0.5714285714285714
64430 1.0
64455 1.0
64460 1.0
64480 0.9583333333333334
64481 0.041666666666666664
64580 0.25
64581 0.75
64601 1.0
64606 1.0
65035 1.0
65055 1.0
65060 1.0
65080 1.0
65085 1.0
65105 1.0
65201 1.0
65206 1.0
65226 1.0
65231 1.0
65685 1.0
65705 1.0
65730 1.0
65735 1.0
66305 1.0
66310 1.0
66330 1.0
66355 1.0
66360 1.0
66480 0.25
66481 0.75
66930 1.0
66935 1.0
66955 1.0
66980 1.0
66985 1.0
67081 1.0
67105 0.23076923076923078
67106 0.7692307692307693
67555 1.0
67560 1.0
67580 1.0
67605 0.8888888888888888
67606 0.1111111111111111
67610 1.0
67706 1.0
67731 1.0
68160 1.0
68180 1.0
68185 1.0
68205 0.8333333333333334
68206 0.16666666666666666
68210 1.0
68230 0.5
68231 0.5
68331 1.0
68356 1.0
68805 1.0
68810 1.0
68830 1.0
68835 1.0
68855 1.0
68860 1.0
68980 0.6666666666666666
68981 0.3333333333333333
69430 1.0
69435 1.0
69455 1.0
69460 1.0
69480 1.0
69485 1.0
69605 0.2
69606 0.8
70035 1.0
70055 1.0
70060 1.0
70080 1.0
70085 1.0
70105 0.875
70106 0.125
70110 1.0
70206 1.0
70230 0.1111111111111111
70231 0.8888888888888888
70680 1.0
70685 1.0
70705 1.0
70710 1.0
70730 0.6666666666666666
70731 0.3333333333333333
70830 0.1
70831 0.9
70856 1.0
71285 1.0
71305 1.0
71310 1.0
71330 0.8571428571428571
71331 0.14285714285714285
71355 1.0
71456 1.0
71461 1.0
71481 1.0
71910 1.0
71930 1.0
71935 1.0
71955 1.0
71960 1.0
71980 1.0
71985 1.0
72106 1.0
72555 1.0
72560 1.0
72580 1.0
72585 1.0
72605 1.0
72610 1.0
72705 0.2
72706 0.8
72730 0.18181818181818182
72731 0.8181818181818182
73180 1.0
73185 1.0
73205 1.0
73210 1.0
73230 1.0
73235 1.0
73331 1.0
73356 1.0
73361 1.0
73805 1.0
73810 1.0
73831 1.0
73835 1.0
73956 1.0
73961 1.0
73981 1.0
74410 1.0
74430 1.0
74435 1.0
74581 1.0
74586 1.0
74606 1.0
75035 1.0
75055 1.0
75060 1.0
75080 1.0
75085 1.0
75105 1.0
75110 1.0
75205 0.25
75206 0.75
75210 1.0
75230 0.15384615384615385
75231 0.8461538461538461
75236 1.0
75660 1.0
75680 1.0
75685 1.0
75705 1.0
75710 1.0
75730 1.0
75735 1.0
75830 0.16666666666666666
75831 0.8333333333333334
75856 1.0
75861 1.0
76285 1.0
76305 1.0
76310 1.0
76330 1.0
76335 1.0
76360 1.0
76456 1.0
76461 1.0
76481 1.0
76486 1.0
76910 1.0
76930 1.0
76935 1.0
76955 1.0
76960 1.0
77081 1.0
77086 1.0
77106 1.0
77111 1.0
77555 1.0
77560 1.0
77681 1.0
77706 1.0
77711 1.0
77731 1.0
