0 1.0
6 1.0
12 1.0
25 0.9333333333333333
26 0.06666666666666667
31 1.0
37 0.9622641509433962
38 0.03773584905660377
43 0.9705882352941176
44 0.029411764705882353
49 1.0
50 1.0
56 0.9893617021276596
57 0.010638297872340425
62 0.9507042253521126
63 0.04929577464788732
68 0.9891891891891892
69 0.010810810810810811
74 1.0
75 1.0
81 0.9905660377358491
82 0.009433962264150943
87 0.9714285714285714
88 0.02857142857142857
93 1.0
99 1.0
100 1.0
106 0.9904761904761905
107 0.009523809523809525
112 1.0
125 1.0
131 1.0
137 1.0
143 0.9487179487179487
144 0.05128205128205128
149 1.0
156 0.8571428571428571
157 0.14285714285714285
162 0.9777777777777777
163 0.022222222222222223
168 0.9539748953974896
169 0.04602510460251046
174 1.0
187 1.0
193 1.0
199 1.0
250 1.0
256 1.0
262 0.9411764705882353
263 0.058823529411764705
268 0.9215686274509803
269 0.0784313725490196
274 1.0
293 1.0
299 1.0
375 1.0
381 1.0
387 0.9090909090909091
388 0.09090909090909091
393 0.8947368421052632
394 0.10526315789473684
399 1.0
506 1.0
512 0.9166666666666666
513 0.08333333333333333
518 0.90625
519 0.09375
524 1.0
