57 1.0
62 1.0
83 1.0
88 1.0
109 1.0
114 1.0
182 1.0
187 1.0
208 1.0
213 1.0
234 1.0
239 1.0
265 1.0
292 1.0
312 1.0
317 1.0
395 1.0
416 1.0
656 1.0
776 1.0
781 1.0
806 0.14285714285714285
807 0.8571428571428571
828 1.0
833 1.0
911 1.0
916 1.0
932 1.0
937 1.0
953 1.0
958 1.0
1036 1.0
1041 1.0
1057 1.0
1140 1.0
1145 1.0
1166 1.0
1401 1.0
1406 1.0
1427 1.0
1526 1.0
1531 1.0
1536 1.0
1552 1.0
1556 0.06666666666666667
1557 0.9333333333333333
1577 1.0
1656 1.0
1661 1.0
1677 1.0
1682 1.0
1686 1.0
1765 1.0
2010 1.0
2030 0.5
2031 0.5
2130 1.0
2151 1.0
2156 1.0
2176 0.4
2177 0.6
2182 1.0
2265 1.0
2276 1.0
2281 1.0
2286 1.0
2302 1.0
2390 1.0
2395 1.0
2411 1.0
2416 1.0
2650 1.0
2750 1.0
2765 1.0
2770 1.0
2775 0.5
2776 0.5
2781 1.0
2885 1.0
2890 1.0
2901 1.0
2906 1.0
2911 1.0
3010 1.0
3015 1.0
3020 1.0
3026 1.0
3036 1.0
3161 1.0
3187 1.0
3213 1.0
3286 1.0
3291 1.0
3307 1.0
3312 1.0
3333 1.0
3338 1.0
3359 1.0
3364 1.0
3416 1.0
3437 1.0
3458 1.0
3520 1.0
3541 1.0
3786 1.0
3812 1.0
3906 1.0
3911 1.0
3932 1.0
3958 1.0
3963 1.0
4020 1.0
4036 1.0
4057 1.0
4062 1.0
4083 1.0
4145 1.0
4161 1.0
4166 1.0
4182 1.0
4270 1.0
4531 1.0
4666 1.0
4677 1.0
4681 0.07142857142857142
4682 0.9285714285714286
4686 1.0
4781 1.0
4786 1.0
4791 1.0
4802 1.0
4806 0.5
4807 0.5
4890 1.0
4895 1.0
4911 1.0
4916 1.0
5156 1.0
5161 1.0
5276 1.0
5281 1.0
5286 1.0
5301 1.0
5385 1.0
5401 1.0
5406 1.0
5411 1.0
5416 1.0
5431 0.5
5432 0.5
5515 1.0
5520 1.0
5536 1.0
5541 1.0
5755 1.0
5760 1.0
5781 1.0
5875 1.0
5880 1.0
5885 1.0
5895 1.0
5906 1.0
6010 1.0
6015 1.0
6026 1.0
6031 1.0
6036 1.0
6135 1.0
6140 1.0
6145 1.0
6151 1.0
6156 1.0
6161 1.0
6286 1.0
6390 1.0
6395 1.0
6411 1.0
6416 1.0
6432 1.0
6437 1.0
6463 1.0
6515 1.0
6536 0.5
6537 0.5
6562 1.0
6567 1.0
6583 1.0
6588 1.0
6645 1.0
6661 1.0
6666 1.0
6692 1.0
6770 1.0
7015 1.0
7031 1.0
7036 1.0
7057 1.0
7140 1.0
7166 1.0
7182 1.0
7187 1.0
7208 1.0
7265 1.0
7270 1.0
7286 1.0
7291 1.0
7296 1.0
7312 1.0
7390 1.0
7395 1.0
7656 1.0
7661 1.0
7765 1.0
7770 1.0
7781 1.0
7786 1.0
7791 1.0
7807 1.0
7890 1.0
7895 1.0
7906 1.0
7911 1.0
7916 1.0
7931 0.25
7932 0.75
8015 1.0
8041 1.0
8255 1.0
8280 0.5
8281 0.5
8385 1.0
8390 1.0
8406 1.0
8515 1.0
8526 1.0
8531 1.0
8536 1.0
8541 1.0
8640 1.0
8645 1.0
8661 1.0
8880 1.0
8885 1.0
8906 1.0
9005 1.0
9010 1.0
9015 1.0
9026 1.0
9031 1.0
9135 1.0
9140 1.0
9151 1.0
9156 1.0
9161 1.0
9260 1.0
9265 1.0
9270 1.0
9276 1.0
9281 1.0
9286 1.0
9416 1.0
9515 1.0
9536 1.0
9541 1.0
9562 1.0
9588 1.0
9666 1.0
9682 1.0
9687 1.0
9692 1.0
9707 0.5
9708 0.5
9713 1.0
9770 1.0
9786 1.0
9791 1.0
9796 1.0
9895 1.0
9916 1.0
10156 1.0
10161 1.0
10187 1.0
10265 1.0
10270 1.0
10286 1.0
10307 1.0
10312 1.0
10317 1.0
10333 1.0
10337 1.0
10390 1.0
10395 1.0
10411 1.0
10416 1.0
10432 1.0
10436 0.16666666666666666
10437 0.8333333333333334
10515 1.0
10520 1.0
10541 1.0
10760 1.0
10781 1.0
10786 1.0
10890 1.0
10906 1.0
10911 1.0
10931 0.14285714285714285
10932 0.8571428571428571
11015 1.0
11031 1.0
11036 1.0
11041 1.0
11057 1.0
11062 1.0
11140 1.0
11145 1.0
11166 1.0
11411 1.0
11505 1.0
11510 1.0
11515 1.0
11531 1.0
11536 1.0
11635 1.0
11640 1.0
11656 1.0
11661 1.0
11665 1.0
11760 1.0
11770 1.0
11781 1.0
12005 1.0
12125 1.0
12140 1.0
12156 1.0
12265 1.0
12276 1.0
12281 1.0
12286 1.0
12390 1.0
12395 1.0
12401 1.0
12406 1.0
12411 1.0
12640 1.0
12645 1.0
12661 1.0
12666 1.0
12687 1.0
12692 1.0
12713 1.0
12765 1.0
12770 1.0
12791 1.0
12812 1.0
12817 1.0
12837 0.4
12838 0.6
12843 1.0
12890 1.0
12916 1.0
12937 1.0
12942 1.0
13020 1.0
13265 1.0
13286 1.0
13290 1.0
13390 1.0
13406 1.0
13411 1.0
13431 0.2
13432 0.8
13437 1.0
13515 1.0
13520 1.0
13536 1.0
13541 1.0
13557 1.0
13562 1.0
13645 1.0
13666 1.0
13885 1.0
13890 1.0
13911 1.0
14015 1.0
14031 1.0
14036 1.0
14057 1.0
14062 1.0
14140 1.0
14145 1.0
14156 1.0
14161 1.0
14166 1.0
14181 0.5
14182 0.5
14187 1.0
14265 1.0
14270 1.0
14286 1.0
14291 1.0
14510 1.0
14630 1.0
14635 1.0
14640 1.0
14656 1.0
14661 1.0
14765 1.0
14781 1.0
14786 1.0
14885 1.0
14890 1.0
14895 1.0
14906 1.0
14911 1.0
15135 1.0
15255 1.0
15265 1.0
15281 1.0
15385 1.0
15390 1.0
15401 1.0
15406 1.0
15410 0.3333333333333333
15411 0.6666666666666666
15510 1.0
15515 1.0
15520 1.0
15526 1.0
15531 1.0
15536 1.0
15682 1.0
15687 1.0
15708 1.0
15713 1.0
15729 1.0
15734 1.0
15739 1.0
15828 1.0
15833 1.0
15854 1.0
16281 1.0
16302 1.0
16307 1.0
16328 1.0
16333 1.0
16359 1.0
16427 1.0
16432 1.0
16452 0.03571428571428571
16453 0.9642857142857143
16458 1.0
16479 1.0
16484 1.0
16577 0.2857142857142857
16578 0.7142857142857143
16901 1.0
16906 1.0
17026 1.0
17052 1.0
17077 0.3333333333333333
17078 0.6666666666666666
17176 0.03571428571428571
17177 0.9642857142857143
17202 0.2
17203 0.8
17302 1.0
17651 1.0
17776 1.0
17801 0.2631578947368421
17802 0.7368421052631579
17901 1.0
17926 0.2
17927 0.8
18026 1.0
18250 1.0
18375 1.0
18400 0.16666666666666666
18401 0.8333333333333334
18526 1.0
18651 1.0
18781 1.0
18786 1.0
18807 1.0
18812 1.0
18833 1.0
18838 1.0
18858 0.16666666666666666
18859 0.8333333333333334
18953 1.0
18958 1.0
18963 1.0
18979 1.0
18984 1.0
18989 1.0
19411 1.0
19432 1.0
19531 1.0
19552 1.0
19557 1.0
19578 1.0
19583 1.0
19677 1.0
19703 1.0
19708 1.0
20031 1.0
20151 1.0
20156 1.0
20177 1.0
20182 1.0
20203 1.0
20302 1.0
20307 1.0
20327 0.6666666666666666
20328 0.3333333333333333
20427 1.0
20656 1.0
20776 1.0
20781 1.0
20901 1.0
20927 1.0
21026 1.0
21052 1.0
21151 1.0
21375 1.0
21400 0.5
21401 0.5
21500 1.0
21526 1.0
21650 0.038461538461538464
21651 0.9615384615384616
21775 0.2
21776 0.8
21906 1.0
21911 1.0
21932 1.0
21937 1.0
21958 1.0
21963 1.0
22057 1.0
22083 1.0
22088 1.0
22109 1.0
22114 1.0
22208 1.0
22536 1.0
22557 1.0
22656 1.0
22677 1.0
22682 1.0
22707 0.14285714285714285
22708 0.8571428571428571
22802 1.0
22807 1.0
22828 1.0
22833 1.0
23156 1.0
23276 1.0
23281 1.0
23302 1.0
23401 1.0
23427 1.0
23432 1.0
23551 0.14285714285714285
23552 0.8571428571428571
23901 1.0
23906 1.0
24026 1.0
24031 1.0
24051 0.6666666666666666
24052 0.3333333333333333
24057 1.0
24151 1.0
24176 0.2
24177 0.8
24276 1.0
24500 1.0
24526 1.0
24625 1.0
24650 0.25
24651 0.75
24776 1.0
24901 1.0
25031 1.0
25036 1.0
25062 1.0
25182 1.0
25187 1.0
25208 1.0
25213 1.0
25234 1.0
25333 1.0
25656 1.0
25682 1.0
25781 1.0
25807 1.0
25833 1.0
25927 1.0
25932 1.0
25952 1.0
25957 0.16666666666666666
25958 0.8333333333333334
26052 1.0
26281 1.0
26406 1.0
26432 1.0
26526 1.0
26531 1.0
26551 0.2222222222222222
26552 0.7777777777777778
26557 1.0
26651 1.0
26676 0.3333333333333333
26677 0.6666666666666666
27026 1.0
27031 1.0
27151 1.0
27156 1.0
27176 1.0
27276 1.0
27281 1.0
27301 0.4
27302 0.6
27625 1.0
27630 1.0
27651 1.0
27750 1.0
27775 0.16666666666666666
27776 0.8333333333333334
27901 1.0
28026 1.0
28156 1.0
28161 1.0
28286 1.0
28307 1.0
28312 1.0
28333 1.0
28338 1.0
28343 1.0
28437 1.0
28458 1.0
28463 1.0
28781 1.0
28786 1.0
28906 1.0
28911 1.0
28932 1.0
28937 1.0
28958 1.0
29057 1.0
29062 1.0
29083 1.0
29182 1.0
29531 1.0
29651 1.0
29656 1.0
29676 0.25
29677 0.75
29682 1.0
29776 1.0
29802 1.0
29807 1.0
30151 1.0
30276 1.0
30281 1.0
30306 1.0
30401 1.0
30406 1.0
30426 1.0
30431 0.25
30432 0.75
30526 1.0
30776 1.0
30781 1.0
30875 1.0
30900 1.0
31026 1.0
31031 1.0
31151 1.0
31281 1.0
31307 1.0
31312 1.0
31328 1.0
31333 1.0
31354 1.0
31359 1.0
31479 1.0
31927 1.0
31932 1.0
31953 1.0
31979 1.0
32052 1.0
32078 1.0
32104 1.0
32177 1.0
32203 1.0
32526 1.0
32651 1.0
32677 1.0
32702 0.6
32703 0.4
32776 1.0
32801 0.05263157894736842
32802 0.9473684210526315
32827 1.0
32927 1.0
33276 1.0
33401 1.0
33426 0.6666666666666666
33427 0.3333333333333333
33526 1.0
33551 1.0
33651 1.0
33875 1.0
34000 1.0
34025 0.4
34026 0.6
34125 1.0
34151 1.0
34250 1.0
34275 0.11764705882352941
34276 0.8823529411764706
34432 1.0
34437 1.0
34458 1.0
34463 1.0
34479 1.0
34484 1.0
34489 1.0
34578 1.0
34583 1.0
34604 1.0
34609 1.0
35026 1.0
35031 1.0
35052 1.0
35057 1.0
35177 1.0
35202 0.06451612903225806
35203 0.9354838709677419
35208 1.0
35228 0.25
35229 0.75
35234 1.0
35302 1.0
35327 0.2222222222222222
35328 0.7777777777777778
35651 1.0
35677 1.0
35776 1.0
35802 1.0
35827 0.5
35828 0.5
35901 1.0
35927 1.0
35952 0.75
35953 0.25
36052 1.0
36401 1.0
36526 1.0
36551 0.2222222222222222
36552 0.7777777777777778
36651 1.0
36676 0.75
36677 0.25
36776 1.0
37026 1.0
37125 1.0
37151 1.0
37276 1.0
37375 1.0
37401 1.0
37536 1.0
37557 1.0
37562 1.0
37583 1.0
37588 1.0
37609 1.0
37703 1.0
37708 1.0
37729 1.0
37733 0.14285714285714285
37734 0.8571428571428571
38151 1.0
38177 1.0
38182 1.0
38302 1.0
38328 1.0
38332 0.1111111111111111
38333 0.8888888888888888
38359 1.0
38427 1.0
38452 0.3333333333333333
38453 0.6666666666666666
38901 1.0
38927 1.0
39026 1.0
39052 1.0
39078 1.0
39176 0.14285714285714285
39177 0.8571428571428571
39526 1.0
39650 0.07692307692307693
39651 0.9230769230769231
39676 0.3333333333333333
39677 0.6666666666666666
39776 1.0
39801 0.2857142857142857
39802 0.7142857142857143
39901 1.0
40125 1.0
40150 0.5
40151 0.5
40250 1.0
40276 1.0
40375 1.0
40400 0.04
40401 0.96
40525 0.5
40526 0.5
40656 1.0
40661 1.0
40682 1.0
40687 1.0
40708 1.0
40713 1.0
40739 1.0
40807 1.0
40833 1.0
40838 1.0
40858 0.2857142857142857
40859 0.7142857142857143
40864 1.0
41281 1.0
41406 1.0
41431 0.16666666666666666
41432 0.8333333333333334
41452 0.125
41453 0.875
41458 1.0
41552 1.0
41557 1.0
41577 0.2222222222222222
41578 0.7777777777777778
41583 1.0
41901 1.0
41906 1.0
42026 1.0
42031 1.0
42052 1.0
42057 1.0
42151 1.0
42176 0.0625
42177 0.9375
42203 1.0
42276 1.0
42301 0.3333333333333333
42302 0.6666666666666666
42651 1.0
42775 0.09090909090909091
42776 0.9090909090909091
42801 0.5
42802 0.5
42901 1.0
42926 0.2
42927 0.8
43026 1.0
43250 1.0
43275 0.2
43276 0.8
43375 1.0
43401 1.0
43525 0.02631578947368421
43526 0.9736842105263158
43625 1.0
43650 0.13333333333333333
43651 0.8666666666666667
43781 1.0
43807 1.0
43812 1.0
43838 1.0
43864 1.0
43958 1.0
43963 1.0
43984 1.0
43989 1.0
44406 1.0
44432 1.0
44531 1.0
44552 1.0
44557 1.0
44583 1.0
44677 1.0
44682 1.0
44702 1.0
44708 1.0
45151 1.0
45156 1.0
45182 1.0
45276 1.0
45301 0.07142857142857142
45302 0.9285714285714286
45307 1.0
45426 0.14285714285714285
45427 0.8571428571428571
45775 0.3333333333333333
45776 0.6666666666666666
45781 1.0
45901 1.0
45927 1.0
46026 1.0
46051 0.5
46052 0.5
46151 1.0
46375 1.0
46401 1.0
46500 1.0
46525 0.6
46526 0.4
46651 1.0
46775 0.36363636363636365
46776 0.6363636363636364
46932 1.0
46953 1.0
46958 1.0
46963 1.0
46979 1.0
46984 1.0
46989 1.0
47103 0.3333333333333333
47104 0.6666666666666666
47552 1.0
47578 1.0
47603 0.16666666666666666
47604 0.8333333333333334
47677 1.0
47702 0.06666666666666667
47703 0.9333333333333333
47728 0.2
47729 0.8
47827 0.25
47828 0.75
48151 1.0
48276 1.0
48302 1.0
48327 0.2
48328 0.8
48427 1.0
48453 1.0
48526 1.0
48551 0.18181818181818182
48552 0.8181818181818182
48901 1.0
49000 1.0
49026 1.0
49052 1.0
49151 1.0
49176 1.0
49276 1.0
49500 1.0
49525 1.0
49625 1.0
49651 1.0
49750 1.0
49775 0.16666666666666666
49776 0.8333333333333334
49875 1.0
49900 0.5625
49901 0.4375
50057 1.0
50062 1.0
50083 1.0
50104 1.0
50108 0.038461538461538464
50109 0.9615384615384616
50114 1.0
50203 1.0
50229 1.0
50677 1.0
50682 1.0
50776 1.0
50802 1.0
50828 1.0
50854 1.0
50952 0.375
50953 0.625
51276 1.0
51401 1.0
51427 1.0
51453 1.0
51526 1.0
51551 0.045454545454545456
51552 0.9545454545454546
51577 0.5
51578 0.5
51676 0.2857142857142857
51677 0.7142857142857143
52026 1.0
52151 1.0
52176 0.3333333333333333
52177 0.6666666666666666
52276 1.0
52302 1.0
52401 1.0
52625 1.0
52651 1.0
52750 1.0
52776 1.0
52875 1.0
52900 0.17857142857142858
52901 0.8214285714285714
53000 1.0
53025 0.3076923076923077
53026 0.6923076923076923
53177 1.0
53182 1.0
53208 1.0
53234 1.0
53239 1.0
53328 1.0
53354 1.0
53359 1.0
53776 1.0
53802 1.0
53807 1.0
53833 1.0
53927 1.0
53953 1.0
53958 1.0
53979 1.0
54052 1.0
54077 0.25
54078 0.75
54401 1.0
54526 1.0
54552 1.0
54578 1.0
54677 1.0
54702 0.3333333333333333
54703 0.6666666666666666
54802 1.0
55151 1.0
55250 1.0
55276 1.0
55301 0.25
55302 0.75
55401 1.0
55426 0.5
55427 0.5
55526 1.0
55775 1.0
55875 1.0
55901 1.0
56000 1.0
56025 0.05263157894736842
56026 0.9473684210526315
56125 1.0
56150 0.3
56151 0.7
56307 1.0
56333 1.0
56338 1.0
56359 1.0
56364 1.0
56453 1.0
56458 1.0
56483 0.2727272727272727
56484 0.7272727272727273
56901 1.0
56906 1.0
56927 1.0
56932 1.0
56958 1.0
57052 1.0
57077 0.17647058823529413
57078 0.8235294117647058
57082 0.058823529411764705
57083 0.9411764705882353
57104 1.0
57177 1.0
57202 0.16666666666666666
57203 0.8333333333333334
57526 1.0
57531 1.0
57651 1.0
57676 0.25
57677 0.75
57776 1.0
57802 1.0
57828 1.0
57927 1.0
58275 0.16666666666666666
58276 0.8333333333333334
58401 1.0
58427 1.0
58526 1.0
58551 0.5714285714285714
58552 0.42857142857142855
58651 1.0
58875 1.0
59000 1.0
59150 0.11764705882352941
59151 0.8823529411764706
59250 1.0
59275 0.23529411764705882
59276 0.7647058823529411
59432 1.0
59437 1.0
59463 1.0
59583 1.0
59609 1.0
60031 1.0
60056 0.3333333333333333
60057 0.6666666666666666
60062 1.0
60151 1.0
60177 1.0
60182 1.0
60203 1.0
60208 1.0
60302 1.0
60327 0.1
60328 0.9
60776 1.0
60802 1.0
60807 1.0
60901 1.0
60926 0.03333333333333333
60927 0.9666666666666667
60953 1.0
61026 1.0
61051 0.14285714285714285
61052 0.8571428571428571
61401 1.0
61526 1.0
61552 1.0
61651 1.0
61676 1.0
61776 1.0
62000 1.0
62026 1.0
62125 1.0
62151 1.0
62250 1.0
62275 0.08333333333333333
62276 0.9166666666666666
62400 0.35294117647058826
62401 0.6470588235294118
62552 1.0
62557 1.0
62562 1.0
62582 0.5
62583 0.5
62604 1.0
62609 1.0
62729 1.0
63177 1.0
63202 0.3333333333333333
63203 0.6666666666666666
63228 0.1
63229 0.9
63302 1.0
63327 0.04
63328 0.96
63353 0.3333333333333333
63354 0.6666666666666666
63453 1.0
63552 1.0
63776 1.0
63801 0.5
63802 0.5
63901 1.0
63926 0.25
63927 0.75
63953 1.0
64051 0.05
64052 0.95
64077 0.25
64078 0.75
64151 1.0
64176 0.2727272727272727
64177 0.7272727272727273
64526 1.0
64625 1.0
64650 0.1
64651 0.9
64676 0.5
64677 0.5
64776 1.0
64801 1.0
64901 1.0
65125 1.0
65250 1.0
65276 1.0
65375 1.0
65401 1.0
65500 1.0
65525 0.5
65526 0.5
65677 1.0
65682 1.0
65687 1.0
65703 1.0
65708 1.0
65728 0.1
65729 0.9
65734 1.0
65739 1.0
65828 1.0
65854 1.0
66301 0.25
66302 0.75
66307 1.0
66328 1.0
66354 1.0
66427 1.0
66453 1.0
66478 0.3333333333333333
66479 0.6666666666666666
66552 1.0
66578 1.0
66901 1.0
67026 1.0
67051 0.2
67052 0.8
67078 1.0
67151 1.0
67176 0.058823529411764705
67177 0.9411764705882353
67203 1.0
67276 1.0
67302 1.0
67651 1.0
67775 0.25
67776 0.75
67801 0.14285714285714285
67802 0.8571428571428571
67901 1.0
67927 1.0
68026 1.0
68250 1.0
68275 0.5
68276 0.5
68375 1.0
68401 1.0
68500 1.0
68525 0.2857142857142857
68526 0.7142857142857143
68625 1.0
68650 0.2727272727272727
68651 0.7272727272727273
68807 1.0
68812 1.0
68833 1.0
68838 1.0
68854 1.0
68859 1.0
68864 1.0
68953 1.0
68978 0.1
68979 0.9
69427 1.0
69432 1.0
69479 1.0
69526 1.0
69552 1.0
69577 0.037037037037037035
69578 0.9629629629629629
69603 0.25
69604 0.75
69677 1.0
69703 1.0
70026 1.0
70031 1.0
70151 1.0
70176 0.2
70177 0.8
70202 0.75
70203 0.25
70276 1.0
70301 0.05555555555555555
70302 0.9444444444444444
70327 1.0
70427 1.0
70776 1.0
70900 0.3
70901 0.7
70927 1.0
71026 1.0
71052 1.0
71151 1.0
71375 1.0
71401 1.0
71500 1.0
71526 1.0
71625 1.0
71650 0.09090909090909091
71651 0.9090909090909091
71750 1.0
71775 0.25
71776 0.75
71911 1.0
71927 1.0
71932 1.0
71937 1.0
71958 1.0
71963 1.0
71984 1.0
71989 1.0
72078 1.0
72083 1.0
72104 1.0
72109 1.0
72552 1.0
72556 0.5
72557 0.5
72677 1.0
72702 0.1111111111111111
72703 0.8888888888888888
72708 1.0
72728 1.0
72802 1.0
72827 0.375
72828 0.625
73151 1.0
73276 1.0
73302 1.0
73401 1.0
73426 0.04
73427 0.96
73452 0.6666666666666666
73453 0.3333333333333333
73551 0.125
73552 0.875
73901 1.0
74025 0.08333333333333333
74026 0.9166666666666666
74051 0.25
74052 0.75
74151 1.0
74176 0.3333333333333333
74177 0.6666666666666666
74276 1.0
74500 1.0
74525 1.0
74625 1.0
74651 1.0
74750 1.0
74775 0.13636363636363635
74776 0.8636363636363636
74875 1.0
74900 0.5
74901 0.5
75036 1.0
75057 1.0
75062 1.0
75083 1.0
75088 1.0
75109 1.0
75114 1.0
75177 1.0
75203 1.0
75208 1.0
75229 1.0
75234 1.0
75651 1.0
75802 1.0
75827 0.125
75828 0.875
75833 1.0
75854 1.0
75927 1.0
75953 1.0
76276 1.0
76281 1.0
76401 1.0
76427 1.0
76453 1.0
76526 1.0
76551 0.09090909090909091
76552 0.9090909090909091
76577 0.5
76578 0.5
76651 1.0
76676 0.2222222222222222
76677 0.7777777777777778
76901 1.0
77026 1.0
77150 0.2
77151 0.8
77177 1.0
77276 1.0
77301 1.0
77401 1.0
77650 1.0
77750 1.0
77875 1.0
77900 0.05
77901 0.95
78000 1.0
78025 0.2
78026 0.8
