57 1.0
62 1.0
83 1.0
88 1.0
109 1.0
114 1.0
187 1.0
208 1.0
213 1.0
234 1.0
239 1.0
265 1.0
291 1.0
312 1.0
317 1.0
395 1.0
416 1.0
656 1.0
682 1.0
781 1.0
786 1.0
807 1.0
828 1.0
833 1.0
838 1.0
911 1.0
916 1.0
932 1.0
937 0.9
938 0.1
953 1.0
958 1.0
1036 1.0
1041 1.0
1057 1.0
1145 1.0
1166 1.0
1281 1.0
1401 1.0
1406 1.0
1411 1.0
1432 1.0
1536 1.0
1552 1.0
1557 1.0
1562 1.0
1582 0.5
1583 0.5
1656 1.0
1661 1.0
1687 1.0
1765 1.0
2010 1.0
2031 1.0
2156 1.0
2161 1.0
2176 0.125
2177 0.875
2182 1.0
2265 1.0
2286 1.0
2291 1.0
2302 1.0
2307 1.0
2395 1.0
2411 1.0
2416 1.0
2656 1.0
2765 1.0
2770 1.0
2776 1.0
2781 1.0
2885 1.0
2890 1.0
2901 1.0
2906 1.0
2911 1.0
2926 0.3333333333333333
2927 0.6666666666666666
2932 1.0
3015 1.0
3020 1.0
3036 1.0
3161 1.0
3166 1.0
3187 1.0
3213 1.0
3286 1.0
3291 1.0
3307 1.0
3312 0.5
3313 0.5
3333 1.0
3338 1.0
3359 1.0
3364 1.0
3416 1.0
3437 1.0
3442 1.0
3458 1.0
3520 1.0
3541 1.0
3786 1.0
3812 1.0
3906 1.0
3911 1.0
3932 1.0
3937 1.0
3958 1.0
3963 1.0
4020 1.0
4036 1.0
4057 1.0
4062 1.0
4082 0.2857142857142857
4083 0.7142857142857143
4145 1.0
4161 1.0
4166 1.0
4270 1.0
4531 1.0
4541 1.0
4557 1.0
4677 1.0
4682 1.0
4687 1.0
4786 1.0
4791 1.0
4807 1.0
4890 1.0
4895 1.0
4911 1.0
5156 1.0
5161 1.0
5281 1.0
5286 1.0
5302 1.0
5306 0.2222222222222222
5307 0.7777777777777778
5385 1.0
5406 1.0
5411 1.0
5416 1.0
5427 1.0
5432 1.0
5515 1.0
5520 1.0
5541 1.0
5755 1.0
5760 1.0
5780 0.3333333333333333
5781 0.6666666666666666
5885 1.0
5895 1.0
5901 1.0
5906 1.0
5911 1.0
6010 1.0
6015 1.0
6026 1.0
6031 1.0
6036 1.0
6057 1.0
6140 1.0
6145 1.0
6161 1.0
6166 1.0
6286 1.0
6395 1.0
6411 1.0
6416 1.0
6432 1.0
6437 1.0
6463 1.0
6515 1.0
6536 1.0
6562 1.0
6567 1.0
6583 1.0
6588 1.0
6593 1.0
6645 1.0
6661 1.0
6666 1.0
6692 1.0
6770 1.0
7015 1.0
7031 1.0
7036 1.0
7057 1.0
7062 1.0
7140 1.0
7166 1.0
7182 1.0
7187 1.0
7208 1.0
7213 1.0
7265 1.0
7270 1.0
7286 1.0
7291 1.0
7296 1.0
7312 1.0
7390 1.0
7395 1.0
7656 1.0
7661 1.0
7765 1.0
7770 1.0
7781 1.0
7786 1.0
7791 1.0
7807 1.0
7812 1.0
7890 1.0
7895 1.0
7911 1.0
7916 1.0
7936 0.25
7937 0.75
8015 1.0
8041 1.0
8281 1.0
8286 1.0
8390 1.0
8406 1.0
8410 0.3333333333333333
8411 0.6666666666666666
8416 1.0
8432 1.0
8437 1.0
8515 1.0
8531 1.0
8536 1.0
8541 1.0
8556 0.25
8557 0.75
8640 1.0
8645 1.0
8661 1.0
8885 1.0
8890 1.0
8906 1.0
9005 1.0
9010 1.0
9015 1.0
9031 1.0
9036 1.0
9140 1.0
9151 1.0
9156 1.0
9161 1.0
9166 1.0
9260 1.0
9270 1.0
9281 1.0
9286 1.0
9416 1.0
9515 1.0
9541 1.0
9562 1.0
9567 1.0
9588 1.0
9687 1.0
9692 1.0
9708 1.0
9713 1.0
9770 1.0
9786 1.0
9791 1.0
9796 1.0
9895 1.0
9916 1.0
10161 1.0
10166 1.0
10187 1.0
10213 1.0
10265 1.0
10270 1.0
10286 1.0
10307 1.0
10312 1.0
10317 1.0
10338 1.0
10390 1.0
10395 1.0
10411 1.0
10416 1.0
10432 1.0
10437 1.0
10515 1.0
10520 1.0
10541 1.0
10760 1.0
10765 1.0
10786 1.0
10791 1.0
10890 1.0
10906 1.0
10911 1.0
10932 1.0
10937 1.0
11036 1.0
11041 1.0
11056 0.16666666666666666
11057 0.8333333333333334
11062 1.0
11140 1.0
11145 1.0
11171 1.0
11411 1.0
11510 1.0
11520 1.0
11531 1.0
11536 1.0
11556 1.0
11635 1.0
11656 1.0
11661 1.0
11665 0.3333333333333333
11666 0.6666666666666666
11682 1.0
11760 1.0
11770 1.0
12005 1.0
12010 1.0
12031 1.0
12140 1.0
12156 1.0
12265 1.0
12281 1.0
12286 1.0
12306 1.0
12390 1.0
12395 1.0
12406 1.0
12411 1.0
12645 1.0
12661 1.0
12666 1.0
12687 1.0
12692 1.0
12713 1.0
12770 1.0
12791 1.0
12812 1.0
12817 1.0
12838 1.0
12843 1.0
12890 1.0
12916 1.0
12937 1.0
12942 1.0
13020 1.0
13265 1.0
13286 1.0
13291 1.0
13312 1.0
13390 1.0
13395 1.0
13411 1.0
13432 1.0
13437 1.0
13515 1.0
13520 1.0
13536 1.0
13541 1.0
13557 1.0
13645 1.0
13666 1.0
13885 1.0
13890 1.0
13906 1.0
13911 1.0
14015 1.0
14031 1.0
14036 1.0
14057 1.0
14062 1.0
14140 1.0
14145 1.0
14156 1.0
14161 1.0
14166 1.0
14182 1.0
14187 1.0
14265 1.0
14270 1.0
14286 1.0
14291 1.0
14515 1.0
14635 1.0
14640 1.0
14656 1.0
14661 1.0
14765 1.0
14781 1.0
14785 0.1111111111111111
14786 0.8888888888888888
14791 1.0
14890 1.0
14895 1.0
14911 1.0
14915 0.3333333333333333
14916 0.6666666666666666
15135 1.0
15260 1.0
15265 1.0
15281 1.0
15385 1.0
15390 1.0
15406 1.0
15411 1.0
15416 1.0
15515 1.0
15520 1.0
15531 1.0
15536 1.0
15541 1.0
15682 1.0
15687 1.0
15708 1.0
15713 1.0
15729 1.0
15734 1.0
15739 1.0
15828 1.0
15833 1.0
15854 1.0
15859 1.0
16281 1.0
16302 1.0
16306 0.2
16307 0.8
16328 1.0
16333 1.0
16359 1.0
16427 1.0
16432 1.0
16453 1.0
16458 1.0
16478 0.2857142857142857
16479 0.7142857142857143
16484 1.0
16578 1.0
16906 1.0
16932 1.0
17026 1.0
17051 0.125
17052 0.875
17057 1.0
17077 0.14285714285714285
17078 0.8571428571428571
17083 1.0
17177 1.0
17202 0.25
17203 0.75
17302 1.0
17651 1.0
17677 1.0
17776 1.0
17801 0.044444444444444446
17802 0.9555555555555556
17807 1.0
17901 1.0
17927 1.0
18276 1.0
18401 1.0
18426 0.5555555555555556
18427 0.4444444444444444
18526 1.0
18551 0.8181818181818182
18552 0.18181818181818182
18651 1.0
18786 1.0
18807 1.0
18812 1.0
18833 1.0
18838 1.0
18859 1.0
18958 1.0
18963 1.0
18979 1.0
18984 1.0
18989 1.0
19406 1.0
19411 1.0
19432 1.0
19552 1.0
19557 1.0
19577 0.1
19578 0.9
19583 1.0
19604 1.0
19609 1.0
19703 1.0
19708 1.0
20031 1.0
20156 1.0
20177 1.0
20182 1.0
20202 0.4
20203 0.6
20208 1.0
20302 1.0
20307 1.0
20327 0.5
20328 0.5
20333 1.0
20427 1.0
20656 1.0
20776 1.0
20781 1.0
20802 1.0
20901 1.0
20926 0.05263157894736842
20927 0.9473684210526315
20932 1.0
21026 1.0
21051 0.1111111111111111
21052 0.8888888888888888
21400 0.16666666666666666
21401 0.8333333333333334
21406 1.0
21526 1.0
21551 0.5714285714285714
21552 0.42857142857142855
21651 1.0
21676 0.16666666666666666
21677 0.8333333333333334
21776 1.0
21911 1.0
21932 1.0
21937 1.0
21958 1.0
21963 1.0
21989 1.0
22083 1.0
22088 1.0
22109 1.0
22114 1.0
22557 1.0
22561 1.0
22656 1.0
22677 1.0
22682 1.0
22687 1.0
22707 0.10526315789473684
22708 0.8947368421052632
22802 1.0
22807 1.0
22833 1.0
23156 1.0
23276 1.0
23281 1.0
23302 1.0
23307 1.0
23333 1.0
23427 1.0
23432 1.0
23453 1.0
23458 1.0
23552 1.0
23557 1.0
23901 1.0
23906 1.0
24026 1.0
24031 1.0
24051 0.05263157894736842
24052 0.9473684210526315
24057 1.0
24151 1.0
24177 1.0
24182 1.0
24505 1.0
24526 1.0
24531 1.0
24651 1.0
24656 1.0
24676 1.0
24681 1.0
24776 1.0
24781 1.0
24801 0.5
24802 0.5
24901 1.0
25036 1.0
25041 1.0
25062 1.0
25182 1.0
25187 1.0
25208 1.0
25213 1.0
25234 1.0
25239 1.0
25333 1.0
25656 1.0
25682 1.0
25687 1.0
25781 1.0
25806 0.14285714285714285
25807 0.8571428571428571
25812 1.0
25833 1.0
25932 1.0
25957 0.125
25958 0.875
26281 1.0
26406 1.0
26432 1.0
26552 1.0
26557 1.0
26582 0.5
26583 0.5
26677 1.0
26682 1.0
27031 1.0
27057 1.0
27151 1.0
27156 1.0
27176 0.1
27177 0.9
27181 0.18181818181818182
27182 0.8181818181818182
27276 1.0
27302 1.0
27307 1.0
27650 0.3333333333333333
27651 0.6666666666666666
27656 1.0
27776 1.0
27781 1.0
27801 0.5
27802 0.5
27807 1.0
27901 1.0
27906 1.0
27926 0.5
27927 0.5
27932 1.0
28026 1.0
28161 1.0
28286 1.0
28307 1.0
28312 1.0
28333 1.0
28338 1.0
28343 1.0
28364 1.0
28437 1.0
28458 1.0
28463 1.0
28781 1.0
28786 1.0
28812 1.0
28906 1.0
28911 1.0
28932 1.0
28937 1.0
28957 0.1111111111111111
28958 0.8888888888888888
28963 1.0
29057 1.0
29062 1.0
29083 1.0
29088 1.0
29182 1.0
29531 1.0
29677 1.0
29682 1.0
29707 1.0
29802 1.0
29807 1.0
30151 1.0
30156 1.0
30276 1.0
30281 1.0
30301 0.2
30302 0.8
30306 0.1111111111111111
30307 0.8888888888888888
30401 1.0
30406 1.0
30427 1.0
30431 0.1
30432 0.9
30776 1.0
30781 1.0
30901 1.0
30906 1.0
31026 1.0
31031 1.0
31052 1.0
31056 0.5
31057 0.5
31151 1.0
31281 1.0
31307 1.0
31312 1.0
31328 1.0
31333 1.0
31354 1.0
31359 1.0
31927 1.0
31932 1.0
31953 1.0
31958 1.0
31979 1.0
31984 1.0
32052 1.0
32078 1.0
32104 1.0
32526 1.0
32531 1.0
32552 1.0
32651 1.0
32676 0.125
32677 0.875
32702 0.05555555555555555
32703 0.9444444444444444
32802 1.0
32827 0.5555555555555556
32828 0.4444444444444444
33276 1.0
33302 1.0
33401 1.0
33426 0.03571428571428571
33427 0.9642857142857143
33526 1.0
33552 1.0
33901 1.0
34025 0.08333333333333333
34026 0.9166666666666666
34051 0.625
34052 0.375
34151 1.0
34176 0.5
34177 0.5
34276 1.0
34432 1.0
34437 1.0
34458 1.0
34463 1.0
34479 1.0
34484 1.0
34489 1.0
34578 1.0
34583 1.0
34604 1.0
34609 1.0
35031 1.0
35052 1.0
35057 1.0
35109 1.0
35182 1.0
35203 1.0
35208 1.0
35229 1.0
35233 0.2
35234 0.8
35328 1.0
35651 1.0
35682 1.0
35776 1.0
35781 1.0
35802 1.0
35827 0.08333333333333333
35828 0.9166666666666666
35833 1.0
35927 1.0
35952 0.1111111111111111
35953 0.8888888888888888
36401 1.0
36427 1.0
36526 1.0
36551 0.13793103448275862
36552 0.8620689655172413
36651 1.0
36676 0.5555555555555556
36677 0.4444444444444444
37026 1.0
37151 1.0
37176 1.0
37276 1.0
37301 1.0
37401 1.0
37536 1.0
37557 1.0
37562 1.0
37583 1.0
37588 1.0
37609 1.0
37708 1.0
37734 1.0
38156 1.0
38182 1.0
38208 1.0
38302 1.0
38307 1.0
38327 0.1
38328 0.9
38333 1.0
38359 1.0
38453 1.0
38781 1.0
38901 1.0
38927 1.0
38952 0.2857142857142857
38953 0.7142857142857143
38958 1.0
39052 1.0
39077 0.4
39078 0.6
39177 1.0
39526 1.0
39651 1.0
39676 0.037037037037037035
39677 0.9629629629629629
39801 0.1111111111111111
39802 0.8888888888888888
40151 1.0
40276 1.0
40301 0.3333333333333333
40302 0.6666666666666666
40401 1.0
40426 1.0
40526 1.0
40656 1.0
40661 1.0
40682 1.0
40687 1.0
40708 1.0
40713 1.0
40739 1.0
40807 1.0
40833 1.0
40838 1.0
40858 0.1
40859 0.9
40864 1.0
41281 1.0
41307 1.0
41427 1.0
41432 1.0
41453 1.0
41458 1.0
41483 1.0
41552 1.0
41578 1.0
41583 1.0
41906 1.0
42026 1.0
42031 1.0
42051 0.2
42052 0.8
42057 1.0
42078 1.0
42083 1.0
42177 1.0
42182 1.0
42202 0.5
42203 0.5
42302 1.0
42651 1.0
42677 1.0
42776 1.0
42801 0.125
42802 0.875
42901 1.0
42926 0.4444444444444444
42927 0.5555555555555556
43275 0.14285714285714285
43276 0.8571428571428571
43281 1.0
43401 1.0
43427 1.0
43526 1.0
43551 1.0
43651 1.0
43786 1.0
43807 1.0
43812 1.0
43838 1.0
43864 1.0
43958 1.0
43963 1.0
43983 0.5
43984 0.5
43989 1.0
44411 1.0
44432 1.0
44531 1.0
44557 1.0
44582 0.07142857142857142
44583 0.9285714285714286
44608 1.0
44682 1.0
44707 0.16666666666666666
44708 0.8333333333333334
45151 1.0
45156 1.0
45182 1.0
45203 1.0
45302 1.0
45307 1.0
45327 1.0
45427 1.0
45776 1.0
45781 1.0
45901 1.0
45926 0.17647058823529413
45927 0.8235294117647058
45932 1.0
46026 1.0
46051 0.14285714285714285
46052 0.8571428571428571
46375 1.0
46401 1.0
46526 1.0
46651 1.0
46677 1.0
46776 1.0
46932 1.0
46953 1.0
46958 1.0
46963 1.0
46979 1.0
46984 1.0
46989 1.0
47104 1.0
47552 1.0
47557 1.0
47578 1.0
47604 1.0
47703 1.0
47728 0.2857142857142857
47729 0.7142857142857143
47828 1.0
48151 1.0
48276 1.0
48301 0.125
48302 0.875
48327 0.0625
48328 0.9375
48427 1.0
48452 0.625
48453 0.375
48552 1.0
48776 1.0
48901 1.0
48926 0.2
48927 0.8
49026 1.0
49051 0.17857142857142858
49052 0.8214285714285714
49151 1.0
49176 0.3076923076923077
49177 0.6923076923076923
49526 1.0
49625 1.0
49650 0.1
49651 0.9
49676 0.75
49677 0.25
49776 1.0
49801 0.8
49802 0.2
49901 1.0
50057 1.0
50062 1.0
50083 1.0
50104 1.0
50109 1.0
50114 1.0
50203 1.0
50228 0.25
50229 0.75
50677 1.0
50682 1.0
50703 1.0
50708 1.0
50729 1.0
50802 1.0
50828 1.0
50853 0.16666666666666666
50854 0.8333333333333334
50953 1.0
51281 1.0
51302 1.0
51401 1.0
51426 0.14285714285714285
51427 0.8571428571428571
51452 0.3125
51453 0.6875
51552 1.0
51577 0.2727272727272727
51578 0.7272727272727273
51677 1.0
51901 1.0
52026 1.0
52052 1.0
52151 1.0
52176 0.09090909090909091
52177 0.9090909090909091
52301 0.5
52302 0.5
52526 1.0
52651 1.0
52776 1.0
52801 0.75
52802 0.25
52901 1.0
52926 1.0
53026 1.0
53182 1.0
53187 1.0
53208 1.0
53234 1.0
53239 1.0
53328 1.0
53333 1.0
53354 1.0
53359 1.0
53802 1.0
53806 0.2
53807 0.8
53833 1.0
53927 1.0
53953 1.0
53958 1.0
53979 1.0
53983 0.2
53984 0.8
54401 1.0
54406 1.0
54426 0.5
54427 0.5
54552 1.0
54577 0.1
54578 0.9
54677 1.0
54703 1.0
54802 1.0
55151 1.0
55177 1.0
55276 1.0
55301 0.047619047619047616
55302 0.9523809523809523
55401 1.0
55426 0.375
55427 0.625
55775 0.16666666666666666
55776 0.8333333333333334
55901 1.0
55926 0.3333333333333333
55927 0.6666666666666666
56026 1.0
56051 1.0
56151 1.0
56307 1.0
56312 1.0
56333 1.0
56338 1.0
56359 1.0
56364 1.0
56458 1.0
56484 1.0
56906 1.0
56932 1.0
56937 1.0
56958 1.0
57052 1.0
57077 0.11764705882352941
57078 0.8823529411764706
57083 1.0
57109 1.0
57203 1.0
57526 1.0
57531 1.0
57557 1.0
57651 1.0
57677 1.0
57682 1.0
57702 0.16666666666666666
57703 0.8333333333333334
57802 1.0
57828 1.0
57927 1.0
58151 1.0
58156 1.0
58276 1.0
58302 1.0
58401 1.0
58426 0.11538461538461539
58427 0.8846153846153846
58526 1.0
58551 0.25
58552 0.75
58901 1.0
59026 1.0
59051 1.0
59151 1.0
59276 1.0
59432 1.0
59437 1.0
59458 1.0
59463 1.0
59583 1.0
59608 0.2
59609 0.8
60031 1.0
60057 1.0
60062 1.0
60177 1.0
60182 1.0
60203 1.0
60208 1.0
60233 1.0
60328 1.0
60651 1.0
60656 1.0
60776 1.0
60802 1.0
60807 1.0
60827 0.2
60828 0.8
60833 1.0
60927 1.0
60952 0.375
60953 0.625
61052 1.0
61401 1.0
61427 1.0
61526 1.0
61551 0.09523809523809523
61552 0.9047619047619048
61651 1.0
61676 0.1111111111111111
61677 0.8888888888888888
62026 1.0
62151 1.0
62176 0.5
62177 0.5
62276 1.0
62301 0.3333333333333333
62302 0.6666666666666666
62401 1.0
62552 1.0
62557 1.0
62562 1.0
62583 1.0
62604 1.0
62609 1.0
63177 1.0
63182 1.0
63203 1.0
63208 1.0
63228 0.05555555555555555
63229 0.9444444444444444
63234 1.0
63328 1.0
63353 0.07142857142857142
63354 0.9285714285714286
63453 1.0
63776 1.0
63802 1.0
63901 1.0
63927 1.0
63952 0.14285714285714285
63953 0.8571428571428571
64052 1.0
64077 0.25
64078 0.75
64177 1.0
64526 1.0
64552 1.0
64651 1.0
64676 0.06451612903225806
64677 0.9354838709677419
64776 1.0
64801 0.13333333333333333
64802 0.8666666666666667
64901 1.0
65151 1.0
65250 1.0
65275 1.0
65301 1.0
65401 1.0
65426 1.0
65526 1.0
65682 1.0
65687 1.0
65703 1.0
65708 1.0
65729 1.0
65734 1.0
65739 1.0
66302 1.0
66307 1.0
66328 1.0
66354 1.0
66359 1.0
66427 1.0
66453 1.0
66478 0.14285714285714285
66479 0.8571428571428571
66578 1.0
66901 1.0
66906 1.0
66927 1.0
67026 1.0
67051 0.14285714285714285
67052 0.8571428571428571
67077 0.16666666666666666
67078 0.8333333333333334
67103 1.0
67177 1.0
67202 0.6
67203 0.4
67302 1.0
67526 1.0
67651 1.0
67677 1.0
67776 1.0
67801 0.058823529411764705
67802 0.9411764705882353
67827 1.0
67901 1.0
67926 0.42857142857142855
67927 0.5714285714285714
68151 1.0
68276 1.0
68401 1.0
68426 1.0
68526 1.0
68651 1.0
68807 1.0
68812 1.0
68833 1.0
68838 1.0
68858 0.037037037037037035
68859 0.9629629629629629
68864 1.0
68979 1.0
69427 1.0
69432 1.0
69453 1.0
69458 1.0
69479 1.0
69484 1.0
69552 1.0
69578 1.0
69603 0.2
69604 0.8
69609 1.0
70026 1.0
70031 1.0
70151 1.0
70177 1.0
70202 0.08333333333333333
70203 0.9166666666666666
70302 1.0
70327 0.5
70328 0.5
70776 1.0
70802 1.0
70901 1.0
70927 1.0
71026 1.0
71051 0.16666666666666666
71052 0.8333333333333334
71276 1.0
71400 0.16666666666666666
71401 0.8333333333333334
71526 1.0
71551 0.6666666666666666
71552 0.3333333333333333
71651 1.0
71676 1.0
71776 1.0
71911 1.0
71932 1.0
71937 1.0
71958 1.0
71963 1.0
71984 1.0
71989 1.0
72078 1.0
72083 1.0
72104 1.0
72109 1.0
72557 1.0
72583 1.0
72677 1.0
72703 1.0
72708 1.0
72729 1.0
72734 1.0
72828 1.0
73151 1.0
73177 1.0
73182 1.0
73276 1.0
73302 1.0
73327 0.09090909090909091
73328 0.9090909090909091
73427 1.0
73452 0.42857142857142855
73453 0.5714285714285714
73901 1.0
73926 1.0
74026 1.0
74051 0.045454545454545456
74052 0.9545454545454546
74151 1.0
74176 0.5454545454545454
74177 0.45454545454545453
74276 1.0
74526 1.0
74651 1.0
74776 1.0
74802 1.0
74901 1.0
75036 1.0
75057 1.0
75062 1.0
75083 1.0
75088 1.0
75109 1.0
75114 1.0
75208 1.0
75234 1.0
75656 1.0
75677 1.0
75682 1.0
75802 1.0
75807 1.0
75828 1.0
75833 1.0
75854 1.0
75858 0.25
75859 0.75
75953 1.0
76276 1.0
76281 1.0
76302 1.0
76401 1.0
76426 0.14285714285714285
76427 0.8571428571428571
76453 1.0
76458 1.0
76552 1.0
76577 0.125
76578 0.875
76677 1.0
76901 1.0
77026 1.0
77151 1.0
77176 0.10526315789473684
77177 0.8947368421052632
77276 1.0
77301 0.375
77302 0.625
77651 1.0
77776 1.0
77801 1.0
77901 1.0
77926 1.0
78026 1.0
