0 1.0
6 1.0
12 1.0
25 1.0
31 1.0
37 0.9444444444444444
38 0.05555555555555555
43 0.9733333333333334
44 0.02666666666666667
49 1.0
50 1.0
56 0.9882352941176471
57 0.011764705882352941
62 0.9558823529411765
63 0.04411764705882353
68 0.9788359788359788
69 0.021164021164021163
74 1.0
75 0.98
76 0.02
81 0.9722222222222222
82 0.027777777777777776
87 1.0
93 0.9705882352941176
94 0.029411764705882353
99 1.0
100 1.0
106 0.9895833333333334
107 0.010416666666666666
112 0.96
113 0.04
118 1.0
125 0.8571428571428571
126 0.14285714285714285
131 1.0
137 0.9666666666666667
138 0.03333333333333333
143 0.9761904761904762
144 0.023809523809523808
149 1.0
156 1.0
162 0.8857142857142857
163 0.11428571428571428
168 0.9306930693069307
169 0.06930693069306931
174 1.0
188 1.0
193 0.9285714285714286
194 0.07142857142857142
199 1.0
250 1.0
256 1.0
262 1.0
268 0.9803921568627451
269 0.0196078431372549
274 1.0
299 1.0
375 1.0
381 1.0
387 1.0
393 0.9655172413793104
394 0.034482758620689655
399 1.0
506 1.0
512 0.8181818181818182
513 0.18181818181818182
518 1.0
524 1.0
