57 1.0
62 1.0
83 1.0
88 1.0
104 1.0
109 1.0
114 1.0
177 1.0
182 1.0
187 1.0
203 1.0
208 1.0
213 1.0
229 1.0
234 1.0
239 1.0
265 1.0
307 1.0
312 1.0
317 1.0
395 1.0
416 1.0
437 1.0
656 1.0
776 1.0
781 1.0
802 1.0
807 1.0
828 1.0
833 1.0
901 1.0
906 1.0
911 1.0
916 1.0
927 1.0
932 1.0
937 1.0
952 0.25
953 0.75
1036 1.0
1041 1.0
1052 1.0
1057 1.0
1145 1.0
1161 1.0
1401 1.0
1406 1.0
1525 0.16666666666666666
1526 0.8333333333333334
1531 1.0
1552 1.0
1651 1.0
1656 1.0
1676 0.2
1677 0.8
1682 1.0
1765 1.0
2000 1.0
2005 1.0
2125 1.0
2151 1.0
2156 1.0
2265 1.0
2276 1.0
2281 1.0
2286 1.0
2385 1.0
2390 1.0
2395 1.0
2401 1.0
2406 1.0
2750 1.0
2765 1.0
2770 1.0
2875 1.0
2880 1.0
2885 1.0
2900 0.5
2901 0.5
2906 1.0
3000 1.0
3005 1.0
3010 1.0
3015 1.0
3020 1.0
3025 0.5
3026 0.5
3035 1.0
3161 1.0
3187 1.0
3213 1.0
3281 1.0
3286 1.0
3291 1.0
3307 1.0
3312 1.0
3333 1.0
3338 1.0
3359 1.0
3364 1.0
3411 1.0
3416 1.0
3437 1.0
3458 1.0
3520 1.0
3541 1.0
3781 1.0
3786 1.0
3906 1.0
3911 1.0
3932 1.0
3958 1.0
4015 1.0
4020 1.0
4052 1.0
4057 1.0
4062 1.0
4078 1.0
4083 1.0
4140 1.0
4156 1.0
4161 1.0
4166 1.0
4177 1.0
4182 1.0
4270 1.0
4531 1.0
4651 1.0
4656 1.0
4660 1.0
4677 1.0
4776 1.0
4781 1.0
4786 1.0
4802 1.0
4890 1.0
4895 1.0
4911 1.0
4915 1.0
5130 1.0
5250 1.0
5255 1.0
5276 1.0
5281 1.0
5385 1.0
5401 1.0
5406 1.0
5411 1.0
5510 1.0
5520 1.0
5526 1.0
5531 1.0
5536 1.0
5750 1.0
5755 1.0
5875 1.0
5880 1.0
5895 1.0
6000 1.0
6005 1.0
6010 1.0
6025 0.2
6026 0.8
6031 1.0
6125 1.0
6135 1.0
6140 1.0
6145 1.0
6151 1.0
6155 0.2
6156 0.8
6286 1.0
6390 1.0
6411 1.0
6416 1.0
6431 1.0
6437 1.0
6463 1.0
6515 1.0
6536 1.0
6557 1.0
6562 1.0
6567 1.0
6583 1.0
6588 1.0
6645 1.0
6661 1.0
6666 1.0
6687 1.0
6692 1.0
6770 1.0
7015 1.0
7031 1.0
7036 1.0
7140 1.0
7156 1.0
7166 1.0
7182 1.0
7187 1.0
7265 1.0
7270 1.0
7281 1.0
7286 1.0
7291 1.0
7302 1.0
7307 1.0
7390 1.0
7395 1.0
7630 1.0
7651 1.0
7656 1.0
7760 1.0
7765 1.0
7776 1.0
7781 1.0
7786 1.0
7885 1.0
7890 1.0
7895 1.0
7901 1.0
7906 1.0
7911 1.0
7932 1.0
8010 1.0
8015 1.0
8255 1.0
8375 1.0
8380 1.0
8385 1.0
8390 1.0
8406 1.0
8505 1.0
8510 1.0
8526 1.0
8531 1.0
8625 1.0
8635 1.0
8640 1.0
8645 1.0
8651 1.0
8656 1.0
8661 1.0
8885 1.0
9000 1.0
9005 1.0
9010 1.0
9125 1.0
9130 1.0
9135 1.0
9151 1.0
9155 0.6666666666666666
9156 0.3333333333333333
9250 1.0
9255 1.0
9260 1.0
9265 1.0
9270 1.0
9275 0.3333333333333333
9276 0.6666666666666666
9280 0.3333333333333333
9281 0.6666666666666666
9411 1.0
9515 1.0
9536 1.0
9541 1.0
9562 1.0
9588 1.0
9682 1.0
9687 1.0
9692 1.0
9713 1.0
9770 1.0
9786 1.0
9791 1.0
9796 1.0
9895 1.0
9916 1.0
10135 1.0
10156 1.0
10161 1.0
10260 1.0
10265 1.0
10270 1.0
10281 1.0
10286 1.0
10307 1.0
10312 1.0
10390 1.0
10406 1.0
10411 1.0
10416 1.0
10432 1.0
10515 1.0
10520 1.0
10541 1.0
10755 1.0
10760 1.0
10781 1.0
10890 1.0
10901 1.0
10905 0.25
10906 0.75
10932 1.0
11026 1.0
11031 1.0
11036 1.0
11041 1.0
11056 1.0
11140 1.0
11145 1.0
11161 1.0
11405 1.0
11505 1.0
11515 1.0
11635 1.0
11651 1.0
11656 1.0
11661 1.0
11760 1.0
11770 1.0
11776 1.0
11781 1.0
12005 1.0
12125 1.0
12130 1.0
12135 1.0
12250 1.0
12255 1.0
12265 1.0
12275 0.3333333333333333
12276 0.6666666666666666
12281 1.0
12375 1.0
12380 1.0
12385 1.0
12390 1.0
12395 1.0
12400 0.5
12401 0.5
12406 1.0
12640 1.0
12645 1.0
12661 1.0
12666 1.0
12687 1.0
12692 1.0
12713 1.0
12765 1.0
12770 1.0
12791 1.0
12807 1.0
12812 1.0
12817 1.0
12838 1.0
12890 1.0
12916 1.0
12937 1.0
13020 1.0
13265 1.0
13286 1.0
13385 1.0
13390 1.0
13406 1.0
13411 1.0
13432 1.0
13437 1.0
13515 1.0
13520 1.0
13531 1.0
13536 1.0
13541 1.0
13557 1.0
13562 1.0
13640 1.0
13645 1.0
13661 1.0
13666 1.0
13880 1.0
13890 1.0
14005 1.0
14015 1.0
14031 1.0
14036 1.0
14140 1.0
14151 1.0
14156 1.0
14160 0.1111111111111111
14161 0.8888888888888888
14166 1.0
14260 1.0
14265 1.0
14270 1.0
14281 1.0
14286 1.0
14291 1.0
14510 1.0
14630 1.0
14635 1.0
14640 1.0
14656 1.0
14760 1.0
14765 1.0
14776 1.0
14781 1.0
14885 1.0
14890 1.0
14895 1.0
14901 1.0
14906 1.0
14911 1.0
15130 1.0
15255 1.0
15260 1.0
15375 1.0
15380 1.0
15401 1.0
15406 1.0
15500 1.0
15505 1.0
15510 1.0
15515 1.0
15525 0.6666666666666666
15526 0.3333333333333333
15531 1.0
15656 1.0
15682 1.0
15687 1.0
15703 1.0
15708 1.0
15728 0.16666666666666666
15729 0.8333333333333334
15734 1.0
15739 1.0
15828 1.0
15833 1.0
15854 1.0
16276 1.0
16281 1.0
16302 1.0
16401 1.0
16427 1.0
16452 0.15384615384615385
16453 0.8461538461538461
16478 1.0
16552 1.0
16577 0.16666666666666666
16578 0.8333333333333334
16677 1.0
17026 1.0
17151 1.0
17177 1.0
17276 1.0
17301 0.42857142857142855
17302 0.5714285714285714
17401 1.0
17625 1.0
17750 1.0
17776 1.0
17875 1.0
17900 0.08
17901 0.92
18000 1.0
18025 0.23076923076923078
18026 0.7692307692307693
18375 1.0
18500 1.0
18625 1.0
18781 1.0
18786 1.0
18802 1.0
18807 1.0
18812 1.0
18833 1.0
18859 1.0
18906 1.0
18953 1.0
18958 1.0
18963 1.0
18984 1.0
19406 1.0
19526 1.0
19531 1.0
19552 1.0
19557 1.0
19577 0.25
19578 0.75
19583 1.0
19677 1.0
19682 1.0
19703 1.0
19802 1.0
20151 1.0
20156 1.0
20276 1.0
20302 1.0
20401 1.0
20426 0.2
20427 0.8
20526 1.0
20750 1.0
20775 1.0
20875 1.0
20901 1.0
21000 1.0
21025 0.07692307692307693
21026 0.9230769230769231
21125 1.0
21150 0.18181818181818182
21151 0.8181818181818182
21375 1.0
21500 1.0
21625 1.0
21651 1.0
21750 1.0
21906 1.0
21911 1.0
21932 1.0
21937 1.0
21958 1.0
21963 1.0
22057 1.0
22062 1.0
22082 0.041666666666666664
22083 0.9583333333333334
22088 1.0
22109 1.0
22114 1.0
22182 1.0
22208 1.0
22531 1.0
22651 1.0
22656 1.0
22682 1.0
22708 1.0
22801 0.07142857142857142
22802 0.9285714285714286
22807 1.0
22827 0.3333333333333333
22828 0.6666666666666666
22833 1.0
22927 1.0
23276 1.0
23281 1.0
23375 1.0
23401 1.0
23426 0.2
23427 0.8
23526 1.0
23551 0.4
23552 0.6
23651 1.0
23900 0.3333333333333333
23901 0.6666666666666666
24000 1.0
24025 0.5
24026 0.5
24125 1.0
24150 0.038461538461538464
24151 0.9615384615384616
24250 1.0
24275 0.1
24276 0.9
24500 1.0
24625 1.0
24750 1.0
24776 1.0
24875 1.0
25031 1.0
25036 1.0
25062 1.0
25161 1.0
25182 1.0
25187 1.0
25208 1.0
25213 1.0
25307 1.0
25333 1.0
25338 1.0
25776 1.0
25781 1.0
25807 1.0
25901 1.0
25927 1.0
25931 0.07142857142857142
25932 0.9285714285714286
26051 0.25
26052 0.75
26057 1.0
26401 1.0
26406 1.0
26526 1.0
26531 1.0
26551 0.3333333333333333
26552 0.6666666666666666
26651 1.0
26677 1.0
26776 1.0
27000 1.0
27125 1.0
27151 1.0
27250 1.0
27275 0.13043478260869565
27276 0.8695652173913043
27375 1.0
27401 1.0
27625 1.0
27750 1.0
27875 1.0
27900 0.6666666666666666
27901 0.3333333333333333
28000 1.0
28025 0.5
28026 0.5
28156 1.0
28161 1.0
28286 1.0
28307 1.0
28312 1.0
28333 1.0
28338 1.0
28343 1.0
28432 1.0
28458 1.0
28463 1.0
28906 1.0
28932 1.0
29026 1.0
29052 1.0
29057 1.0
29082 0.25
29083 0.75
29151 1.0
29177 1.0
29182 1.0
29525 0.25
29526 0.75
29531 1.0
29651 1.0
29677 1.0
29682 1.0
29776 1.0
29781 1.0
29801 0.3333333333333333
29802 0.6666666666666666
29807 1.0
29901 1.0
30250 1.0
30276 1.0
30375 1.0
30401 1.0
30500 1.0
30526 1.0
30750 1.0
30875 1.0
31000 1.0
31026 1.0
31125 1.0
31150 0.6666666666666666
31151 0.3333333333333333
31281 1.0
31302 1.0
31307 1.0
31312 1.0
31328 1.0
31333 1.0
31354 1.0
31359 1.0
31453 1.0
31478 0.25
31479 0.75
31901 1.0
31927 1.0
31953 1.0
32026 1.0
32052 1.0
32077 0.0625
32078 0.9375
32177 1.0
32202 0.3333333333333333
32203 0.6666666666666666
32302 1.0
32651 1.0
32750 1.0
32776 1.0
32802 1.0
32901 1.0
33026 1.0
33250 1.0
33375 1.0
33500 1.0
33526 1.0
33625 1.0
33650 0.5
33651 0.5
34000 1.0
34125 1.0
34250 1.0
34406 1.0
34432 1.0
34453 1.0
34458 1.0
34479 1.0
34484 1.0
34489 1.0
34578 1.0
34583 1.0
34603 0.18181818181818182
34604 0.8181818181818182
34609 1.0
35026 1.0
35031 1.0
35052 1.0
35151 1.0
35176 0.125
35177 0.875
35203 1.0
35302 1.0
35327 0.25
35328 0.75
35401 1.0
35427 1.0
35775 0.2
35776 0.8
35875 1.0
35901 1.0
35926 0.25
35927 0.75
36026 1.0
36051 0.5555555555555556
36052 0.4444444444444444
36151 1.0
36375 1.0
36500 1.0
36625 1.0
36651 1.0
36750 1.0
36775 0.2
36776 0.8
37000 1.0
37125 1.0
37250 1.0
37375 1.0
37536 1.0
37557 1.0
37562 1.0
37583 1.0
37588 1.0
37609 1.0
37651 1.0
37677 1.0
37702 0.16666666666666666
37703 0.8333333333333334
37708 1.0
37728 0.5
37729 0.5
37734 1.0
37828 1.0
38156 1.0
38276 1.0
38301 0.3333333333333333
38302 0.6666666666666666
38327 0.16666666666666666
38328 0.8333333333333334
38333 1.0
38401 1.0
38427 1.0
38452 0.2
38453 0.8
38552 1.0
38900 0.25
38901 0.75
38927 1.0
39000 1.0
39026 1.0
39051 0.2
39052 0.8
39151 1.0
39176 0.6
39177 0.4
39276 1.0
39500 1.0
39625 1.0
39750 1.0
39775 0.16666666666666666
39776 0.8333333333333334
39875 1.0
39900 0.3333333333333333
39901 0.6666666666666666
40125 1.0
40250 1.0
40375 1.0
40500 1.0
40656 1.0
40661 1.0
40682 1.0
40687 1.0
40708 1.0
40713 1.0
40739 1.0
40807 1.0
40833 1.0
40838 1.0
40859 1.0
40864 1.0
40953 1.0
41276 1.0
41401 1.0
41427 1.0
41452 0.3333333333333333
41453 0.6666666666666666
41458 1.0
41526 1.0
41552 1.0
41577 0.14285714285714285
41578 0.8571428571428571
41677 1.0
41901 1.0
42000 1.0
42026 1.0
42151 1.0
42176 0.3333333333333333
42177 0.6666666666666666
42276 1.0
42301 0.5714285714285714
42302 0.42857142857142855
42401 1.0
42625 1.0
42750 1.0
42776 1.0
42875 1.0
42900 0.05
42901 0.95
43000 1.0
43025 0.2727272727272727
43026 0.7272727272727273
43250 1.0
43375 1.0
43500 1.0
43625 1.0
43781 1.0
43807 1.0
43812 1.0
43833 1.0
43838 1.0
43864 1.0
43932 1.0
43958 1.0
43963 1.0
43984 1.0
43989 1.0
44078 1.0
44083 1.0
44406 1.0
44526 1.0
44552 1.0
44557 1.0
44582 0.3333333333333333
44583 0.6666666666666666
44677 1.0
44702 1.0
44708 1.0
44802 1.0
45125 1.0
45150 1.0
45156 1.0
45276 1.0
45302 1.0
45401 1.0
45426 1.0
45526 1.0
45750 1.0
45776 1.0
45875 1.0
45900 0.3333333333333333
45901 0.6666666666666666
46000 1.0
46025 0.0625
46026 0.9375
46125 1.0
46150 0.2857142857142857
46151 0.7142857142857143
46375 1.0
46500 1.0
46625 1.0
46750 1.0
46927 1.0
46932 1.0
46953 1.0
46958 1.0
46963 1.0
46978 0.05
46979 0.95
46984 1.0
46989 1.0
47078 1.0
47104 1.0
47552 1.0
47651 1.0
47677 1.0
47702 0.09090909090909091
47703 0.9090909090909091
47776 1.0
47802 1.0
47828 1.0
47926 0.25
47927 0.75
48250 1.0
48276 1.0
48375 1.0
48401 1.0
48426 0.5
48427 0.5
48526 1.0
48552 1.0
48625 1.0
48650 0.08333333333333333
48651 0.9166666666666666
48875 1.0
49000 1.0
49125 1.0
49150 0.2
49151 0.8
49250 1.0
49275 0.2857142857142857
49276 0.7142857142857143
49625 1.0
49750 1.0
49875 1.0
50052 1.0
50057 1.0
50062 1.0
50078 1.0
50083 1.0
50104 1.0
50108 0.047619047619047616
50109 0.9523809523809523
50114 1.0
50203 1.0
50228 0.2
50229 0.8
50677 1.0
50776 1.0
50802 1.0
50828 1.0
50901 1.0
50927 1.0
50952 0.3333333333333333
50953 0.6666666666666666
51052 1.0
51401 1.0
51500 1.0
51525 0.2
51526 0.8
51552 1.0
51651 1.0
51676 0.3333333333333333
51677 0.6666666666666666
51776 1.0
52025 0.5
52026 0.5
52125 1.0
52250 1.0
52275 0.5714285714285714
52276 0.42857142857142855
52375 1.0
52400 0.3333333333333333
52401 0.6666666666666666
52625 1.0
52750 1.0
52875 1.0
53000 1.0
53182 1.0
53208 1.0
53233 0.07142857142857142
53234 0.9285714285714286
53239 1.0
53302 1.0
53328 1.0
53354 1.0
53359 1.0
53776 1.0
53802 1.0
53901 1.0
53926 0.1111111111111111
53927 0.8888888888888888
53953 1.0
53958 1.0
54026 1.0
54052 1.0
54077 0.14285714285714285
54078 0.8571428571428571
54177 1.0
54526 1.0
54651 1.0
54676 0.14285714285714285
54677 0.8571428571428571
54776 1.0
54801 0.5
54802 0.5
54901 1.0
55250 1.0
55375 1.0
55401 1.0
55500 1.0
55525 0.14285714285714285
55526 0.8571428571428571
55875 1.0
56000 1.0
56125 1.0
56307 1.0
56333 1.0
56338 1.0
56359 1.0
56364 1.0
56453 1.0
56458 1.0
56479 1.0
56484 1.0
56578 1.0
56901 1.0
56906 1.0
57026 1.0
57052 1.0
57057 1.0
57078 1.0
57083 1.0
57151 1.0
57177 1.0
57203 1.0
57302 1.0
57651 1.0
57750 1.0
57776 1.0
57801 0.2
57802 0.8
57901 1.0
57926 0.3333333333333333
57927 0.6666666666666666
58026 1.0
58250 1.0
58375 1.0
58500 1.0
58525 0.36363636363636365
58526 0.6363636363636364
58625 1.0
58650 0.2222222222222222
58651 0.7777777777777778
59000 1.0
59125 1.0
59250 1.0
59432 1.0
59437 1.0
59463 1.0
59552 1.0
59557 1.0
59578 1.0
59583 1.0
59609 1.0
59703 1.0
59708 1.0
60031 1.0
60057 1.0
60151 1.0
60177 1.0
60208 1.0
60302 1.0
60327 0.3333333333333333
60328 0.6666666666666666
60427 1.0
60750 1.0
60775 0.25
60776 0.75
60900 0.3333333333333333
60901 0.6666666666666666
60926 0.25
60927 0.75
61026 1.0
61051 0.4
61052 0.6
61151 1.0
61500 1.0
61526 1.0
61625 1.0
61650 0.4444444444444444
61651 0.5555555555555556
61750 1.0
61775 0.3
61776 0.7
62125 1.0
62250 1.0
62375 1.0
62552 1.0
62557 1.0
62562 1.0
62578 1.0
62603 0.05263157894736842
62604 0.9473684210526315
62609 1.0
62703 1.0
62728 0.2
62729 0.8
63151 1.0
63177 1.0
63203 1.0
63276 1.0
63302 1.0
63328 1.0
63354 1.0
63426 0.047619047619047616
63427 0.9523809523809523
63452 0.2222222222222222
63453 0.7777777777777778
63526 1.0
63552 1.0
63776 1.0
63900 0.3333333333333333
63901 0.6666666666666666
64000 1.0
64026 1.0
64051 0.5
64052 0.5
64151 1.0
64176 0.6
64177 0.4
64275 0.08333333333333333
64276 0.9166666666666666
64625 1.0
64750 1.0
64775 0.5
64776 0.5
64875 1.0
64900 0.3333333333333333
64901 0.6666666666666666
65250 1.0
65375 1.0
65500 1.0
65677 1.0
65682 1.0
65703 1.0
65708 1.0
65728 0.13333333333333333
65729 0.8666666666666667
65734 1.0
65828 1.0
65853 0.3333333333333333
65854 0.6666666666666666
66276 1.0
66302 1.0
66401 1.0
66427 1.0
66452 0.07692307692307693
66453 0.9230769230769231
66552 1.0
66577 0.14285714285714285
66578 0.8571428571428571
66651 1.0
66677 1.0
66901 1.0
67026 1.0
67125 1.0
67151 1.0
67177 1.0
67276 1.0
67302 1.0
67400 0.16666666666666666
67401 0.8333333333333334
67625 1.0
67750 1.0
67875 1.0
67900 0.125
67901 0.875
68000 1.0
68025 0.3333333333333333
68026 0.6666666666666666
68250 1.0
68375 1.0
68500 1.0
68625 1.0
68802 1.0
68807 1.0
68812 1.0
68828 1.0
68833 1.0
68838 1.0
68854 1.0
68859 1.0
68953 1.0
68979 1.0
68984 1.0
69078 1.0
69427 1.0
69526 1.0
69552 1.0
69578 1.0
69651 1.0
69676 0.08333333333333333
69677 0.9166666666666666
69703 1.0
69802 1.0
70026 1.0
70125 1.0
70151 1.0
70250 1.0
70275 0.2
70276 0.8
70302 1.0
70401 1.0
70426 1.0
70526 1.0
70875 1.0
71000 1.0
71025 0.2
71026 0.8
71125 1.0
71150 0.5
71151 0.5
71375 1.0
71500 1.0
71625 1.0
71750 1.0
71906 1.0
71911 1.0
71932 1.0
71937 1.0
71958 1.0
71963 1.0
71984 1.0
71989 1.0
72052 1.0
72078 1.0
72083 1.0
72104 1.0
72109 1.0
72203 1.0
72526 1.0
72552 1.0
72651 1.0
72677 1.0
72703 1.0
72776 1.0
72802 1.0
72827 0.25
72828 0.75
72927 1.0
73276 1.0
73375 1.0
73401 1.0
73426 0.3333333333333333
73427 0.6666666666666666
73526 1.0
73551 0.25
73552 0.75
73651 1.0
73875 1.0
74000 1.0
74125 1.0
74150 0.375
74151 0.625
74250 1.0
74275 0.3333333333333333
74276 0.6666666666666666
74500 1.0
74625 1.0
74750 1.0
74875 1.0
75031 1.0
75036 1.0
75057 1.0
75083 1.0
75088 1.0
75109 1.0
75114 1.0
75177 1.0
75203 1.0
75208 1.0
75229 1.0
75234 1.0
75328 1.0
75776 1.0
75801 0.14285714285714285
75802 0.8571428571428571
75828 1.0
75927 1.0
75952 0.25
75953 0.75
76052 1.0
76276 1.0
76401 1.0
76525 0.14285714285714285
76526 0.8571428571428571
76551 0.5
76552 0.5
76651 1.0
76677 1.0
76776 1.0
77000 1.0
77125 1.0
77250 1.0
77275 0.09090909090909091
77276 0.9090909090909091
77375 1.0
77750 1.0
77875 1.0
78000 1.0
