52 1.0
57 1.0
62 1.0
83 1.0
88 1.0
104 1.0
109 1.0
114 1.0
177 1.0
182 1.0
187 1.0
203 1.0
208 1.0
213 1.0
229 1.0
234 1.0
239 1.0
265 1.0
307 1.0
312 1.0
317 1.0
395 1.0
416 1.0
437 1.0
656 1.0
776 1.0
781 1.0
802 1.0
807 1.0
828 1.0
832 0.5
833 0.5
901 1.0
906 1.0
911 1.0
916 1.0
927 1.0
931 0.1
932 0.9
953 1.0
1036 1.0
1041 1.0
1052 1.0
1057 1.0
1062 1.0
1145 1.0
1161 1.0
1400 0.16666666666666666
1401 0.8333333333333334
1406 1.0
1500 1.0
1526 1.0
1531 1.0
1552 1.0
1651 1.0
1656 1.0
1677 1.0
1681 1.0
1765 1.0
2000 1.0
2005 1.0
2125 1.0
2130 1.0
2150 1.0
2250 1.0
2265 1.0
2276 1.0
2281 1.0
2285 1.0
2375 1.0
2385 1.0
2390 1.0
2395 1.0
2400 0.2857142857142857
2401 0.7142857142857143
2405 0.5
2406 0.5
2750 1.0
2765 1.0
2770 1.0
2875 1.0
2880 1.0
2885 1.0
2905 0.6666666666666666
2906 0.3333333333333333
3000 1.0
3005 1.0
3010 1.0
3015 1.0
3020 1.0
3026 1.0
3161 1.0
3187 1.0
3213 1.0
3281 1.0
3286 1.0
3291 1.0
3307 1.0
3312 1.0
3333 1.0
3338 1.0
3359 1.0
3364 1.0
3411 1.0
3416 1.0
3432 1.0
3437 1.0
3458 1.0
3520 1.0
3541 1.0
3781 1.0
3885 1.0
3906 1.0
3911 1.0
3932 1.0
3958 1.0
4015 1.0
4020 1.0
4036 1.0
4052 1.0
4057 1.0
4140 1.0
4151 1.0
4156 1.0
4161 1.0
4166 1.0
4177 1.0
4182 1.0
4270 1.0
4526 1.0
4635 1.0
4651 1.0
4677 1.0
4776 1.0
4781 1.0
4786 1.0
4890 1.0
4895 1.0
4906 1.0
5125 1.0
5130 1.0
5250 1.0
5255 1.0
5375 1.0
5385 1.0
5401 1.0
5406 1.0
5411 1.0
5500 1.0
5510 1.0
5520 1.0
5525 0.3333333333333333
5526 0.6666666666666666
5531 1.0
5536 1.0
5750 1.0
5755 1.0
5875 1.0
5880 1.0
5890 1.0
6000 1.0
6005 1.0
6010 1.0
6025 0.6666666666666666
6026 0.3333333333333333
6125 1.0
6130 1.0
6135 1.0
6140 1.0
6145 1.0
6150 0.6666666666666666
6151 0.3333333333333333
6156 1.0
6286 1.0
6390 1.0
6406 1.0
6411 1.0
6416 1.0
6437 1.0
6458 1.0
6463 1.0
6515 1.0
6536 1.0
6557 1.0
6562 1.0
6567 1.0
6583 1.0
6587 0.3333333333333333
6588 0.6666666666666666
6645 1.0
6661 1.0
6666 1.0
6687 1.0
6692 1.0
6770 1.0
7015 1.0
7031 1.0
7135 1.0
7151 1.0
7166 1.0
7182 1.0
7187 1.0
7265 1.0
7270 1.0
7281 1.0
7286 1.0
7291 1.0
7302 1.0
7306 0.3333333333333333
7307 0.6666666666666666
7390 1.0
7395 1.0
7630 1.0
7651 1.0
7656 1.0
7760 1.0
7765 1.0
7776 1.0
7781 1.0
7786 1.0
7885 1.0
7890 1.0
7895 1.0
7901 1.0
7906 1.0
7910 0.16666666666666666
7911 0.8333333333333334
7932 1.0
8010 1.0
8015 1.0
8255 1.0
8375 1.0
8380 1.0
8385 1.0
8390 1.0
8500 1.0
8505 1.0
8510 1.0
8525 0.14285714285714285
8526 0.8571428571428571
8531 1.0
8625 1.0
8635 1.0
8640 1.0
8645 1.0
8650 0.14285714285714285
8651 0.8571428571428571
8656 1.0
8660 1.0
8885 1.0
9000 1.0
9005 1.0
9010 1.0
9125 1.0
9135 1.0
9155 1.0
9250 1.0
9255 1.0
9260 1.0
9265 1.0
9270 1.0
9276 1.0
9280 0.5
9281 0.5
9411 1.0
9515 1.0
9536 1.0
9541 1.0
9562 1.0
9588 1.0
9682 1.0
9687 1.0
9692 1.0
9713 1.0
9770 1.0
9786 1.0
9791 1.0
9796 1.0
9895 1.0
9916 1.0
10135 1.0
10161 1.0
10260 1.0
10265 1.0
10270 1.0
10281 1.0
10286 1.0
10306 0.1
10307 0.9
10312 1.0
10390 1.0
10406 1.0
10411 1.0
10416 1.0
10432 1.0
10515 1.0
10520 1.0
10541 1.0
10755 1.0
10760 1.0
10880 1.0
10890 1.0
10901 1.0
10906 1.0
10931 1.0
11026 1.0
11031 1.0
11036 1.0
11041 1.0
11140 1.0
11145 1.0
11156 1.0
11161 1.0
11380 1.0
11505 1.0
11515 1.0
11630 1.0
11635 1.0
11651 1.0
11655 0.3333333333333333
11656 0.6666666666666666
11660 1.0
11755 1.0
11760 1.0
11770 1.0
11776 1.0
11781 1.0
12005 1.0
12125 1.0
12130 1.0
12135 1.0
12250 1.0
12255 1.0
12265 1.0
12375 1.0
12380 1.0
12385 1.0
12390 1.0
12395 1.0
12400 1.0
12405 0.3333333333333333
12406 0.6666666666666666
12640 1.0
12645 1.0
12661 1.0
12666 1.0
12687 1.0
12692 1.0
12713 1.0
12765 1.0
12770 1.0
12791 1.0
12807 1.0
12812 1.0
12817 1.0
12838 1.0
12890 1.0
12911 1.0
12916 1.0
12937 1.0
13020 1.0
13260 1.0
13265 1.0
13385 1.0
13390 1.0
13406 1.0
13411 1.0
13431 0.3333333333333333
13432 0.6666666666666666
13437 1.0
13515 1.0
13520 1.0
13531 1.0
13536 1.0
13541 1.0
13557 1.0
13562 1.0
13640 1.0
13645 1.0
13661 1.0
13666 1.0
13880 1.0
13890 1.0
14005 1.0
14015 1.0
14031 1.0
14135 1.0
14140 1.0
14151 1.0
14156 1.0
14161 1.0
14166 1.0
14260 1.0
14265 1.0
14270 1.0
14276 1.0
14281 1.0
14286 1.0
14510 1.0
14630 1.0
14635 1.0
14640 1.0
14656 1.0
14760 1.0
14765 1.0
14776 1.0
14781 1.0
14880 1.0
14885 1.0
14890 1.0
14895 1.0
14901 1.0
14906 1.0
14911 1.0
15255 1.0
15260 1.0
15375 1.0
15380 1.0
15405 0.5
15406 0.5
15500 1.0
15505 1.0
15510 1.0
15515 1.0
15656 1.0
15677 1.0
15682 1.0
15687 1.0
15703 1.0
15708 1.0
15729 1.0
15734 1.0
15739 1.0
15828 1.0
15833 1.0
15854 1.0
16276 1.0
16281 1.0
16302 1.0
16401 1.0
16427 1.0
16453 1.0
16526 1.0
16552 1.0
16577 0.3333333333333333
16578 0.6666666666666666
16677 1.0
17000 1.0
17025 0.3333333333333333
17026 0.6666666666666666
17125 1.0
17150 0.2
17151 0.8
17176 0.42857142857142855
17177 0.5714285714285714
17276 1.0
17301 0.75
17302 0.25
17401 1.0
17625 1.0
17750 1.0
17875 1.0
17900 0.13333333333333333
17901 0.8666666666666667
18000 1.0
18025 0.4444444444444444
18026 0.5555555555555556
18375 1.0
18500 1.0
18625 1.0
18781 1.0
18786 1.0
18802 1.0
18807 1.0
18812 1.0
18833 1.0
18859 1.0
18906 1.0
18953 1.0
18958 1.0
18983 0.3333333333333333
18984 0.6666666666666666
19083 1.0
19406 1.0
19526 1.0
19531 1.0
19552 1.0
19557 1.0
19578 1.0
19583 1.0
19676 0.045454545454545456
19677 0.9545454545454546
19702 0.3333333333333333
19703 0.6666666666666666
19802 1.0
20125 1.0
20151 1.0
20156 1.0
20276 1.0
20301 0.1
20302 0.9
20401 1.0
20427 1.0
20526 1.0
20750 1.0
20875 1.0
21000 1.0
21026 1.0
21125 1.0
21150 0.3333333333333333
21151 0.6666666666666666
21375 1.0
21500 1.0
21625 1.0
21750 1.0
21906 1.0
21911 1.0
21932 1.0
21937 1.0
21958 1.0
21963 1.0
22052 1.0
22057 1.0
22078 1.0
22083 1.0
22088 1.0
22109 1.0
22114 1.0
22182 1.0
22208 1.0
22531 1.0
22651 1.0
22656 1.0
22677 1.0
22682 1.0
22702 1.0
22776 1.0
22802 1.0
22807 1.0
22827 0.3333333333333333
22828 0.6666666666666666
22901 1.0
22927 1.0
23250 1.0
23276 1.0
23281 1.0
23375 1.0
23401 1.0
23526 1.0
23551 0.5
23552 0.5
23651 1.0
23875 1.0
23901 1.0
24000 1.0
24026 1.0
24125 1.0
24150 0.18181818181818182
24151 0.8181818181818182
24250 1.0
24275 0.5
24276 0.5
24500 1.0
24625 1.0
24750 1.0
24875 1.0
25031 1.0
25036 1.0
25062 1.0
25161 1.0
25182 1.0
25187 1.0
25208 1.0
25213 1.0
25302 1.0
25307 1.0
25333 1.0
25776 1.0
25781 1.0
25802 1.0
25807 1.0
25901 1.0
25927 1.0
25932 1.0
26026 1.0
26052 1.0
26057 1.0
26401 1.0
26406 1.0
26526 1.0
26531 1.0
26552 1.0
26651 1.0
26677 1.0
26776 1.0
27000 1.0
27125 1.0
27150 0.5
27151 0.5
27250 1.0
27275 0.0625
27276 0.9375
27375 1.0
27400 0.2857142857142857
27401 0.7142857142857143
27625 1.0
27750 1.0
27875 1.0
28000 1.0
28025 1.0
28156 1.0
28161 1.0
28281 1.0
28286 1.0
28307 1.0
28312 1.0
28332 0.09090909090909091
28333 0.9090909090909091
28338 1.0
28343 1.0
28432 1.0
28458 1.0
28463 1.0
28901 1.0
28906 1.0
28932 1.0
29026 1.0
29031 1.0
29052 1.0
29057 1.0
29083 1.0
29151 1.0
29177 1.0
29182 1.0
29500 1.0
29526 1.0
29651 1.0
29682 1.0
29776 1.0
29801 0.25
29802 0.75
29901 1.0
30250 1.0
30375 1.0
30400 0.21052631578947367
30401 0.7894736842105263
30500 1.0
30525 0.14285714285714285
30526 0.8571428571428571
30875 1.0
31000 1.0
31025 1.0
31125 1.0
31281 1.0
31302 1.0
31307 1.0
31312 1.0
31328 1.0
31333 1.0
31354 1.0
31359 1.0
31453 1.0
31479 1.0
31901 1.0
31927 1.0
32026 1.0
32052 1.0
32078 1.0
32176 0.06666666666666667
32177 0.9333333333333333
32202 0.2
32203 0.8
32276 1.0
32302 1.0
32625 1.0
32651 1.0
32750 1.0
32775 0.2
32776 0.8
32801 1.0
32875 1.0
32901 1.0
33000 1.0
33025 0.2857142857142857
33026 0.7142857142857143
33375 1.0
33500 1.0
33525 1.0
33625 1.0
34000 1.0
34125 1.0
34250 1.0
34406 1.0
34432 1.0
34453 1.0
34458 1.0
34479 1.0
34484 1.0
34489 1.0
34578 1.0
34603 0.125
34604 0.875
35026 1.0
35052 1.0
35151 1.0
35177 1.0
35202 0.09090909090909091
35203 0.9090909090909091
35302 1.0
35327 0.16666666666666666
35328 0.8333333333333334
35401 1.0
35427 1.0
35750 1.0
35776 1.0
35875 1.0
35901 1.0
35926 0.5
35927 0.5
36026 1.0
36151 1.0
36375 1.0
36500 1.0
36625 1.0
36650 0.25
36651 0.75
36750 1.0
36775 1.0
37000 1.0
37125 1.0
37250 1.0
37375 1.0
37531 1.0
37536 1.0
37557 1.0
37562 1.0
37583 1.0
37588 1.0
37609 1.0
37651 1.0
37677 1.0
37703 1.0
37708 1.0
37729 1.0
37733 0.3333333333333333
37734 0.6666666666666666
37828 1.0
38151 1.0
38276 1.0
38302 1.0
38327 0.2
38328 0.8
38333 1.0
38401 1.0
38427 1.0
38453 1.0
38552 1.0
38875 1.0
38901 1.0
39000 1.0
39026 1.0
39051 0.5
39052 0.5
39151 1.0
39177 1.0
39275 0.125
39276 0.875
39500 1.0
39625 1.0
39750 1.0
39775 0.375
39776 0.625
39875 1.0
39900 0.25
39901 0.75
40250 1.0
40375 1.0
40500 1.0
40656 1.0
40661 1.0
40682 1.0
40687 1.0
40708 1.0
40713 1.0
40739 1.0
40807 1.0
40828 1.0
40833 1.0
40859 1.0
40864 1.0
40953 1.0
41276 1.0
41401 1.0
41427 1.0
41453 1.0
41526 1.0
41552 1.0
41578 1.0
41651 1.0
41677 1.0
42000 1.0
42025 0.125
42026 0.875
42125 1.0
42150 0.125
42151 0.875
42177 1.0
42276 1.0
42301 0.3333333333333333
42302 0.6666666666666666
42401 1.0
42625 1.0
42750 1.0
42875 1.0
42900 0.07692307692307693
42901 0.9230769230769231
43000 1.0
43026 1.0
43250 1.0
43375 1.0
43500 1.0
43625 1.0
43781 1.0
43807 1.0
43812 1.0
43833 1.0
43838 1.0
43864 1.0
43932 1.0
43957 0.043478260869565216
43958 0.9565217391304348
43963 1.0
43984 1.0
43989 1.0
44078 1.0
44083 1.0
44406 1.0
44526 1.0
44552 1.0
44557 1.0
44582 1.0
44651 1.0
44677 1.0
44682 1.0
44703 1.0
44708 1.0
44802 1.0
45125 1.0
45151 1.0
45276 1.0
45301 1.0
45401 1.0
45427 1.0
45526 1.0
45775 1.0
45875 1.0
46000 1.0
46025 0.16666666666666666
46026 0.8333333333333334
46125 1.0
46150 0.3333333333333333
46151 0.6666666666666666
46375 1.0
46500 1.0
46625 1.0
46750 1.0
46927 1.0
46932 1.0
46953 1.0
46958 1.0
46963 1.0
46978 0.05
46979 0.95
46984 1.0
46989 1.0
47078 1.0
47104 1.0
47203 1.0
47552 1.0
47651 1.0
47677 1.0
47702 0.1111111111111111
47703 0.8888888888888888
47776 1.0
47801 0.07142857142857142
47802 0.9285714285714286
47828 1.0
47901 1.0
47926 0.25
47927 0.75
48250 1.0
48275 0.5
48276 0.5
48375 1.0
48401 1.0
48427 1.0
48525 0.07692307692307693
48526 0.9230769230769231
48625 1.0
48650 0.07142857142857142
48651 0.9285714285714286
49000 1.0
49125 1.0
49150 1.0
49250 1.0
49275 1.0
49625 1.0
49750 1.0
49875 1.0
50052 1.0
50057 1.0
50062 1.0
50078 1.0
50083 1.0
50104 1.0
50109 1.0
50114 1.0
50203 1.0
50229 1.0
50651 1.0
50776 1.0
50802 1.0
50827 0.2
50828 0.8
50901 1.0
50927 1.0
50953 1.0
51026 1.0
51052 1.0
51401 1.0
51500 1.0
51526 1.0
51552 1.0
51625 1.0
51650 0.043478260869565216
51651 0.9565217391304348
51750 1.0
51776 1.0
52000 1.0
52125 1.0
52250 1.0
52275 0.3333333333333333
52276 0.6666666666666666
52375 1.0
52400 1.0
52625 1.0
52750 1.0
52875 1.0
53000 1.0
53182 1.0
53208 1.0
53234 1.0
53239 1.0
53302 1.0
53328 1.0
53333 1.0
53354 1.0
53359 1.0
53776 1.0
53802 1.0
53901 1.0
53927 1.0
53952 0.14285714285714285
53953 0.8571428571428571
54026 1.0
54051 0.058823529411764705
54052 0.9411764705882353
54077 0.14285714285714285
54078 0.8571428571428571
54151 1.0
54176 0.3333333333333333
54177 0.6666666666666666
54525 0.16666666666666666
54526 0.8333333333333334
54651 1.0
54776 1.0
54801 0.75
54802 0.25
54900 0.14285714285714285
54901 0.8571428571428571
55250 1.0
55375 1.0
55400 1.0
55500 1.0
55525 0.75
55526 0.25
55875 1.0
56000 1.0
56125 1.0
56307 1.0
56333 1.0
56338 1.0
56359 1.0
56364 1.0
56452 0.06666666666666667
56453 0.9333333333333333
56458 1.0
56479 1.0
56484 1.0
56578 1.0
56901 1.0
56906 1.0
57026 1.0
57052 1.0
57078 1.0
57151 1.0
57177 1.0
57203 1.0
57276 1.0
57302 1.0
57625 1.0
57651 1.0
57750 1.0
57776 1.0
57801 0.6666666666666666
57802 0.3333333333333333
57901 1.0
57926 1.0
58026 1.0
58051 1.0
58250 1.0
58375 1.0
58500 1.0
58525 0.25
58526 0.75
58625 1.0
58650 0.25
58651 0.75
59000 1.0
59125 1.0
59250 1.0
59437 1.0
59463 1.0
59552 1.0
59557 1.0
59578 1.0
59583 1.0
59609 1.0
59703 1.0
60031 1.0
60057 1.0
60151 1.0
60177 1.0
60203 1.0
60208 1.0
60302 1.0
60328 1.0
60401 1.0
60426 0.09090909090909091
60427 0.9090909090909091
60750 1.0
60776 1.0
60875 1.0
60901 1.0
60927 1.0
61026 1.0
61051 1.0
61125 1.0
61151 1.0
61500 1.0
61625 1.0
61650 0.3333333333333333
61651 0.6666666666666666
61750 1.0
61775 1.0
62125 1.0
62250 1.0
62375 1.0
62552 1.0
62557 1.0
62562 1.0
62578 1.0
62604 1.0
62609 1.0
62703 1.0
62729 1.0
63177 1.0
63203 1.0
63276 1.0
63328 1.0
63401 1.0
63426 0.04
63427 0.96
63452 0.2
63453 0.8
63526 1.0
63552 1.0
63651 1.0
63901 1.0
64000 1.0
64026 1.0
64150 0.07692307692307693
64151 0.9230769230769231
64250 1.0
64275 0.3
64276 0.7
64625 1.0
64750 1.0
64875 1.0
65250 1.0
65375 1.0
65500 1.0
65677 1.0
65682 1.0
65703 1.0
65729 1.0
65734 1.0
65828 1.0
65854 1.0
66276 1.0
66401 1.0
66426 0.5
66427 0.5
66453 1.0
66526 1.0
66552 1.0
66577 0.4
66578 0.6
66651 1.0
66676 0.14285714285714285
66677 0.8571428571428571
66901 1.0
67000 1.0
67026 1.0
67125 1.0
67150 0.25
67151 0.75
67176 1.0
67250 1.0
67275 0.07692307692307693
67276 0.9230769230769231
67302 1.0
67375 1.0
67401 1.0
67625 1.0
67750 1.0
67875 1.0
67901 1.0
68000 1.0
68025 0.5
68026 0.5
68250 1.0
68375 1.0
68500 1.0
68625 1.0
68802 1.0
68807 1.0
68812 1.0
68828 1.0
68833 1.0
68838 1.0
68854 1.0
68859 1.0
68953 1.0
68979 1.0
68984 1.0
69078 1.0
69401 1.0
69426 0.3333333333333333
69427 0.6666666666666666
69526 1.0
69552 1.0
69577 0.14285714285714285
69578 0.8571428571428571
69651 1.0
69677 1.0
69702 0.14285714285714285
69703 0.8571428571428571
69776 1.0
69802 1.0
70026 1.0
70125 1.0
70150 0.5
70151 0.5
70250 1.0
70276 1.0
70302 1.0
70400 0.05263157894736842
70401 0.9473684210526315
70526 1.0
70875 1.0
71000 1.0
71026 1.0
71125 1.0
71150 1.0
71375 1.0
71500 1.0
71625 1.0
71750 1.0
71906 1.0
71911 1.0
71932 1.0
71937 1.0
71958 1.0
71963 1.0
71979 1.0
71984 1.0
71989 1.0
72052 1.0
72078 1.0
72083 1.0
72103 0.3333333333333333
72104 0.6666666666666666
72109 1.0
72203 1.0
72526 1.0
72551 1.0
72651 1.0
72677 1.0
72702 0.5
72703 0.5
72776 1.0
72801 0.06666666666666667
72802 0.9333333333333333
72828 1.0
72901 1.0
72926 0.5714285714285714
72927 0.42857142857142855
73276 1.0
73375 1.0
73400 0.2
73401 0.8
73426 1.0
73525 0.038461538461538464
73526 0.9615384615384616
73551 0.5
73552 0.5
73651 1.0
73875 1.0
74000 1.0
74125 1.0
74150 0.75
74151 0.25
74250 1.0
74275 0.5
74276 0.5
74625 1.0
74750 1.0
74875 1.0
75031 1.0
75036 1.0
75052 1.0
75057 1.0
75083 1.0
75088 1.0
75109 1.0
75114 1.0
75177 1.0
75202 0.07142857142857142
75203 0.9285714285714286
75208 1.0
75229 1.0
75234 1.0
75328 1.0
75776 1.0
75802 1.0
75828 1.0
75901 1.0
75927 1.0
75952 0.16666666666666666
75953 0.8333333333333334
76026 1.0
76051 0.16666666666666666
76052 0.8333333333333334
76375 1.0
76400 0.2
76401 0.8
76500 1.0
76525 0.3333333333333333
76526 0.6666666666666666
76552 1.0
76625 1.0
76650 0.041666666666666664
76651 0.9583333333333334
76676 1.0
76775 0.1111111111111111
76776 0.8888888888888888
77000 1.0
77125 1.0
77250 1.0
77276 1.0
77375 1.0
77400 0.5
77401 0.5
77750 1.0
77875 1.0
78000 1.0
