55 1.0
60 1.0
80 1.0
85 1.0
100 1.0
105 1.0
110 1.0
176 1.0
181 1.0
186 1.0
201 1.0
206 1.0
211 1.0
226 1.0
231 1.0
236 1.0
267 1.0
307 1.0
312 1.0
317 1.0
398 1.0
418 1.0
438 1.0
655 1.0
776 1.0
781 1.0
801 1.0
806 1.0
826 1.0
831 1.0
907 1.0
912 1.0
917 1.0
927 1.0
932 1.0
937 1.0
952 1.0
957 1.0
1038 1.0
1043 1.0
1053 1.0
1058 1.0
1149 1.0
1164 1.0
1401 1.0
1406 1.0
1527 1.0
1532 1.0
1552 1.0
1653 1.0
1658 1.0
1678 1.0
1683 1.0
1769 1.0
2001 1.0
2011 1.0
2026 1.0
2127 1.0
2152 1.0
2157 1.0
2268 1.0
2278 0.8823529411764706
2279 0.11764705882352941
2283 1.0
2288 1.0
2389 1.0
2394 1.0
2399 1.0
2404 1.0
2409 1.0
2414 1.0
2752 1.0
2767 1.0
2772 1.0
2878 1.0
2883 1.0
2888 0.6666666666666666
2889 0.3333333333333333
2903 1.0
2908 1.0
3004 1.0
3009 1.0
3014 1.0
3019 1.0
3024 1.0
3029 1.0
3039 1.0
3160 0.5
3161 0.5
3185 1.0
3210 1.0
3281 1.0
3286 1.0
3291 1.0
3306 1.0
3311 1.0
3331 1.0
3336 1.0
3356 1.0
3361 1.0
3412 1.0
3417 1.0
3437 1.0
3457 1.0
3523 1.0
3543 1.0
3785 1.0
3805 1.0
3906 1.0
3911 1.0
3931 1.0
3956 1.0
4017 1.0
4022 1.0
4052 0.875
4053 0.125
4057 1.0
4062 1.0
4077 1.0
4082 1.0
4143 1.0
4158 1.0
4163 1.0
4168 1.0
4178 1.0
4183 1.0
4274 1.0
4531 1.0
4652 1.0
4657 1.0
4662 1.0
4677 1.0
4778 1.0
4783 1.0
4788 1.0
4803 1.0
4808 1.0
4894 1.0
4899 1.0
4914 1.0
4919 1.0
5127 1.0
5131 1.0
5252 1.0
5257 1.0
5277 1.0
5282 0.5
5283 0.5
5388 1.0
5403 0.9375
5404 0.0625
5408 1.0
5413 1.0
5514 1.0
5524 1.0
5529 1.0
5539 1.0
5751 1.0
5761 1.0
5877 1.0
5882 1.0
5897 1.0
5903 1.0
6003 0.8333333333333334
6004 0.16666666666666666
6008 1.0
6013 1.0
6028 1.0
6033 1.0
6129 1.0
6139 1.0
6144 1.0
6149 1.0
6154 1.0
6159 1.0
6285 1.0
6391 1.0
6411 1.0
6416 1.0
6431 1.0
6436 1.0
6461 1.0
6517 1.0
6537 1.0
6557 1.0
6562 1.0
6567 1.0
6582 1.0
6587 1.0
6648 1.0
6663 1.0
6668 1.0
6688 1.0
6693 1.0
6774 1.0
7016 1.0
7031 1.0
7036 1.0
7142 1.0
7157 1.0
7167 1.0
7182 0.9
7183 0.1
7187 1.0
7207 1.0
7268 1.0
7273 1.0
7283 1.0
7288 1.0
7293 1.0
7303 1.0
7308 1.0
7394 1.0
7399 1.0
7631 1.0
7651 1.0
7656 1.0
7762 1.0
7767 0.5
7768 0.5
7772 1.0
7777 1.0
7782 0.8
7783 0.2
7787 1.0
7888 1.0
7893 1.0
7898 1.0
7903 1.0
7908 1.0
7913 1.0
7933 1.0
8014 1.0
8019 1.0
8256 1.0
8377 1.0
8382 1.0
8387 1.0
8392 1.0
8407 1.0
8513 1.0
8528 1.0
8533 1.0
8644 1.0
8649 1.0
8654 1.0
8659 1.0
8664 1.0
8669 1.0
8886 1.0
9002 1.0
9007 1.0
9012 1.0
9128 1.0
9133 1.0
9138 1.0
9153 0.6666666666666666
9154 0.3333333333333333
9158 1.0
9254 1.0
9259 1.0
9264 1.0
9269 1.0
9274 1.0
9279 1.0
9284 1.0
9289 1.0
9410 1.0
9516 1.0
9536 1.0
9541 1.0
9561 1.0
9586 1.0
9682 1.0
9687 1.0
9692 1.0
9712 1.0
9773 1.0
9788 1.0
9793 1.0
9798 1.0
9899 1.0
9919 1.0
10136 1.0
10156 1.0
10161 0.75
10162 0.25
10267 1.0
10272 1.0
10282 1.0
10287 1.0
10307 1.0
10312 1.0
10393 1.0
10408 1.0
10413 1.0
10418 1.0
10433 1.0
10519 1.0
10524 1.0
10544 1.0
10756 1.0
10761 1.0
10781 1.0
10786 1.0
10892 1.0
10902 1.0
10907 1.0
10932 1.0
11028 1.0
11033 1.0
11038 0.8
11039 0.2
11043 1.0
11058 1.0
11144 1.0
11149 1.0
11406 1.0
11507 1.0
11517 1.0
11638 0.6666666666666666
11639 0.3333333333333333
11653 1.0
11658 1.0
11663 1.0
11764 1.0
11774 1.0
11779 1.0
11784 1.0
12006 1.0
12127 1.0
12132 1.0
12137 1.0
12253 0.75
12254 0.25
12258 1.0
12268 1.0
12278 1.0
12283 1.0
12379 1.0
12384 1.0
12389 1.0
12394 1.0
12399 1.0
12404 1.0
12409 1.0
12641 1.0
12646 1.0
12661 1.0
12666 1.0
12686 1.0
12691 1.0
12711 1.0
12767 1.0
12772 1.0
12792 1.0
12807 1.0
12812 1.0
12817 1.0
12837 1.0
12893 1.0
12918 1.0
12938 1.0
13024 1.0
13266 1.0
13286 1.0
13392 1.0
13407 1.0
13412 1.0
13432 1.0
13437 1.0
13518 1.0
13523 1.0
13533 1.0
13538 1.0
13543 1.0
13558 1.0
13563 1.0
13644 1.0
13649 1.0
13664 1.0
13669 1.0
13881 1.0
13891 1.0
14017 1.0
14032 1.0
14037 1.0
14143 1.0
14153 1.0
14158 1.0
14163 0.9
14164 0.1
14168 1.0
14264 1.0
14269 1.0
14274 1.0
14284 1.0
14289 1.0
14294 1.0
14511 1.0
14632 1.0
14637 1.0
14642 1.0
14657 0.5
14658 0.5
14763 1.0
14768 1.0
14778 1.0
14783 0.9090909090909091
14784 0.09090909090909091
14889 1.0
14894 1.0
14899 1.0
14904 1.0
14909 1.0
14914 1.0
15131 1.0
15257 1.0
15262 1.0
15378 0.75
15379 0.25
15383 1.0
15403 1.0
15408 1.0
15504 1.0
15509 1.0
15514 1.0
15519 1.0
15529 1.0
15534 1.0
15680 1.0
15685 1.0
15700 1.0
15705 1.0
15725 1.0
15730 1.0
15735 1.0
15826 1.0
15831 1.0
15851 1.0
16275 1.0
16280 1.0
16300 1.0
16401 1.0
16426 0.75
16427 0.25
16451 0.9230769230769231
16452 0.07692307692307693
16456 1.0
16476 1.0
16552 0.9047619047619048
16553 0.09523809523809523
16577 1.0
16678 1.0
17026 1.0
17152 1.0
17177 0.9090909090909091
17178 0.09090909090909091
17278 1.0
17303 1.0
17404 1.0
17626 1.0
17752 1.0
17777 1.0
17878 0.8
17879 0.2
17903 0.896551724137931
17904 0.10344827586206896
18004 1.0
18029 1.0
18377 1.0
18503 0.8125
18504 0.1875
18629 1.0
18780 1.0
18785 1.0
18800 1.0
18805 1.0
18810 1.0
18830 1.0
18855 1.0
18906 1.0
18951 1.0
18956 1.0
18961 1.0
18981 1.0
19405 1.0
19526 1.0
19551 1.0
19556 1.0
19576 0.8333333333333334
19577 0.16666666666666666
19581 1.0
19677 1.0
19682 1.0
19702 1.0
19803 1.0
20151 1.0
20156 1.0
20277 0.6666666666666666
20278 0.3333333333333333
20302 0.9444444444444444
20303 0.05555555555555555
20403 1.0
20428 1.0
20529 1.0
20751 1.0
20776 1.0
20877 1.0
20902 1.0
21003 1.0
21028 0.8823529411764706
21029 0.11764705882352941
21129 1.0
21154 1.0
21376 0.4
21377 0.6
21502 1.0
21628 0.875
21629 0.125
21653 1.0
21754 1.0
21905 1.0
21910 1.0
21930 1.0
21935 1.0
21955 1.0
21960 1.0
22056 1.0
22061 1.0
22081 1.0
22086 1.0
22106 1.0
22111 1.0
22182 1.0
22207 1.0
22530 1.0
22651 1.0
22656 1.0
22681 1.0
22706 1.0
22802 0.9642857142857143
22803 0.03571428571428571
22807 1.0
22827 1.0
22832 1.0
23276 1.0
23281 1.0
23402 1.0
23427 0.8333333333333334
23428 0.16666666666666666
23528 1.0
23553 1.0
23654 1.0
23901 0.6
23902 0.4
24002 1.0
24027 1.0
24128 0.5
24129 0.5
24153 0.9333333333333333
24154 0.06666666666666667
24254 1.0
24279 1.0
24501 1.0
24627 1.0
24753 0.875
24754 0.125
24778 1.0
24879 1.0
25030 1.0
25035 1.0
25060 1.0
25161 1.0
25181 1.0
25186 1.0
25206 0.9333333333333333
25207 0.06666666666666667
25211 1.0
25307 1.0
25332 1.0
25337 1.0
25776 1.0
25781 1.0
25806 1.0
25831 1.0
25902 1.0
25927 0.8571428571428571
25928 0.14285714285714285
25932 0.9375
25933 0.0625
26053 1.0
26401 1.0
26406 1.0
26527 1.0
26532 1.0
26552 1.0
26653 1.0
26678 1.0
26779 1.0
27001 1.0
27127 1.0
27152 1.0
27253 1.0
27278 0.92
27279 0.08
27379 1.0
27404 1.0
27626 1.0
27752 1.0
27878 0.7
27879 0.3
27903 0.6666666666666666
27904 0.3333333333333333
28004 1.0
28029 1.0
28155 1.0
28160 1.0
28286 1.0
28306 1.0
28311 1.0
28331 1.0
28336 1.0
28341 1.0
28432 1.0
28457 1.0
28462 1.0
28906 1.0
28931 0.75
28932 0.25
28956 1.0
29027 1.0
29052 1.0
29057 1.0
29062 1.0
29082 1.0
29178 1.0
29183 1.0
29526 1.0
29531 1.0
29652 0.75
29653 0.25
29677 0.5
29678 0.5
29682 1.0
29778 0.9545454545454546
29779 0.045454545454545456
29783 1.0
29803 1.0
29808 1.0
29904 1.0
30252 1.0
30277 1.0
30378 0.5
30379 0.5
30403 0.8518518518518519
30404 0.14814814814814814
30408 1.0
30504 1.0
30529 1.0
30751 1.0
30877 0.75
30878 0.25
31003 1.0
31028 1.0
31129 1.0
31154 1.0
31280 1.0
31300 1.0
31305 1.0
31310 1.0
31325 1.0
31330 1.0
31350 1.0
31355 1.0
31451 1.0
31476 1.0
31900 1.0
31925 0.75
31926 0.25
31950 1.0
32026 1.0
32051 0.6666666666666666
32052 0.3333333333333333
32076 1.0
32177 0.7692307692307693
32178 0.23076923076923078
32202 1.0
32303 1.0
32526 1.0
32651 1.0
32677 1.0
32752 1.0
32777 0.875
32778 0.125
32802 1.0
32903 1.0
32928 1.0
33029 1.0
33251 1.0
33377 1.0
33503 0.875
33504 0.125
33528 0.875
33529 0.125
33629 1.0
33654 1.0
34002 1.0
34128 0.9090909090909091
34129 0.09090909090909091
34254 1.0
34405 1.0
34430 1.0
34450 1.0
34455 1.0
34475 1.0
34480 1.0
34485 1.0
34576 1.0
34581 1.0
34601 1.0
34606 1.0
35025 1.0
35030 1.0
35050 1.0
35151 1.0
35176 0.9090909090909091
35177 0.09090909090909091
35201 0.85
35202 0.15
35206 1.0
35302 0.9444444444444444
35303 0.05555555555555555
35327 1.0
35428 1.0
35776 1.0
35877 1.0
35902 0.8571428571428571
35903 0.14285714285714285
35927 0.8333333333333334
35928 0.16666666666666666
36028 0.8333333333333334
36029 0.16666666666666666
36053 1.0
36154 1.0
36376 0.5
36377 0.5
36502 1.0
36628 0.8571428571428571
36629 0.14285714285714285
36653 0.9411764705882353
36654 0.058823529411764705
36754 1.0
36779 1.0
37001 1.0
37127 1.0
37253 1.0
37379 1.0
37535 1.0
37555 1.0
37560 1.0
37580 1.0
37585 1.0
37605 1.0
37676 1.0
37701 1.0
37706 1.0
37726 1.0
37731 1.0
37827 1.0
38155 1.0
38276 1.0
38301 0.7777777777777778
38302 0.2222222222222222
38326 1.0
38331 1.0
38402 1.0
38427 0.9
38428 0.1
38452 1.0
38553 1.0
38901 1.0
38926 1.0
39002 1.0
39027 0.8571428571428571
39028 0.14285714285714285
39052 0.8333333333333334
39053 0.16666666666666666
39153 0.9615384615384616
39154 0.038461538461538464
39178 1.0
39279 1.0
39501 1.0
39627 1.0
39753 1.0
39778 1.0
39879 1.0
39904 1.0
40126 1.0
40252 1.0
40378 1.0
40504 1.0
40655 1.0
40660 1.0
40680 1.0
40685 1.0
40705 1.0
40710 1.0
40735 1.0
40806 1.0
40831 1.0
40836 1.0
40856 1.0
40861 1.0
40952 1.0
41280 1.0
41401 1.0
41426 1.0
41431 1.0
41451 1.0
41456 1.0
41527 1.0
41552 0.95
41553 0.05
41577 1.0
41678 1.0
41900 1.0
42001 1.0
42026 1.0
42152 0.7777777777777778
42153 0.2222222222222222
42177 0.875
42178 0.125
42278 1.0
42303 1.0
42404 1.0
42626 1.0
42752 1.0
42777 0.6666666666666666
42778 0.3333333333333333
42878 0.6666666666666666
42879 0.3333333333333333
42903 0.92
42904 0.08
43004 1.0
43029 1.0
43251 1.0
43377 1.0
43503 1.0
43629 1.0
43780 1.0
43805 1.0
43810 1.0
43835 1.0
43860 1.0
43931 1.0
43956 1.0
43961 1.0
43981 1.0
43986 1.0
44077 1.0
44082 1.0
44405 1.0
44526 1.0
44551 1.0
44556 1.0
44581 1.0
44677 1.0
44702 1.0
44707 1.0
44803 1.0
45151 1.0
45156 1.0
45277 0.75
45278 0.25
45302 1.0
45403 1.0
45428 1.0
45529 1.0
45751 1.0
45776 1.0
45877 1.0
45902 1.0
46004 1.0
46028 1.0
46129 1.0
46154 1.0
46376 0.5
46377 0.5
46502 1.0
46628 1.0
46653 1.0
46754 1.0
46925 1.0
46930 1.0
46950 1.0
46955 1.0
46960 1.0
46975 0.9473684210526315
46976 0.05263157894736842
46980 1.0
46985 1.0
47076 1.0
47101 1.0
47550 1.0
47651 1.0
47676 1.0
47701 1.0
47726 1.0
47802 1.0
47827 1.0
47928 1.0
48251 1.0
48276 1.0
48377 1.0
48402 0.5
48403 0.5
48427 0.8
48428 0.2
48528 0.96
48529 0.04
48553 1.0
48629 1.0
48654 1.0
48876 0.5
48877 0.5
49002 0.8571428571428571
49003 0.14285714285714285
49128 0.8
49129 0.2
49153 0.8571428571428571
49154 0.14285714285714285
49254 1.0
49279 1.0
49627 0.8
49628 0.2
49753 0.875
49754 0.125
49879 1.0
50050 1.0
50055 1.0
50060 1.0
50075 0.5
50076 0.5
50080 1.0
50100 1.0
50105 1.0
50110 1.0
50201 1.0
50226 1.0
50675 1.0
50776 1.0
50801 1.0
50826 0.8571428571428571
50827 0.14285714285714285
50902 1.0
50927 0.8
50928 0.2
50952 1.0
51053 1.0
51401 1.0
51427 1.0
51502 1.0
51527 0.7142857142857143
51528 0.2857142857142857
51552 0.6666666666666666
51553 0.3333333333333333
51653 1.0
51678 1.0
51779 1.0
52026 1.0
52127 1.0
52253 0.75
52254 0.25
52278 0.9
52279 0.1
52379 1.0
52404 1.0
52626 1.0
52752 1.0
52878 1.0
53004 1.0
53176 1.0
53180 1.0
53205 1.0
53230 1.0
53235 1.0
53326 1.0
53351 1.0
53356 1.0
53775 1.0
53805 1.0
53901 1.0
53926 1.0
53951 0.8333333333333334
53952 0.16666666666666666
53956 1.0
54052 0.9444444444444444
54053 0.05555555555555555
54077 1.0
54178 1.0
54526 1.0
54652 1.0
54677 1.0
54778 0.9333333333333333
54779 0.06666666666666667
54803 1.0
54904 1.0
55127 1.0
55252 1.0
55378 0.8
55379 0.2
55403 1.0
55504 1.0
55529 1.0
55877 1.0
56003 0.7777777777777778
56004 0.2222222222222222
56129 1.0
56305 1.0
56330 1.0
56335 1.0
56355 0.8571428571428571
56356 0.14285714285714285
56360 1.0
56451 1.0
56456 1.0
56476 1.0
56481 1.0
56577 1.0
56905 1.0
57026 1.0
57051 0.8571428571428571
57052 0.14285714285714285
57056 1.0
57076 0.9375
57077 0.0625
57081 1.0
57152 1.0
57177 0.9230769230769231
57178 0.07692307692307693
57202 1.0
57303 1.0
57526 1.0
57651 1.0
57752 1.0
57777 1.0
57802 0.8333333333333334
57803 0.16666666666666666
57903 1.0
57928 1.0
58029 1.0
58251 1.0
58276 1.0
58377 1.0
58503 1.0
58528 0.7857142857142857
58529 0.21428571428571427
58629 1.0
58654 1.0
59002 1.0
59128 0.8333333333333334
59129 0.16666666666666666
59254 1.0
59430 1.0
59435 1.0
59460 1.0
59551 1.0
59556 1.0
59576 1.0
59581 1.0
59606 1.0
59702 1.0
59707 1.0
60030 1.0
60055 1.0
60151 1.0
60176 0.75
60177 0.25
60201 0.3333333333333333
60202 0.6666666666666666
60206 1.0
60302 0.875
60303 0.125
60327 1.0
60428 1.0
60751 1.0
60776 1.0
60902 1.0
60927 0.7272727272727273
60928 0.2727272727272727
61028 1.0
61053 1.0
61154 1.0
61502 1.0
61527 1.0
61629 1.0
61653 0.7857142857142857
61654 0.21428571428571427
61754 1.0
61779 1.0
62127 1.0
62253 0.7777777777777778
62254 0.2222222222222222
62379 1.0
62550 1.0
62555 1.0
62560 1.0
62575 1.0
62600 0.9047619047619048
62601 0.09523809523809523
62605 1.0
62701 1.0
62726 1.0
63150 1.0
63175 1.0
63200 0.6666666666666666
63201 0.3333333333333333
63276 1.0
63301 0.5
63302 0.5
63326 0.8333333333333334
63327 0.16666666666666666
63351 1.0
63427 0.95
63428 0.05
63452 1.0
63528 1.0
63775 1.0
63901 1.0
64002 1.0
64027 0.875
64028 0.125
64052 1.0
64153 0.9
64154 0.1
64178 1.0
64279 1.0
64627 1.0
64753 0.9090909090909091
64754 0.09090909090909091
64778 1.0
64879 1.0
64904 1.0
65127 1.0
65252 1.0
65378 1.0
65504 1.0
65675 1.0
65680 1.0
65700 1.0
65705 1.0
65725 1.0
65730 1.0
65826 1.0
65851 1.0
66275 1.0
66300 1.0
66401 1.0
66426 1.0
66451 0.9333333333333333
66452 0.06666666666666667
66552 1.0
66577 1.0
66653 1.0
66678 1.0
66900 1.0
67026 0.8
67027 0.2
67127 1.0
67152 1.0
67177 1.0
67278 0.8947368421052632
67279 0.10526315789473684
67303 1.0
67404 1.0
67626 1.0
67752 1.0
67878 1.0
67903 0.7272727272727273
67904 0.2727272727272727
68004 1.0
68029 1.0
68251 1.0
68377 0.8333333333333334
68378 0.16666666666666666
68503 1.0
68629 1.0
68800 1.0
68805 1.0
68810 1.0
68825 1.0
68830 1.0
68835 1.0
68850 1.0
68855 1.0
68951 0.8888888888888888
68952 0.1111111111111111
68976 1.0
68981 1.0
69425 1.0
69526 0.6666666666666666
69527 0.3333333333333333
69551 0.8333333333333334
69552 0.16666666666666666
69576 1.0
69677 1.0
69702 1.0
69803 1.0
70025 1.0
70151 1.0
70252 1.0
70277 0.8333333333333334
70278 0.16666666666666666
70302 0.8333333333333334
70303 0.16666666666666666
70403 1.0
70428 1.0
70529 1.0
70752 1.0
70877 1.0
71003 1.0
71028 0.875
71029 0.125
71129 1.0
71154 1.0
71376 1.0
71502 1.0
71628 0.75
71629 0.25
71754 1.0
71905 1.0
71910 1.0
71930 1.0
71935 1.0
71955 1.0
71960 1.0
71980 0.9375
71981 0.0625
71985 1.0
72051 1.0
72076 1.0
72081 1.0
72101 1.0
72106 1.0
72202 1.0
72530 1.0
72550 1.0
72651 1.0
72676 0.8
72677 0.2
72701 1.0
72777 1.0
72802 1.0
72827 1.0
72928 1.0
73276 1.0
73377 1.0
73402 0.7692307692307693
73403 0.23076923076923078
73427 0.75
73428 0.25
73528 1.0
73553 0.8333333333333334
73554 0.16666666666666666
73654 1.0
73876 1.0
74002 1.0
74128 1.0
74153 1.0
74254 1.0
74279 1.0
74501 1.0
74627 1.0
74753 1.0
74879 1.0
75030 1.0
75035 1.0
75055 1.0
75080 1.0
75085 1.0
75105 1.0
75110 1.0
75176 1.0
75201 1.0
75206 1.0
75226 1.0
75231 1.0
75327 1.0
75776 1.0
75801 1.0
75826 0.8333333333333334
75827 0.16666666666666666
75927 1.0
75952 1.0
76053 1.0
76275 1.0
76401 1.0
76527 0.875
76528 0.125
76552 1.0
76653 0.9523809523809523
76654 0.047619047619047616
76678 1.0
76779 1.0
77001 1.0
77127 1.0
77253 1.0
77278 1.0
77379 1.0
77404 1.0
77752 1.0
77878 1.0
78004 1.0
