0 1.0
6 1.0
25 0.9473684210526315
26 0.05263157894736842
31 1.0
50 0.9333333333333333
51 0.06666666666666667
56 1.0
75 0.9318181818181818
76 0.06818181818181818
81 0.9863013698630136
82 0.0136986301369863
87 1.0
100 0.948051948051948
101 0.05194805194805195
106 0.9873417721518988
107 0.012658227848101266
112 1.0
125 0.9565217391304348
126 0.043478260869565216
131 1.0
150 0.9166666666666666
151 0.08333333333333333
156 0.95
157 0.05
162 1.0
175 0.7142857142857143
176 0.2857142857142857
181 0.9354838709677419
182 0.06451612903225806
187 0.9925373134328358
188 0.007462686567164179
193 1.0
200 0.5
201 0.5
206 0.8080357142857143
207 0.19196428571428573
212 0.9839142091152815
213 0.0160857908847185
218 1.0
231 0.8928571428571429
232 0.10714285714285714
237 0.9836065573770492
238 0.01639344262295082
243 1.0
250 1.0
256 0.9333333333333333
257 0.06666666666666667
275 0.7142857142857143
276 0.2857142857142857
281 0.8769230769230769
282 0.12307692307692308
287 0.9099099099099099
288 0.09009009009009009
293 0.9803921568627451
294 0.0196078431372549
299 1.0
306 0.6
307 0.4
312 0.8916666666666667
313 0.10833333333333334
318 0.9682539682539683
319 0.031746031746031744
324 1.0
331 1.0
337 0.8181818181818182
338 0.18181818181818182
343 0.9897959183673469
344 0.01020408163265306
349 1.0
375 0.9166666666666666
376 0.08333333333333333
381 0.9583333333333334
382 0.041666666666666664
387 1.0
406 0.8484848484848485
407 0.15151515151515152
412 0.8888888888888888
413 0.1111111111111111
418 0.9220338983050848
419 0.07796610169491526
424 1.0
437 0.7794117647058824
438 0.22058823529411764
443 0.9078947368421053
444 0.09210526315789473
449 1.0
500 0.7777777777777778
501 0.2222222222222222
506 0.9333333333333333
507 0.06666666666666667
512 0.9473684210526315
513 0.05263157894736842
518 1.0
524 1.0
531 0.6875
532 0.3125
537 0.7954545454545454
538 0.20454545454545456
543 0.8743961352657005
544 0.12560386473429952
549 1.0
568 0.8571428571428571
569 0.14285714285714285
574 1.0
