0 1.0
25 0.9855072463768116
26 0.014492753623188406
31 1.0
50 0.96
51 0.04
56 1.0
75 0.9699248120300752
76 0.03007518796992481
81 1.0
100 0.9607329842931938
101 0.03926701570680628
106 1.0
125 0.972972972972973
126 0.02702702702702703
131 1.0
150 0.9193548387096774
151 0.08064516129032258
156 1.0
175 0.8703703703703703
176 0.12962962962962962
181 0.9932885906040269
182 0.006711409395973154
187 1.0
200 0.7777777777777778
201 0.2222222222222222
206 0.990625
207 0.009375
225 0.7012987012987013
226 0.2987012987012987
231 0.9587628865979382
232 0.041237113402061855
237 1.0
250 1.0
256 1.0
275 0.8780487804878049
276 0.12195121951219512
281 0.9882352941176471
282 0.011764705882352941
287 1.0
300 0.46875
301 0.53125
306 0.9395348837209302
307 0.06046511627906977
312 1.0
325 0.5
326 0.5
331 0.8264840182648402
332 0.1735159817351598
337 1.0
356 0.7721518987341772
357 0.22784810126582278
362 1.0
375 1.0
381 1.0
400 0.8260869565217391
401 0.17391304347826086
406 0.9215686274509803
407 0.0784313725490196
412 1.0
425 0.5
426 0.5
431 0.8
432 0.2
437 0.9731543624161074
438 0.026845637583892617
443 1.0
456 0.559322033898305
457 0.4406779661016949
462 0.9609375
463 0.0390625
468 1.0
487 0.8636363636363636
488 0.13636363636363635
493 1.0
500 0.8333333333333334
501 0.16666666666666666
506 1.0
525 0.5625
526 0.4375
531 0.7889908256880734
532 0.21100917431192662
537 0.972972972972973
538 0.02702702702702703
543 1.0
556 0.5664335664335665
557 0.43356643356643354
562 0.9156626506024096
563 0.08433734939759036
568 1.0
581 0.25
582 0.75
587 0.6779026217228464
588 0.32209737827715357
593 1.0
