0 1.0
6 1.0
25 0.9591836734693877
26 0.04081632653061224
31 1.0
50 0.9532710280373832
51 0.04672897196261682
56 0.9902912621359223
57 0.009708737864077669
62 1.0
75 0.9463087248322147
76 0.053691275167785234
81 0.979757085020243
82 0.020242914979757085
87 1.0
100 0.9663461538461539
101 0.03365384615384615
106 0.940677966101695
107 0.059322033898305086
112 1.0
125 1.0
131 1.0
150 0.9230769230769231
151 0.07692307692307693
156 0.8809523809523809
157 0.11904761904761904
162 0.967741935483871
163 0.03225806451612903
168 1.0
175 0.3333333333333333
176 0.6666666666666666
181 0.88
182 0.12
187 0.9473684210526315
188 0.05263157894736842
193 1.0
206 0.8333333333333334
207 0.16666666666666666
212 0.9546599496221663
213 0.04534005037783375
218 1.0
231 0.6666666666666666
232 0.3333333333333333
237 0.9807692307692307
238 0.019230769230769232
250 0.9333333333333333
251 0.06666666666666667
256 1.0
262 1.0
275 1.0
281 0.9622641509433962
282 0.03773584905660377
287 0.9262295081967213
288 0.07377049180327869
293 0.9528301886792453
294 0.04716981132075472
299 1.0
306 0.5555555555555556
307 0.4444444444444444
312 0.8051470588235294
313 0.1948529411764706
318 0.9476082004555809
319 0.05239179954441914
324 1.0
337 0.9090909090909091
338 0.09090909090909091
343 1.0
349 1.0
375 0.9
376 0.1
381 0.9615384615384616
382 0.038461538461538464
387 1.0
399 1.0
406 0.9090909090909091
407 0.09090909090909091
412 0.849624060150376
413 0.15037593984962405
418 0.9046563192904656
419 0.09534368070953436
424 1.0
437 0.5
438 0.5
443 0.8832116788321168
444 0.11678832116788321
449 1.0
500 1.0
506 1.0
512 0.9166666666666666
513 0.08333333333333333
518 0.8125
519 0.1875
524 1.0
531 0.4
532 0.6
537 0.8363636363636363
538 0.16363636363636364
543 0.8804347826086957
544 0.11956521739130435
549 1.0
