0 1.0
25 0.984375
26 0.015625
31 1.0
50 0.9928057553956835
51 0.007194244604316547
56 1.0
75 0.9461883408071748
76 0.053811659192825115
81 1.0
100 0.9655172413793104
101 0.034482758620689655
106 0.9953917050691244
107 0.004608294930875576
112 1.0
125 0.9655172413793104
126 0.034482758620689655
131 1.0
150 0.9428571428571428
151 0.05714285714285714
156 0.9552238805970149
157 0.04477611940298507
162 1.0
175 0.8055555555555556
176 0.19444444444444445
181 0.9552238805970149
182 0.04477611940298507
187 1.0
200 0.8260869565217391
201 0.17391304347826086
206 0.9267139479905437
207 0.07328605200945626
212 1.0
231 0.8982035928143712
232 0.10179640718562874
237 1.0
250 1.0
256 1.0
275 0.9411764705882353
276 0.058823529411764705
281 0.9292929292929293
282 0.0707070707070707
287 1.0
293 1.0
306 0.7872340425531915
307 0.2127659574468085
312 0.96
313 0.04
318 1.0
331 0.75
332 0.25
337 0.9307875894988067
338 0.06921241050119331
343 1.0
362 1.0
368 1.0
375 0.8947368421052632
376 0.10526315789473684
381 0.8888888888888888
382 0.1111111111111111
400 1.0
406 0.9358974358974359
407 0.0641025641025641
412 0.9423076923076923
413 0.057692307692307696
418 0.9777777777777777
419 0.022222222222222223
424 1.0
431 0.6571428571428571
432 0.34285714285714286
437 0.8101545253863135
438 0.18984547461368653
443 0.979933110367893
444 0.020066889632107024
449 1.0
462 0.825
463 0.175
468 0.9240506329113924
469 0.0759493670886076
474 1.0
500 0.8235294117647058
501 0.17647058823529413
506 0.975609756097561
507 0.024390243902439025
512 1.0
531 0.8421052631578947
532 0.15789473684210525
537 0.8282208588957055
538 0.17177914110429449
543 0.912568306010929
544 0.08743169398907104
549 1.0
562 0.725925925925926
563 0.2740740740740741
568 0.890495867768595
569 0.10950413223140495
574 1.0
