0 1.0
25 0.9711538461538461
26 0.028846153846153848
31 1.0
50 0.9906542056074766
51 0.009345794392523364
56 1.0
75 0.9674267100977199
76 0.03257328990228013
81 1.0
100 0.98
101 0.02
106 1.0
125 1.0
131 1.0
150 0.9292929292929293
151 0.0707070707070707
156 1.0
175 0.9190751445086706
176 0.08092485549132948
181 1.0
200 0.8385826771653543
201 0.16141732283464566
206 1.0
225 0.8930041152263375
226 0.10699588477366255
231 1.0
250 0.95
251 0.05
256 1.0
275 0.8641975308641975
276 0.13580246913580246
281 1.0
300 0.7483443708609272
301 0.25165562913907286
306 1.0
325 0.6830601092896175
326 0.31693989071038253
331 0.9963898916967509
332 0.0036101083032490976
350 0.5522388059701493
351 0.44776119402985076
356 0.9948979591836735
357 0.00510204081632653
375 0.918918918918919
376 0.08108108108108109
381 1.0
400 0.8591549295774648
401 0.14084507042253522
406 1.0
425 0.5555555555555556
426 0.4444444444444444
431 0.9680851063829787
432 0.031914893617021274
437 1.0
450 0.28888888888888886
451 0.7111111111111111
456 0.9530201342281879
457 0.04697986577181208
462 1.0
476 1.0
481 0.8541666666666666
482 0.14583333333333334
487 1.0
500 0.9148936170212766
501 0.0851063829787234
506 1.0
525 0.7352941176470589
526 0.2647058823529412
531 0.9895833333333334
532 0.010416666666666666
550 0.4827586206896552
551 0.5172413793103449
556 0.9259259259259259
557 0.07407407407407407
562 1.0
576 1.0
581 0.7420560747663552
582 0.25794392523364484
587 1.0
606 0.65
607 0.35
612 1.0
