57 1.0
62 1.0
83 1.0
88 1.0
109 1.0
114 1.0
182 1.0
187 0.5
188 0.5
208 1.0
213 1.0
234 1.0
239 1.0
265 1.0
307 1.0
317 1.0
395 1.0
411 1.0
416 1.0
656 1.0
776 1.0
781 1.0
807 1.0
828 1.0
833 1.0
911 1.0
916 1.0
932 1.0
937 1.0
953 1.0
958 1.0
1036 1.0
1041 1.0
1057 1.0
1140 1.0
1145 1.0
1166 1.0
1401 1.0
1406 1.0
1427 1.0
1526 1.0
1531 1.0
1536 1.0
1552 1.0
1556 0.07692307692307693
1557 0.9230769230769231
1656 1.0
1661 1.0
1677 1.0
1682 1.0
1765 1.0
2005 1.0
2010 1.0
2031 1.0
2130 1.0
2151 1.0
2156 1.0
2176 0.3333333333333333
2177 0.6666666666666666
2182 1.0
2265 1.0
2276 1.0
2281 1.0
2286 1.0
2301 0.75
2302 0.25
2390 1.0
2395 1.0
2411 1.0
2416 1.0
2625 1.0
2750 1.0
2765 1.0
2770 1.0
2781 1.0
2885 1.0
2901 1.0
2906 1.0
2911 1.0
3010 1.0
3015 1.0
3020 1.0
3026 1.0
3031 1.0
3036 1.0
3161 1.0
3187 1.0
3213 1.0
3281 1.0
3286 1.0
3291 1.0
3307 1.0
3312 1.0
3333 1.0
3338 1.0
3359 1.0
3364 1.0
3416 1.0
3437 1.0
3458 1.0
3520 1.0
3541 1.0
3786 1.0
3812 1.0
3906 1.0
3911 1.0
3932 1.0
3958 1.0
3963 1.0
4015 1.0
4020 1.0
4036 1.0
4052 1.0
4057 1.0
4062 1.0
4082 0.25
4083 0.75
4145 1.0
4161 1.0
4166 1.0
4182 1.0
4270 1.0
4531 1.0
4656 1.0
4661 1.0
4666 1.0
4676 0.16666666666666666
4677 0.8333333333333334
4682 1.0
4781 1.0
4786 1.0
4791 1.0
4802 1.0
4807 1.0
4890 1.0
4895 1.0
4911 1.0
4916 1.0
5156 1.0
5161 1.0
5276 1.0
5281 1.0
5285 1.0
5385 1.0
5401 1.0
5406 1.0
5411 1.0
5416 1.0
5431 1.0
5510 1.0
5520 1.0
5536 1.0
5541 1.0
5755 1.0
5760 1.0
5781 1.0
5875 1.0
5880 1.0
5885 1.0
5895 1.0
5901 1.0
5906 1.0
6010 1.0
6015 1.0
6026 1.0
6031 1.0
6036 1.0
6135 1.0
6140 1.0
6145 1.0
6151 1.0
6156 1.0
6161 1.0
6286 1.0
6390 1.0
6395 1.0
6411 1.0
6416 1.0
6432 1.0
6437 1.0
6463 1.0
6515 1.0
6536 1.0
6557 1.0
6562 1.0
6567 1.0
6583 1.0
6588 1.0
6645 1.0
6661 1.0
6666 1.0
6692 1.0
6770 1.0
7015 1.0
7031 1.0
7036 1.0
7056 1.0
7140 1.0
7166 1.0
7182 1.0
7187 1.0
7207 0.6666666666666666
7208 0.3333333333333333
7265 1.0
7270 1.0
7286 1.0
7291 1.0
7312 1.0
7390 1.0
7395 1.0
7656 1.0
7661 1.0
7765 1.0
7770 1.0
7781 1.0
7786 1.0
7791 1.0
7807 1.0
7885 1.0
7890 1.0
7895 1.0
7901 1.0
7906 1.0
7911 1.0
7916 1.0
7932 1.0
8015 1.0
8041 1.0
8255 1.0
8281 1.0
8385 1.0
8390 1.0
8406 1.0
8515 1.0
8526 1.0
8531 1.0
8536 1.0
8541 1.0
8640 1.0
8645 1.0
8661 1.0
8880 1.0
8885 1.0
8906 1.0
9005 1.0
9010 1.0
9015 1.0
9026 1.0
9031 1.0
9135 1.0
9140 1.0
9151 1.0
9156 1.0
9161 1.0
9260 1.0
9265 1.0
9270 1.0
9276 1.0
9281 1.0
9286 1.0
9416 1.0
9515 1.0
9536 1.0
9541 1.0
9562 1.0
9588 1.0
9666 1.0
9682 1.0
9687 1.0
9692 1.0
9708 1.0
9713 1.0
9770 1.0
9786 1.0
9791 1.0
9796 1.0
9895 1.0
9916 1.0
10156 1.0
10161 1.0
10187 1.0
10265 1.0
10270 1.0
10281 1.0
10286 1.0
10307 1.0
10312 1.0
10332 0.5
10333 0.5
10390 1.0
10395 1.0
10411 1.0
10416 1.0
10432 1.0
10437 1.0
10515 1.0
10520 1.0
10541 1.0
10760 1.0
10781 1.0
10786 1.0
10890 1.0
10906 1.0
10911 1.0
10932 1.0
11015 1.0
11031 1.0
11036 1.0
11041 1.0
11057 1.0
11062 1.0
11140 1.0
11145 1.0
11165 1.0
11411 1.0
11505 1.0
11510 1.0
11515 1.0
11531 1.0
11536 1.0
11635 1.0
11640 1.0
11656 1.0
11661 1.0
11760 1.0
11770 1.0
11776 1.0
11781 1.0
12005 1.0
12125 1.0
12135 1.0
12156 1.0
12265 1.0
12276 1.0
12280 0.09090909090909091
12281 0.9090909090909091
12286 1.0
12390 1.0
12395 1.0
12401 1.0
12406 1.0
12411 1.0
12640 1.0
12645 1.0
12661 1.0
12666 1.0
12687 1.0
12692 1.0
12713 1.0
12765 1.0
12770 1.0
12791 1.0
12812 1.0
12817 1.0
12838 1.0
12843 1.0
12890 1.0
12916 1.0
12937 1.0
12942 1.0
13020 1.0
13265 1.0
13286 1.0
13390 1.0
13406 1.0
13411 1.0
13431 0.3333333333333333
13432 0.6666666666666666
13436 0.14285714285714285
13437 0.8571428571428571
13515 1.0
13520 1.0
13536 1.0
13541 1.0
13557 1.0
13640 1.0
13645 1.0
13666 1.0
13885 1.0
13890 1.0
13911 1.0
14015 1.0
14031 1.0
14036 1.0
14056 0.5
14057 0.5
14062 1.0
14140 1.0
14156 1.0
14161 1.0
14166 1.0
14181 0.3333333333333333
14182 0.6666666666666666
14186 0.5
14187 0.5
14265 1.0
14270 1.0
14281 1.0
14286 1.0
14291 1.0
14510 1.0
14630 1.0
14635 1.0
14640 1.0
14656 1.0
14661 1.0
14765 1.0
14781 1.0
14786 1.0
14885 1.0
14890 1.0
14895 1.0
14906 1.0
14911 1.0
15135 1.0
15255 1.0
15265 1.0
15280 1.0
15385 1.0
15390 1.0
15401 1.0
15406 1.0
15411 1.0
15510 1.0
15515 1.0
15520 1.0
15526 1.0
15531 1.0
15535 0.25
15536 0.75
15682 1.0
15687 1.0
15708 1.0
15713 1.0
15729 1.0
15733 0.034482758620689655
15734 0.9655172413793104
15739 1.0
15828 1.0
15833 1.0
15854 1.0
16281 1.0
16302 1.0
16307 1.0
16328 1.0
16333 1.0
16354 1.0
16427 1.0
16432 1.0
16452 0.034482758620689655
16453 0.9655172413793104
16458 1.0
16479 1.0
16484 1.0
16552 1.0
16577 0.16666666666666666
16578 0.8333333333333334
16901 1.0
17026 1.0
17052 1.0
17078 1.0
17151 1.0
17177 1.0
17202 0.4
17203 0.6
17301 0.5
17302 0.5
17651 1.0
17776 1.0
17801 0.4166666666666667
17802 0.5833333333333334
17901 1.0
17926 0.5
17927 0.5
18026 1.0
18250 1.0
18375 1.0
18401 1.0
18525 0.05714285714285714
18526 0.9428571428571428
18650 0.2222222222222222
18651 0.7777777777777778
18781 1.0
18786 1.0
18807 1.0
18812 1.0
18833 1.0
18858 0.2
18859 0.8
18953 1.0
18958 1.0
18963 1.0
18979 1.0
18984 1.0
18989 1.0
19411 1.0
19432 1.0
19531 1.0
19552 1.0
19557 1.0
19578 1.0
19583 1.0
19677 1.0
19703 1.0
19708 1.0
20031 1.0
20151 1.0
20156 1.0
20177 1.0
20182 1.0
20203 1.0
20302 1.0
20307 1.0
20327 1.0
20427 1.0
20656 1.0
20776 1.0
20781 1.0
20900 0.125
20901 0.875
20926 0.3333333333333333
20927 0.6666666666666666
21026 1.0
21051 0.6
21052 0.4
21151 1.0
21375 1.0
21401 1.0
21500 1.0
21526 1.0
21625 1.0
21651 1.0
21750 1.0
21775 0.1
21776 0.9
21906 1.0
21911 1.0
21932 1.0
21937 1.0
21958 1.0
21963 1.0
22057 1.0
22083 1.0
22088 1.0
22109 1.0
22114 1.0
22208 1.0
22536 1.0
22557 1.0
22656 1.0
22677 1.0
22682 1.0
22707 0.16666666666666666
22708 0.8333333333333334
22802 1.0
22807 1.0
22828 1.0
22833 1.0
23156 1.0
23276 1.0
23281 1.0
23401 1.0
23427 1.0
23431 0.25
23432 0.75
23526 1.0
23551 0.1
23552 0.9
23901 1.0
23906 1.0
24026 1.0
24031 1.0
24052 1.0
24057 1.0
24151 1.0
24176 0.25
24177 0.75
24276 1.0
24500 1.0
24525 1.0
24625 1.0
24651 1.0
24776 1.0
24900 0.1111111111111111
24901 0.8888888888888888
25031 1.0
25036 1.0
25062 1.0
25182 1.0
25187 1.0
25208 1.0
25213 1.0
25234 1.0
25332 0.3333333333333333
25333 0.6666666666666666
25656 1.0
25682 1.0
25781 1.0
25806 0.2
25807 0.8
25833 1.0
25927 1.0
25932 1.0
25957 0.2
25958 0.8
26052 1.0
26057 1.0
26281 1.0
26406 1.0
26432 1.0
26526 1.0
26531 1.0
26552 1.0
26556 0.1
26557 0.9
26651 1.0
26676 0.2
26677 0.8
27026 1.0
27031 1.0
27151 1.0
27156 1.0
27276 1.0
27281 1.0
27301 0.3333333333333333
27302 0.6666666666666666
27625 1.0
27630 1.0
27651 1.0
27750 1.0
27776 1.0
27901 1.0
28026 1.0
28156 1.0
28161 1.0
28286 1.0
28307 1.0
28312 1.0
28332 0.06666666666666667
28333 0.9333333333333333
28338 1.0
28343 1.0
28437 1.0
28458 1.0
28463 1.0
28781 1.0
28786 1.0
28906 1.0
28911 1.0
28932 1.0
28937 1.0
28958 1.0
29057 1.0
29062 1.0
29082 0.4
29083 0.6
29182 1.0
29526 1.0
29531 1.0
29651 1.0
29656 1.0
29676 0.16666666666666666
29677 0.8333333333333334
29682 1.0
29776 1.0
29801 0.16666666666666666
29802 0.8333333333333334
29807 1.0
30151 1.0
30276 1.0
30281 1.0
30401 1.0
30406 1.0
30431 0.6666666666666666
30432 0.3333333333333333
30526 1.0
30775 1.0
30781 1.0
30875 1.0
30901 1.0
31026 1.0
31031 1.0
31150 0.1
31151 0.9
31281 1.0
31307 1.0
31312 1.0
31328 1.0
31333 1.0
31354 1.0
31359 1.0
31453 1.0
31479 1.0
31927 1.0
31932 1.0
31953 1.0
31979 1.0
32052 1.0
32078 1.0
32104 1.0
32177 1.0
32203 1.0
32526 1.0
32651 1.0
32676 0.09090909090909091
32677 0.9090909090909091
32703 1.0
32776 1.0
32801 0.05
32802 0.95
32827 1.0
32926 0.2857142857142857
32927 0.7142857142857143
33276 1.0
33400 0.14285714285714285
33401 0.8571428571428571
33427 1.0
33526 1.0
33651 1.0
33875 1.0
34000 1.0
34026 1.0
34125 1.0
34150 0.21052631578947367
34151 0.7894736842105263
34250 1.0
34275 0.4444444444444444
34276 0.5555555555555556
34432 1.0
34437 1.0
34458 1.0
34463 1.0
34479 1.0
34484 1.0
34489 1.0
34578 1.0
34583 1.0
34603 0.14285714285714285
34604 0.8571428571428571
34609 1.0
35026 1.0
35031 1.0
35052 1.0
35057 1.0
35177 1.0
35203 1.0
35208 1.0
35228 0.3333333333333333
35229 0.6666666666666666
35234 1.0
35302 1.0
35327 0.14285714285714285
35328 0.8571428571428571
35651 1.0
35676 1.0
35776 1.0
35802 1.0
35827 1.0
35901 1.0
35926 0.07692307692307693
35927 0.9230769230769231
35952 1.0
36051 0.16666666666666666
36052 0.8333333333333334
36401 1.0
36526 1.0
36551 0.2857142857142857
36552 0.7142857142857143
36651 1.0
36676 1.0
36776 1.0
37026 1.0
37125 1.0
37150 0.5
37151 0.5
37275 0.1875
37276 0.8125
37375 1.0
37400 0.08333333333333333
37401 0.9166666666666666
37536 1.0
37557 1.0
37562 1.0
37583 1.0
37588 1.0
37609 1.0
37703 1.0
37708 1.0
37729 1.0
37733 0.14285714285714285
37734 0.8571428571428571
38151 1.0
38177 1.0
38182 1.0
38302 1.0
38327 0.16666666666666666
38328 0.8333333333333334
38333 1.0
38353 1.0
38359 1.0
38427 1.0
38453 1.0
38901 1.0
38927 1.0
39026 1.0
39051 0.10344827586206896
39052 0.896551724137931
39077 0.5
39078 0.5
39151 1.0
39176 0.2222222222222222
39177 0.7777777777777778
39526 1.0
39625 1.0
39650 0.08333333333333333
39651 0.9166666666666666
39676 0.3333333333333333
39677 0.6666666666666666
39776 1.0
39801 0.5
39802 0.5
39901 1.0
40125 1.0
40151 1.0
40250 1.0
40276 1.0
40375 1.0
40401 1.0
40500 1.0
40525 0.2857142857142857
40526 0.7142857142857143
40656 1.0
40661 1.0
40682 1.0
40687 1.0
40708 1.0
40713 1.0
40739 1.0
40807 1.0
40828 1.0
40833 1.0
40838 1.0
40859 1.0
40864 1.0
41281 1.0
41406 1.0
41427 1.0
41432 1.0
41453 1.0
41457 0.15384615384615385
41458 0.8461538461538461
41552 1.0
41578 1.0
41901 1.0
41906 1.0
42026 1.0
42031 1.0
42052 1.0
42057 1.0
42151 1.0
42176 0.037037037037037035
42177 0.9629629629629629
42203 1.0
42276 1.0
42301 0.2
42302 0.8
42651 1.0
42750 1.0
42776 1.0
42801 0.25
42802 0.75
42901 1.0
42926 0.6
42927 0.4
43026 1.0
43250 1.0
43275 0.25
43276 0.75
43375 1.0
43401 1.0
43500 1.0
43525 0.08571428571428572
43526 0.9142857142857143
43625 1.0
43650 0.2
43651 0.8
43781 1.0
43807 1.0
43812 1.0
43838 1.0
43864 1.0
43958 1.0
43963 1.0
43984 1.0
43989 1.0
44406 1.0
44432 1.0
44531 1.0
44552 1.0
44556 0.125
44557 0.875
44583 1.0
44677 1.0
44682 1.0
44703 1.0
44708 1.0
44802 1.0
45151 1.0
45156 1.0
45177 1.0
45276 1.0
45302 1.0
45401 1.0
45427 1.0
45750 1.0
45776 1.0
45901 1.0
45926 0.5
45927 0.5
46026 1.0
46052 1.0
46151 1.0
46375 1.0
46400 0.3333333333333333
46401 0.6666666666666666
46500 1.0
46526 1.0
46651 1.0
46750 1.0
46775 0.125
46776 0.875
46932 1.0
46953 1.0
46958 1.0
46963 1.0
46978 0.05263157894736842
46979 0.9473684210526315
46984 1.0
46989 1.0
47078 1.0
47104 1.0
47552 1.0
47578 1.0
47604 1.0
47677 1.0
47702 0.06666666666666667
47703 0.9333333333333333
47728 0.2
47729 0.8
47802 1.0
47828 1.0
48151 1.0
48276 1.0
48302 1.0
48327 0.3333333333333333
48328 0.6666666666666666
48426 0.07692307692307693
48427 0.9230769230769231
48452 0.3333333333333333
48453 0.6666666666666666
48526 1.0
48551 0.2222222222222222
48552 0.7777777777777778
48901 1.0
49000 1.0
49025 0.16666666666666666
49026 0.8333333333333334
49051 0.75
49052 0.25
49151 1.0
49176 0.5
49177 0.5
49276 1.0
49500 1.0
49625 1.0
49750 1.0
49775 0.1
49776 0.9
49875 1.0
49900 0.5555555555555556
49901 0.4444444444444444
50052 1.0
50057 1.0
50062 1.0
50083 1.0
50104 1.0
50109 1.0
50114 1.0
50203 1.0
50229 1.0
50677 1.0
50776 1.0
50802 1.0
50827 0.07142857142857142
50828 0.9285714285714286
50853 0.5
50854 0.5
50927 1.0
50953 1.0
51276 1.0
51401 1.0
51427 1.0
51453 1.0
51526 1.0
51552 1.0
51577 1.0
51651 1.0
51677 1.0
52026 1.0
52151 1.0
52176 0.5
52177 0.5
52276 1.0
52301 1.0
52401 1.0
52625 1.0
52650 0.6666666666666666
52651 0.3333333333333333
52750 1.0
52875 1.0
52900 0.15
52901 0.85
53000 1.0
53025 0.15384615384615385
53026 0.8461538461538461
53177 1.0
53182 1.0
53208 1.0
53234 1.0
53239 1.0
53328 1.0
53333 1.0
53354 1.0
53359 1.0
53776 1.0
53802 1.0
53807 1.0
53833 1.0
53927 1.0
53952 0.037037037037037035
53953 0.9629629629629629
53958 1.0
53978 0.3333333333333333
53979 0.6666666666666666
54052 1.0
54077 0.25
54078 0.75
54401 1.0
54526 1.0
54552 1.0
54676 0.05555555555555555
54677 0.9444444444444444
54702 0.3333333333333333
54703 0.6666666666666666
54801 0.14285714285714285
54802 0.8571428571428571
55150 0.16666666666666666
55151 0.8333333333333334
55250 1.0
55275 0.14285714285714285
55276 0.8571428571428571
55301 1.0
55401 1.0
55426 0.6666666666666666
55427 0.3333333333333333
55526 1.0
55750 1.0
55875 1.0
55901 1.0
56000 1.0
56026 1.0
56125 1.0
56150 0.4444444444444444
56151 0.5555555555555556
56307 1.0
56333 1.0
56338 1.0
56359 1.0
56364 1.0
56453 1.0
56458 1.0
56484 1.0
56901 1.0
56906 1.0
56926 0.5
56927 0.5
56932 1.0
56958 1.0
57051 0.14285714285714285
57052 0.8571428571428571
57057 1.0
57078 1.0
57083 1.0
57104 1.0
57177 1.0
57202 0.16666666666666666
57203 0.8333333333333334
57531 1.0
57651 1.0
57677 1.0
57776 1.0
57801 0.1111111111111111
57802 0.8888888888888888
57827 1.0
57926 0.16666666666666666
57927 0.8333333333333334
58250 1.0
58276 1.0
58401 1.0
58426 0.75
58427 0.25
58526 1.0
58551 0.3333333333333333
58552 0.6666666666666666
58651 1.0
59000 1.0
59125 1.0
59150 0.06666666666666667
59151 0.9333333333333333
59250 1.0
59275 0.3076923076923077
59276 0.6923076923076923
59432 1.0
59437 1.0
59463 1.0
59583 1.0
59608 0.125
59609 0.875
60026 1.0
60031 1.0
60057 1.0
60062 1.0
60151 1.0
60176 0.14285714285714285
60177 0.8571428571428571
60182 1.0
60203 1.0
60208 1.0
60302 1.0
60327 0.16666666666666666
60328 0.8333333333333334
60776 1.0
60802 1.0
60807 1.0
60901 1.0
60926 0.06666666666666667
60927 0.9333333333333333
60952 1.0
61026 1.0
61052 1.0
61401 1.0
61526 1.0
61551 1.0
61651 1.0
61776 1.0
62000 1.0
62026 1.0
62125 1.0
62250 1.0
62275 0.05
62276 0.95
62375 1.0
62400 0.35714285714285715
62401 0.6428571428571429
62552 1.0
62557 1.0
62562 1.0
62578 1.0
62604 1.0
62609 1.0
62729 1.0
63177 1.0
63203 1.0
63229 1.0
63302 1.0
63328 1.0
63353 0.2222222222222222
63354 0.7777777777777778
63452 0.5
63453 0.5
63552 1.0
63776 1.0
63802 1.0
63901 1.0
63927 1.0
63952 0.5
63953 0.5
64026 1.0
64051 0.1
64052 0.9
64077 0.5
64078 0.5
64151 1.0
64176 0.125
64177 0.875
64525 0.2
64526 0.8
64625 1.0
64650 0.14285714285714285
64651 0.8571428571428571
64676 1.0
64776 1.0
64901 1.0
65125 1.0
65250 1.0
65375 1.0
65400 0.2
65401 0.8
65500 1.0
65525 0.5
65526 0.5
65677 1.0
65682 1.0
65687 1.0
65703 1.0
65708 1.0
65729 1.0
65734 1.0
65739 1.0
65828 1.0
65854 1.0
66276 1.0
66302 1.0
66328 1.0
66354 1.0
66427 1.0
66452 0.034482758620689655
66453 0.9655172413793104
66479 1.0
66552 1.0
66578 1.0
66901 1.0
67026 1.0
67052 1.0
67078 1.0
67151 1.0
67176 0.14285714285714285
67177 0.8571428571428571
67203 1.0
67276 1.0
67301 0.09090909090909091
67302 0.9090909090909091
67651 1.0
67750 1.0
67776 1.0
67801 0.5
67802 0.5
67901 1.0
67926 1.0
68026 1.0
68250 1.0
68275 1.0
68375 1.0
68401 1.0
68500 1.0
68525 0.375
68526 0.625
68625 1.0
68650 0.5
68651 0.5
68802 1.0
68807 1.0
68812 1.0
68833 1.0
68838 1.0
68854 1.0
68859 1.0
68864 1.0
68953 1.0
68978 0.2
68979 0.8
69427 1.0
69432 1.0
69479 1.0
69526 1.0
69551 0.5
69552 0.5
69578 1.0
69603 0.6666666666666666
69604 0.3333333333333333
69677 1.0
69702 0.3333333333333333
69703 0.6666666666666666
70026 1.0
70151 1.0
70176 0.25
70177 0.75
70203 1.0
70276 1.0
70302 1.0
70401 1.0
70426 0.16666666666666666
70427 0.8333333333333334
70776 1.0
70875 1.0
70901 1.0
70927 1.0
71026 1.0
71052 1.0
71151 1.0
71375 1.0
71400 1.0
71500 1.0
71525 0.5
71526 0.5
71625 1.0
71650 0.10526315789473684
71651 0.8947368421052632
71750 1.0
71775 0.36363636363636365
71776 0.6363636363636364
71911 1.0
71927 1.0
71932 1.0
71937 1.0
71958 1.0
71963 1.0
71984 1.0
71989 1.0
72078 1.0
72083 1.0
72104 1.0
72109 1.0
72531 1.0
72552 1.0
72557 1.0
72677 1.0
72702 0.125
72703 0.875
72708 1.0
72802 1.0
72827 0.16666666666666666
72828 0.8333333333333334
73276 1.0
73302 1.0
73401 1.0
73427 1.0
73453 1.0
73526 1.0
73551 0.3333333333333333
73552 0.6666666666666666
73901 1.0
74000 1.0
74026 1.0
74051 0.6666666666666666
74052 0.3333333333333333
74151 1.0
74176 0.5
74177 0.5
74276 1.0
74500 1.0
74625 1.0
74651 1.0
74750 1.0
74775 0.1875
74776 0.8125
74875 1.0
74901 1.0
75036 1.0
75057 1.0
75062 1.0
75083 1.0
75088 1.0
75109 1.0
75114 1.0
75177 1.0
75203 1.0
75208 1.0
75229 1.0
75233 0.05
75234 0.95
75651 1.0
75802 1.0
75828 1.0
75833 1.0
75854 1.0
75927 1.0
75953 1.0
76276 1.0
76281 1.0
76401 1.0
76427 1.0
76453 1.0
76526 1.0
76551 0.10526315789473684
76552 0.8947368421052632
76578 1.0
76651 1.0
76677 1.0
77026 1.0
77125 1.0
77151 1.0
77176 0.6666666666666666
77177 0.3333333333333333
77276 1.0
77301 0.5
77302 0.5
77401 1.0
77750 1.0
77875 1.0
77900 0.11764705882352941
77901 0.8823529411764706
78000 1.0
78025 0.2
78026 0.8
