0 1.0
25 0.961038961038961
26 0.03896103896103896
31 1.0
50 0.9831460674157303
51 0.016853932584269662
56 1.0
75 0.9595588235294118
76 0.04044117647058824
81 1.0
100 0.9597989949748744
101 0.04020100502512563
106 1.0
125 0.95
126 0.05
131 1.0
150 0.9420289855072463
151 0.057971014492753624
156 1.0
175 0.8813559322033898
176 0.11864406779661017
181 0.9927007299270073
182 0.0072992700729927005
200 0.8271604938271605
201 0.1728395061728395
206 1.0
225 0.6964285714285714
226 0.30357142857142855
231 0.9854545454545455
232 0.014545454545454545
250 0.9629629629629629
251 0.037037037037037035
256 1.0
275 0.8235294117647058
276 0.17647058823529413
281 0.987012987012987
282 0.012987012987012988
300 0.6122448979591837
301 0.3877551020408163
306 0.9362745098039216
307 0.06372549019607843
312 1.0
325 0.5714285714285714
326 0.42857142857142855
331 0.8810020876826722
332 0.11899791231732777
337 1.0
356 0.8392857142857143
357 0.16071428571428573
362 1.0
375 0.9166666666666666
376 0.08333333333333333
381 1.0
400 0.71875
401 0.28125
406 0.946236559139785
407 0.053763440860215055
412 1.0
425 0.2
426 0.8
431 0.8545454545454545
432 0.14545454545454545
437 0.9891304347826086
438 0.010869565217391304
456 0.6577181208053692
457 0.3422818791946309
462 0.9735099337748344
463 0.026490066225165563
468 1.0
481 0.375
482 0.625
487 0.875
488 0.125
500 0.9117647058823529
501 0.08823529411764706
506 1.0
525 0.625
526 0.375
531 0.8389830508474576
532 0.16101694915254236
537 1.0
556 0.696969696969697
557 0.30303030303030304
562 0.9389830508474576
563 0.061016949152542375
568 1.0
581 0.2631578947368421
582 0.7368421052631579
587 0.841025641025641
588 0.15897435897435896
593 1.0
