55 1.0
60 1.0
80 1.0
85 1.0
105 1.0
110 1.0
186 1.0
206 1.0
211 1.0
231 1.0
236 1.0
267 1.0
292 1.0
312 1.0
317 1.0
398 1.0
418 1.0
655 1.0
781 1.0
786 1.0
801 1.0
806 1.0
826 1.0
831 1.0
912 1.0
917 1.0
932 1.0
937 1.0
952 1.0
957 1.0
1038 1.0
1043 1.0
1058 1.0
1144 1.0
1149 1.0
1169 1.0
1401 0.5
1402 0.5
1406 1.0
1431 1.0
1537 1.0
1552 1.0
1557 1.0
1562 1.0
1577 1.0
1582 1.0
1658 1.0
1663 1.0
1683 1.0
1688 1.0
1769 1.0
2006 1.0
2011 1.0
2031 1.0
2152 1.0
2157 1.0
2162 1.0
2177 1.0
2182 1.0
2268 1.0
2278 1.0
2283 1.0
2288 1.0
2303 1.0
2308 1.0
2399 1.0
2414 1.0
2419 1.0
2656 1.0
2767 1.0
2772 1.0
2777 1.0
2782 1.0
2888 1.0
2893 1.0
2903 1.0
2908 1.0
2913 1.0
2928 1.0
2933 1.0
3014 1.0
3019 1.0
3024 1.0
3039 1.0
3160 1.0
3165 1.0
3185 1.0
3210 1.0
3286 1.0
3291 1.0
3306 1.0
3311 1.0
3331 1.0
3336 1.0
3356 1.0
3361 1.0
3417 1.0
3437 1.0
3457 1.0
3523 1.0
3543 1.0
3785 1.0
3810 1.0
3906 1.0
3911 1.0
3931 0.8333333333333334
3932 0.16666666666666666
3936 1.0
3956 0.6666666666666666
3957 0.3333333333333333
3961 1.0
4022 1.0
4037 1.0
4057 1.0
4062 1.0
4082 1.0
4148 1.0
4163 1.0
4168 1.0
4274 1.0
4531 1.0
4541 1.0
4557 1.0
4677 1.0
4682 1.0
4687 1.0
4783 1.0
4788 1.0
4793 0.6666666666666666
4794 0.3333333333333333
4803 1.0
4808 1.0
4894 1.0
4899 1.0
4914 1.0
5156 1.0
5161 1.0
5282 1.0
5287 1.0
5302 1.0
5307 1.0
5388 1.0
5408 1.0
5413 1.0
5418 1.0
5428 1.0
5433 1.0
5519 1.0
5524 1.0
5544 1.0
5756 1.0
5761 1.0
5781 1.0
5887 1.0
5897 1.0
5902 0.6666666666666666
5903 0.3333333333333333
5907 0.8333333333333334
5908 0.16666666666666666
6013 1.0
6018 1.0
6028 0.8333333333333334
6029 0.16666666666666666
6033 1.0
6038 1.0
6053 1.0
6144 1.0
6149 1.0
6154 1.0
6159 1.0
6164 1.0
6285 1.0
6396 1.0
6411 1.0
6416 1.0
6431 1.0
6436 1.0
6461 1.0
6516 0.5
6517 0.5
6537 1.0
6562 1.0
6567 1.0
6582 1.0
6587 1.0
6592 1.0
6648 1.0
6663 1.0
6668 1.0
6693 1.0
6774 1.0
7016 1.0
7031 1.0
7036 1.0
7056 1.0
7142 1.0
7167 1.0
7182 1.0
7187 1.0
7207 1.0
7212 1.0
7268 1.0
7273 1.0
7288 1.0
7292 0.25
7293 0.75
7298 1.0
7313 1.0
7394 1.0
7399 1.0
7656 1.0
7661 1.0
7767 1.0
7772 1.0
7782 1.0
7787 1.0
7792 1.0
7807 0.8571428571428571
7808 0.14285714285714285
7812 1.0
7893 1.0
7898 1.0
7908 1.0
7913 1.0
7918 1.0
7933 1.0
7938 1.0
8019 1.0
8044 1.0
8261 1.0
8281 1.0
8387 1.0
8392 1.0
8407 0.75
8408 0.25
8417 1.0
8432 1.0
8518 1.0
8533 1.0
8538 1.0
8543 1.0
8558 1.0
8644 1.0
8649 1.0
8664 1.0
8882 1.0
8886 1.0
8906 1.0
9007 1.0
9012 1.0
9017 1.0
9027 1.0
9032 1.0
9037 1.0
9138 1.0
9143 1.0
9153 1.0
9158 1.0
9163 1.0
9264 1.0
9274 1.0
9279 1.0
9284 1.0
9289 1.0
9415 1.0
9516 1.0
9536 1.0
9541 1.0
9561 1.0
9566 1.0
9586 1.0
9687 1.0
9692 1.0
9707 1.0
9712 1.0
9773 1.0
9788 1.0
9792 0.3333333333333333
9793 0.6666666666666666
9798 1.0
9899 1.0
9919 1.0
10161 1.0
10166 1.0
10186 1.0
10267 1.0
10272 1.0
10287 1.0
10307 1.0
10312 1.0
10317 1.0
10332 1.0
10337 1.0
10393 1.0
10398 1.0
10413 1.0
10418 1.0
10433 1.0
10438 1.0
10519 1.0
10524 1.0
10544 1.0
10761 1.0
10766 1.0
10786 1.0
10791 1.0
10892 1.0
10907 1.0
10912 1.0
10932 1.0
10937 1.0
11033 1.0
11038 1.0
11043 1.0
11058 1.0
11063 1.0
11144 1.0
11149 1.0
11169 1.0
11411 1.0
11512 1.0
11517 1.0
11532 1.0
11537 1.0
11638 1.0
11643 1.0
11658 0.9
11659 0.1
11663 1.0
11668 1.0
11764 1.0
11774 1.0
12006 1.0
12011 1.0
12031 1.0
12142 1.0
12157 1.0
12268 1.0
12278 1.0
12283 1.0
12288 1.0
12394 1.0
12399 1.0
12404 1.0
12409 1.0
12414 1.0
12646 1.0
12661 1.0
12666 1.0
12686 1.0
12691 1.0
12711 1.0
12767 1.0
12772 1.0
12792 1.0
12812 1.0
12817 1.0
12837 1.0
12842 1.0
12893 1.0
12918 1.0
12938 1.0
12943 1.0
13024 1.0
13266 1.0
13286 1.0
13291 1.0
13311 1.0
13392 1.0
13397 1.0
13412 1.0
13432 1.0
13437 1.0
13518 1.0
13523 1.0
13538 1.0
13543 1.0
13558 1.0
13649 1.0
13669 1.0
13886 1.0
13891 1.0
13906 1.0
13911 1.0
14017 1.0
14032 1.0
14037 1.0
14057 0.5
14058 0.5
14062 1.0
14143 1.0
14148 1.0
14158 1.0
14163 1.0
14168 1.0
14183 1.0
14188 1.0
14269 1.0
14274 1.0
14289 1.0
14294 1.0
14511 1.0
14637 1.0
14642 1.0
14657 0.8
14658 0.2
14662 1.0
14764 1.0
14768 1.0
14783 1.0
14788 1.0
14793 1.0
14889 1.0
14894 1.0
14899 1.0
14909 1.0
14914 1.0
14919 1.0
15136 1.0
15262 1.0
15267 1.0
15282 1.0
15388 1.0
15393 1.0
15408 0.9333333333333333
15409 0.06666666666666667
15413 1.0
15519 1.0
15524 1.0
15529 1.0
15534 1.0
15539 1.0
15680 1.0
15685 1.0
15705 1.0
15710 1.0
15725 0.75
15726 0.25
15730 1.0
15735 1.0
15826 1.0
15831 1.0
15851 1.0
16280 1.0
16300 1.0
16305 1.0
16325 1.0
16330 1.0
16355 1.0
16426 1.0
16451 1.0
16456 1.0
16476 1.0
16481 1.0
16577 1.0
16905 1.0
16925 1.0
17026 1.0
17051 0.8181818181818182
17052 0.18181818181818182
17076 0.6666666666666666
17077 0.3333333333333333
17081 1.0
17177 1.0
17182 1.0
17202 1.0
17303 1.0
17651 1.0
17777 0.8333333333333334
17778 0.16666666666666666
17802 0.9090909090909091
17803 0.09090909090909091
17903 1.0
17928 1.0
18029 1.0
18276 1.0
18402 0.8461538461538461
18403 0.15384615384615385
18428 1.0
18528 0.8205128205128205
18529 0.1794871794871795
18553 1.0
18654 1.0
18780 1.0
18785 1.0
18805 1.0
18810 1.0
18830 1.0
18835 0.5
18836 0.5
18855 1.0
18956 1.0
18961 1.0
18976 1.0
18981 1.0
18986 1.0
19406 1.0
19410 1.0
19430 1.0
19551 1.0
19556 1.0
19576 1.0
19581 1.0
19606 1.0
19677 1.0
19702 1.0
19707 1.0
20030 1.0
20156 1.0
20176 0.6
20177 0.4
20181 1.0
20201 0.6666666666666666
20202 0.3333333333333333
20206 1.0
20302 1.0
20307 1.0
20327 1.0
20332 1.0
20428 1.0
20655 1.0
20776 1.0
20781 1.0
20802 1.0
20902 1.0
20927 0.8461538461538461
20928 0.15384615384615385
21028 1.0
21053 1.0
21376 1.0
21401 0.7142857142857143
21402 0.2857142857142857
21527 0.6666666666666666
21528 0.3333333333333333
21552 1.0
21653 1.0
21678 0.75
21679 0.25
21779 1.0
21905 1.0
21910 1.0
21930 1.0
21935 1.0
21955 1.0
21960 1.0
21985 1.0
22056 1.0
22081 1.0
22086 1.0
22106 1.0
22111 1.0
22535 1.0
22555 1.0
22656 1.0
22676 1.0
22681 1.0
22701 1.0
22706 1.0
22802 1.0
22807 1.0
22827 1.0
22832 1.0
23155 1.0
23276 1.0
23281 1.0
23302 1.0
23306 1.0
23327 1.0
23427 0.9444444444444444
23428 0.05555555555555555
23432 1.0
23452 1.0
23553 1.0
23901 1.0
23906 1.0
24027 0.8
24028 0.2
24032 1.0
24052 0.9285714285714286
24053 0.07142857142857142
24057 0.8888888888888888
24058 0.1111111111111111
24153 1.0
24178 0.9166666666666666
24179 0.08333333333333333
24279 1.0
24506 1.0
24526 1.0
24532 1.0
24652 0.7857142857142857
24653 0.21428571428571427
24778 0.896551724137931
24779 0.10344827586206896
24804 1.0
24904 1.0
25035 1.0
25040 1.0
25060 1.0
25181 1.0
25186 1.0
25206 0.9333333333333333
25207 0.06666666666666667
25211 1.0
25231 1.0
25332 1.0
25655 1.0
25680 0.5
25681 0.5
25781 1.0
25806 0.6
25807 0.4
25811 1.0
25831 0.8333333333333334
25832 0.16666666666666666
25927 1.0
25932 1.0
25957 1.0
26280 1.0
26406 1.0
26431 0.6666666666666666
26432 0.3333333333333333
26532 1.0
26552 1.0
26557 1.0
26582 1.0
26678 1.0
26683 1.0
27031 1.0
27152 1.0
27157 1.0
27177 0.7142857142857143
27178 0.2857142857142857
27182 1.0
27278 1.0
27303 1.0
27308 1.0
27626 0.5
27627 0.5
27651 0.6666666666666666
27652 0.3333333333333333
27656 1.0
27777 0.8333333333333334
27778 0.16666666666666666
27782 1.0
27903 0.967741935483871
27904 0.03225806451612903
27933 1.0
28029 1.0
28155 1.0
28160 1.0
28286 1.0
28306 1.0
28311 1.0
28331 1.0
28336 1.0
28341 1.0
28361 1.0
28437 1.0
28457 1.0
28462 1.0
28780 0.5
28781 0.5
28785 1.0
28906 1.0
28911 1.0
28931 1.0
28936 1.0
28956 1.0
28961 1.0
29057 1.0
29062 1.0
29082 1.0
29087 1.0
29183 1.0
29531 1.0
29657 0.5
29658 0.5
29677 0.8
29678 0.2
29682 1.0
29803 1.0
29808 1.0
30151 1.0
30277 0.75
30278 0.25
30282 1.0
30302 1.0
30307 0.5
30308 0.5
30403 1.0
30408 1.0
30428 1.0
30433 1.0
30781 1.0
30902 1.0
30907 1.0
31028 0.875
31029 0.125
31033 1.0
31154 1.0
31280 1.0
31305 1.0
31310 1.0
31325 1.0
31330 1.0
31350 1.0
31355 1.0
31925 1.0
31930 1.0
31950 0.8571428571428571
31951 0.14285714285714285
31955 1.0
31975 1.0
31980 1.0
32051 1.0
32076 1.0
32101 1.0
32202 1.0
32525 1.0
32550 1.0
32651 0.5
32652 0.5
32676 0.7142857142857143
32677 0.2857142857142857
32701 0.9166666666666666
32702 0.08333333333333333
32802 0.8666666666666667
32803 0.13333333333333333
32827 1.0
32928 1.0
33276 1.0
33301 1.0
33402 0.75
33403 0.25
33427 0.7647058823529411
33428 0.23529411764705882
33528 1.0
33553 1.0
33876 1.0
33901 1.0
34002 1.0
34027 0.75
34028 0.25
34052 0.5
34053 0.5
34153 0.8571428571428571
34154 0.14285714285714285
34279 1.0
34430 1.0
34435 1.0
34455 1.0
34460 1.0
34475 1.0
34480 1.0
34485 1.0
34576 1.0
34581 1.0
34601 1.0
34606 1.0
35030 1.0
35050 1.0
35055 1.0
35105 1.0
35176 1.0
35201 0.967741935483871
35202 0.03225806451612903
35206 1.0
35226 1.0
35231 1.0
35302 1.0
35327 1.0
35650 1.0
35675 1.0
35776 1.0
35801 0.5714285714285714
35802 0.42857142857142855
35826 0.8333333333333334
35827 0.16666666666666666
35927 0.8888888888888888
35928 0.1111111111111111
35952 1.0
36053 1.0
36401 1.0
36527 1.0
36552 0.9090909090909091
36553 0.09090909090909091
36653 1.0
36678 1.0
37026 0.75
37027 0.25
37152 1.0
37278 0.8695652173913043
37279 0.13043478260869565
37404 1.0
37535 1.0
37555 1.0
37560 1.0
37580 1.0
37585 1.0
37605 1.0
37701 1.0
37706 1.0
37731 1.0
38155 1.0
38180 1.0
38301 0.8
38302 0.2
38306 1.0
38326 0.8571428571428571
38327 0.14285714285714285
38331 1.0
38356 1.0
38452 1.0
38780 1.0
38901 1.0
38926 1.0
38951 1.0
38956 1.0
39052 1.0
39077 1.0
39178 1.0
39526 1.0
39652 0.8571428571428571
39653 0.14285714285714285
39677 0.9047619047619048
39678 0.09523809523809523
39778 1.0
39803 1.0
40151 1.0
40277 1.0
40403 0.9642857142857143
40404 0.03571428571428571
40529 1.0
40655 1.0
40660 1.0
40680 1.0
40685 1.0
40705 1.0
40710 1.0
40735 1.0
40806 1.0
40831 1.0
40836 1.0
40856 1.0
40861 1.0
41280 0.75
41281 0.25
41406 1.0
41426 1.0
41431 0.8333333333333334
41432 0.16666666666666666
41451 0.5
41452 0.5
41456 0.96
41457 0.04
41552 1.0
41577 1.0
41582 1.0
41905 1.0
42026 1.0
42031 1.0
42051 1.0
42056 1.0
42076 1.0
42177 1.0
42182 1.0
42202 1.0
42303 1.0
42651 0.75
42652 0.25
42777 0.875
42778 0.125
42802 0.8695652173913043
42803 0.13043478260869565
42903 1.0
42928 1.0
43251 1.0
43276 1.0
43377 1.0
43402 0.6363636363636364
43403 0.36363636363636365
43528 0.95
43529 0.05
43654 1.0
43780 1.0
43805 1.0
43810 1.0
43835 1.0
43860 1.0
43956 1.0
43961 1.0
43981 1.0
43986 1.0
44405 1.0
44430 1.0
44531 1.0
44551 1.0
44556 0.8888888888888888
44557 0.1111111111111111
44581 0.9285714285714286
44582 0.07142857142857142
44682 1.0
44702 1.0
44707 1.0
45151 1.0
45156 1.0
45181 1.0
45302 1.0
45307 1.0
45327 1.0
45428 1.0
45776 1.0
45781 1.0
45902 1.0
45927 0.8333333333333334
45928 0.16666666666666666
46028 1.0
46053 1.0
46376 0.5
46377 0.5
46401 1.0
46527 0.9166666666666666
46528 0.08333333333333333
46653 0.9130434782608695
46654 0.08695652173913043
46779 1.0
46930 1.0
46950 1.0
46955 1.0
46960 1.0
46975 1.0
46980 1.0
46985 1.0
47101 1.0
47550 1.0
47575 1.0
47600 1.0
47676 1.0
47701 0.9411764705882353
47702 0.058823529411764705
47726 1.0
47827 1.0
48150 1.0
48276 1.0
48301 0.4
48302 0.6
48326 0.875
48327 0.125
48427 0.875
48428 0.125
48452 1.0
48553 1.0
48901 0.7777777777777778
48902 0.2222222222222222
49027 1.0
49052 0.7647058823529411
49053 0.23529411764705882
49153 0.9375
49154 0.0625
49178 1.0
49526 0.6666666666666666
49527 0.3333333333333333
49627 1.0
49652 0.8571428571428571
49653 0.14285714285714285
49753 1.0
49778 0.8918918918918919
49779 0.10810810810810811
49904 1.0
50055 1.0
50060 1.0
50080 1.0
50100 1.0
50105 1.0
50110 1.0
50201 1.0
50226 1.0
50675 1.0
50680 1.0
50705 1.0
50725 1.0
50801 1.0
50826 0.8888888888888888
50827 0.1111111111111111
50851 1.0
50952 1.0
51275 1.0
51300 1.0
51401 1.0
51426 0.6666666666666666
51427 0.3333333333333333
51451 1.0
51552 0.8666666666666667
51553 0.13333333333333333
51577 1.0
51678 1.0
51900 1.0
52026 1.0
52152 0.5714285714285714
52153 0.42857142857142855
52177 0.75
52178 0.25
52278 1.0
52303 1.0
52525 1.0
52651 1.0
52752 1.0
52777 0.5
52778 0.5
52903 0.8974358974358975
52904 0.10256410256410256
53029 1.0
53175 1.0
53180 1.0
53205 1.0
53230 0.8888888888888888
53231 0.1111111111111111
53235 1.0
53326 1.0
53331 1.0
53351 1.0
53356 1.0
53780 1.0
53800 1.0
53805 1.0
53830 1.0
53926 1.0
53951 1.0
53956 1.0
53976 1.0
53981 1.0
54077 1.0
54400 1.0
54526 1.0
54551 0.75
54552 0.25
54576 0.6666666666666666
54577 0.3333333333333333
54677 0.9285714285714286
54678 0.07142857142857142
54702 1.0
54803 1.0
55151 1.0
55277 0.625
55278 0.375
55302 0.9166666666666666
55303 0.08333333333333333
55403 0.6666666666666666
55404 0.3333333333333333
55428 1.0
55529 1.0
55776 1.0
55877 1.0
55902 0.8571428571428571
55903 0.14285714285714285
55927 1.0
56028 0.95
56029 0.05
56154 1.0
56305 1.0
56310 1.0
56330 1.0
56335 1.0
56355 1.0
56360 1.0
56451 1.0
56456 1.0
56476 1.0
56481 1.0
56905 1.0
56930 1.0
56955 1.0
57051 1.0
57076 1.0
57081 1.0
57106 1.0
57177 1.0
57202 1.0
57530 1.0
57651 1.0
57676 0.75
57677 0.25
57701 1.0
57802 0.9615384615384616
57803 0.038461538461538464
57827 1.0
57928 1.0
58150 1.0
58276 1.0
58402 0.8888888888888888
58403 0.1111111111111111
58427 0.8
58428 0.2
58528 1.0
58553 1.0
58901 1.0
59002 1.0
59028 1.0
59153 0.92
59154 0.08
59279 1.0
59430 1.0
59435 1.0
59460 1.0
59581 1.0
59606 1.0
60030 1.0
60055 1.0
60060 1.0
60176 1.0
60181 1.0
60201 1.0
60206 1.0
60327 1.0
60650 1.0
60655 1.0
60776 1.0
60781 1.0
60801 1.0
60826 1.0
60831 1.0
60927 1.0
60952 1.0
61028 1.0
61053 1.0
61078 1.0
61401 1.0
61527 0.75
61528 0.25
61552 0.8461538461538461
61553 0.15384615384615385
61653 1.0
61678 1.0
62026 1.0
62152 0.42857142857142855
62153 0.5714285714285714
62278 0.9333333333333333
62279 0.06666666666666667
62404 1.0
62550 1.0
62555 1.0
62560 1.0
62580 1.0
62600 0.9523809523809523
62601 0.047619047619047616
62605 1.0
63175 1.0
63180 1.0
63200 1.0
63225 0.8571428571428571
63226 0.14285714285714285
63326 1.0
63351 1.0
63452 1.0
63775 1.0
63800 0.6666666666666666
63801 0.3333333333333333
63901 1.0
63926 0.7142857142857143
63927 0.2857142857142857
63951 0.8461538461538461
63952 0.15384615384615385
64052 0.8
64053 0.2
64077 1.0
64178 1.0
64526 1.0
64552 1.0
64652 0.7
64653 0.3
64677 0.7647058823529411
64678 0.23529411764705882
64778 0.9090909090909091
64779 0.09090909090909091
64803 1.0
64904 1.0
65126 1.0
65151 1.0
65252 1.0
65277 0.5
65278 0.5
65403 0.8333333333333334
65404 0.16666666666666666
65504 1.0
65529 1.0
65680 1.0
65685 1.0
65700 1.0
65705 1.0
65725 1.0
65730 1.0
65735 1.0
65826 1.0
66300 1.0
66305 1.0
66325 1.0
66350 1.0
66355 1.0
66426 1.0
66451 1.0
66476 1.0
66577 1.0
66900 1.0
66905 1.0
66925 1.0
67026 1.0
67051 0.875
67052 0.125
67076 1.0
67152 1.0
67177 0.8095238095238095
67178 0.19047619047619047
67202 1.0
67303 1.0
67525 1.0
67651 0.8
67652 0.2
67777 1.0
67802 0.9285714285714286
67803 0.07142857142857142
67903 1.0
67928 1.0
68029 1.0
68251 1.0
68276 1.0
68402 1.0
68528 0.8484848484848485
68529 0.15151515151515152
68654 1.0
68805 1.0
68810 1.0
68830 1.0
68835 1.0
68850 0.3333333333333333
68851 0.6666666666666666
68855 1.0
68860 1.0
68951 1.0
68976 1.0
69425 1.0
69430 1.0
69451 1.0
69480 1.0
69551 1.0
69576 0.9583333333333334
69577 0.041666666666666664
69601 1.0
69702 1.0
70025 1.0
70030 1.0
70151 1.0
70176 0.8333333333333334
70177 0.16666666666666666
70201 0.8888888888888888
70202 0.1111111111111111
70302 0.9375
70303 0.0625
70327 1.0
70428 1.0
70776 1.0
70802 1.0
70902 1.0
70927 0.9166666666666666
70928 0.08333333333333333
71028 0.9
71029 0.1
71053 1.0
71276 1.0
71401 1.0
71502 1.0
71527 0.8888888888888888
71528 0.1111111111111111
71653 0.896551724137931
71654 0.10344827586206896
71779 1.0
71910 1.0
71930 1.0
71935 1.0
71955 1.0
71960 1.0
71980 0.9473684210526315
71981 0.05263157894736842
71985 1.0
72076 1.0
72081 1.0
72101 1.0
72106 1.0
72555 1.0
72575 1.0
72580 1.0
72676 0.6666666666666666
72677 0.3333333333333333
72701 0.9545454545454546
72702 0.045454545454545456
72706 1.0
72726 1.0
72827 1.0
73150 1.0
73175 1.0
73276 1.0
73301 0.6363636363636364
73302 0.36363636363636365
73326 0.75
73327 0.25
73427 0.8636363636363636
73428 0.13636363636363635
73452 1.0
73553 1.0
73901 0.8571428571428571
73902 0.14285714285714285
74027 1.0
74052 0.75
74053 0.25
74153 1.0
74178 1.0
74279 1.0
74501 1.0
74526 1.0
74627 1.0
74652 1.0
74778 0.967741935483871
74779 0.03225806451612903
74904 1.0
75035 1.0
75050 1.0
75055 1.0
75060 1.0
75080 1.0
75085 1.0
75105 0.9230769230769231
75106 0.07692307692307693
75110 1.0
75206 1.0
75231 1.0
75655 1.0
75680 1.0
75801 1.0
75826 0.9090909090909091
75827 0.09090909090909091
75831 1.0
75851 1.0
75856 1.0
75927 1.0
75952 1.0
76275 1.0
76280 1.0
76401 1.0
76426 1.0
76451 1.0
76527 1.0
76552 0.9130434782608695
76553 0.08695652173913043
76577 1.0
76678 1.0
76900 1.0
77026 1.0
77152 0.875
77153 0.125
77177 1.0
77278 0.8333333333333334
77279 0.16666666666666666
77303 1.0
77651 0.5
77652 0.5
77777 0.8571428571428571
77778 0.14285714285714285
77903 0.896551724137931
77904 0.10344827586206896
78029 1.0
