0 1.0
6 1.0
12 1.0
18 1.0
24 1.0
25 1.0
31 0.9761904761904762
32 0.023809523809523808
37 0.9433962264150944
38 0.05660377358490566
43 0.9668874172185431
44 0.033112582781456956
49 1.0
50 0.9523809523809523
51 0.047619047619047616
56 0.9857142857142858
57 0.014285714285714285
62 0.9532710280373832
63 0.04672897196261682
68 0.9791666666666666
69 0.020833333333333332
74 1.0
75 1.0
81 0.967391304347826
82 0.03260869565217391
87 0.972972972972973
88 0.02702702702702703
93 1.0
100 1.0
106 0.9746835443037974
107 0.02531645569620253
112 1.0
118 1.0
125 1.0
131 1.0
137 0.9642857142857143
138 0.03571428571428571
143 0.9814814814814815
144 0.018518518518518517
149 1.0
156 1.0
162 0.9090909090909091
163 0.09090909090909091
168 0.9770114942528736
169 0.022988505747126436
174 1.0
256 1.0
262 1.0
268 0.9210526315789473
269 0.07894736842105263
274 1.0
375 1.0
381 1.0
387 0.8888888888888888
388 0.1111111111111111
393 1.0
399 1.0
506 1.0
512 1.0
518 1.0
524 1.0
