0 1.0
6 1.0
25 1.0
31 1.0
37 1.0
50 0.9655172413793104
51 0.034482758620689655
56 0.9538461538461539
57 0.046153846153846156
62 1.0
68 1.0
75 0.9642857142857143
76 0.03571428571428571
81 0.9854368932038835
82 0.014563106796116505
87 0.9791666666666666
88 0.020833333333333332
93 1.0
100 0.9752066115702479
101 0.024793388429752067
106 1.0
112 1.0
118 1.0
125 1.0
131 0.9666666666666667
132 0.03333333333333333
137 1.0
150 0.6666666666666666
151 0.3333333333333333
156 0.9777777777777777
157 0.022222222222222223
162 0.9
163 0.1
168 0.9415204678362573
169 0.05847953216374269
174 1.0
181 0.7272727272727273
182 0.2727272727272727
187 0.9014084507042254
188 0.09859154929577464
193 0.9746478873239437
194 0.02535211267605634
199 1.0
206 1.0
212 0.9230769230769231
213 0.07692307692307693
218 1.0
250 1.0
256 1.0
262 0.9411764705882353
263 0.058823529411764705
268 0.95
269 0.05
274 1.0
281 0.75
282 0.25
287 0.9545454545454546
288 0.045454545454545456
293 0.9195402298850575
294 0.08045977011494253
299 1.0
318 0.875
319 0.125
324 1.0
375 0.8
376 0.2
381 0.8888888888888888
382 0.1111111111111111
387 0.9714285714285714
388 0.02857142857142857
393 0.8714285714285714
394 0.12857142857142856
399 1.0
412 0.7142857142857143
413 0.2857142857142857
418 0.9230769230769231
419 0.07692307692307693
424 1.0
500 1.0
506 1.0
512 0.9428571428571428
513 0.05714285714285714
518 0.9565217391304348
519 0.043478260869565216
524 1.0
