0 1.0
25 0.9871794871794872
26 0.01282051282051282
31 1.0
50 0.9682539682539683
51 0.031746031746031744
56 1.0
75 0.974910394265233
76 0.025089605734767026
81 1.0
100 0.9751243781094527
101 0.024875621890547265
106 1.0
125 1.0
131 1.0
150 0.9714285714285714
151 0.02857142857142857
156 1.0
175 0.9153846153846154
176 0.08461538461538462
181 1.0
200 0.88
201 0.12
206 1.0
225 0.7712418300653595
226 0.22875816993464052
231 1.0
250 0.9666666666666667
251 0.03333333333333333
256 1.0
275 0.875
276 0.125
281 1.0
300 0.7704918032786885
301 0.22950819672131148
306 0.9591836734693877
307 0.04081632653061224
312 1.0
325 0.38095238095238093
326 0.6190476190476191
331 0.91875
332 0.08125
337 1.0
351 1.0
356 0.8012422360248447
357 0.19875776397515527
362 1.0
375 0.8571428571428571
376 0.14285714285714285
381 1.0
400 0.8
401 0.2
406 0.9880952380952381
407 0.011904761904761904
412 1.0
425 0.37037037037037035
426 0.6296296296296297
431 0.9029850746268657
432 0.09701492537313433
437 1.0
456 0.7763819095477387
457 0.2236180904522613
462 1.0
481 0.5172413793103449
482 0.4827586206896552
487 0.9777777777777777
488 0.022222222222222223
500 0.918918918918919
501 0.08108108108108109
506 1.0
525 0.6857142857142857
526 0.3142857142857143
531 0.8306451612903226
532 0.1693548387096774
537 1.0
551 1.0
556 0.7949790794979079
557 0.20502092050209206
562 0.972972972972973
563 0.02702702702702703
568 1.0
581 0.3828125
582 0.6171875
587 0.8983451536643026
588 0.1016548463356974
593 1.0
607 1.0
612 1.0
