0 1.0
6 1.0
25 0.9230769230769231
26 0.07692307692307693
31 0.9803921568627451
32 0.0196078431372549
37 1.0
43 1.0
50 0.9736842105263158
51 0.02631578947368421
56 0.95
57 0.05
62 0.9727891156462585
63 0.027210884353741496
68 1.0
75 0.9848484848484849
76 0.015151515151515152
81 0.9551282051282052
82 0.04487179487179487
87 0.9775280898876404
88 0.02247191011235955
93 0.9833333333333333
94 0.016666666666666666
99 1.0
100 0.989247311827957
101 0.010752688172043012
106 0.9850746268656716
107 0.014925373134328358
112 1.0
118 1.0
125 1.0
131 1.0
137 1.0
143 0.75
144 0.25
149 1.0
150 1.0
156 0.8846153846153846
157 0.11538461538461539
162 0.9340659340659341
163 0.06593406593406594
168 0.9394904458598726
169 0.06050955414012739
174 1.0
181 1.0
187 0.8873239436619719
188 0.11267605633802817
193 0.9588014981273408
194 0.04119850187265917
199 1.0
212 1.0
218 1.0
250 1.0
256 1.0
262 0.9117647058823529
263 0.08823529411764706
268 1.0
274 1.0
287 1.0
293 0.9113924050632911
294 0.08860759493670886
299 1.0
375 1.0
381 1.0
387 1.0
393 0.9649122807017544
394 0.03508771929824561
399 1.0
418 1.0
424 1.0
500 1.0
506 1.0
512 1.0
518 0.9183673469387755
519 0.08163265306122448
524 1.0
