0 0.9444444444444444
1 0.05555555555555555
6 1.0
25 0.9285714285714286
26 0.07142857142857142
31 1.0
37 1.0
50 0.9767441860465116
51 0.023255813953488372
56 0.9596774193548387
57 0.04032258064516129
62 0.975609756097561
63 0.024390243902439025
68 1.0
75 0.9565217391304348
76 0.043478260869565216
81 0.9714285714285714
82 0.02857142857142857
87 0.9726775956284153
88 0.0273224043715847
93 0.9782608695652174
94 0.021739130434782608
100 0.9801980198019802
101 0.019801980198019802
106 1.0
112 1.0
118 1.0
125 1.0
131 1.0
137 1.0
143 1.0
149 1.0
150 1.0
156 0.9393939393939394
157 0.06060606060606061
162 0.93
163 0.07
168 0.944078947368421
169 0.05592105263157895
174 1.0
181 1.0
187 0.9181818181818182
188 0.08181818181818182
193 0.9665551839464883
194 0.033444816053511704
199 1.0
212 0.6
213 0.4
218 0.9523809523809523
219 0.047619047619047616
224 1.0
250 1.0
256 1.0
262 0.9629629629629629
263 0.037037037037037035
268 0.9137931034482759
269 0.08620689655172414
274 1.0
281 1.0
287 0.9523809523809523
288 0.047619047619047616
293 0.9338842975206612
294 0.06611570247933884
299 1.0
375 1.0
381 1.0
387 0.9375
388 0.0625
393 0.9661016949152542
394 0.03389830508474576
399 1.0
418 0.8333333333333334
419 0.16666666666666666
424 1.0
500 1.0
506 1.0
512 0.9142857142857143
513 0.08571428571428572
518 0.9361702127659575
519 0.06382978723404255
524 1.0
