0 1.0
6 1.0
12 1.0
25 0.9166666666666666
26 0.08333333333333333
31 0.9761904761904762
32 0.023809523809523808
37 0.9285714285714286
38 0.07142857142857142
43 0.9682539682539683
44 0.031746031746031744
49 1.0
50 1.0
56 0.9722222222222222
57 0.027777777777777776
62 0.9461538461538461
63 0.05384615384615385
68 0.9760479041916168
69 0.023952095808383235
74 1.0
75 1.0
81 0.97
82 0.03
87 0.9908256880733946
88 0.009174311926605505
93 1.0
100 1.0
106 0.975609756097561
107 0.024390243902439025
112 1.0
118 1.0
125 1.0
131 1.0
137 1.0
143 0.9622641509433962
144 0.03773584905660377
149 1.0
156 1.0
162 1.0
168 0.9206349206349206
169 0.07936507936507936
174 1.0
193 0.5
194 0.5
256 1.0
262 0.9523809523809523
263 0.047619047619047616
268 0.975609756097561
269 0.024390243902439025
274 1.0
375 1.0
381 0.9
382 0.1
387 1.0
393 1.0
399 1.0
506 1.0
512 0.8333333333333334
513 0.16666666666666666
518 0.9642857142857143
519 0.03571428571428571
524 1.0
