31 1.0
37 1.0
56 1.0
62 1.0
81 1.0
87 1.0
106 1.0
111 0.3333333333333333
112 0.6666666666666666
137 1.0
156 1.0
162 1.0
181 1.0
187 1.0
205 0.05263157894736842
206 0.9473684210526315
212 1.0
231 1.0
237 1.0
268 1.0
274 1.0
275 1.0
280 0.1111111111111111
281 0.8888888888888888
287 1.0
293 1.0
300 1.0
305 0.1111111111111111
306 0.8888888888888888
312 1.0
325 1.0
330 0.14285714285714285
331 0.8571428571428571
387 1.0
393 1.0
399 1.0
400 1.0
405 0.5
406 0.5
411 0.11764705882352941
412 0.8823529411764706
418 1.0
425 1.0
430 0.14285714285714285
431 0.8571428571428571
437 1.0
518 1.0
524 1.0
537 1.0
543 1.0
662 1.0
668 1.0
687 1.0
712 1.0
762 1.0
775 1.0
781 1.0
786 0.09090909090909091
787 0.9090909090909091
792 0.25
793 0.75
806 1.0
812 1.0
831 1.0
837 1.0
856 1.0
862 1.0
887 1.0
899 1.0
906 1.0
911 0.2
912 0.8
918 1.0
930 0.02857142857142857
931 0.9714285714285714
937 1.0
943 1.0
956 1.0
962 1.0
1012 1.0
1018 1.0
1024 1.0
1025 1.0
1031 1.0
1037 1.0
1043 1.0
1050 1.0
1056 1.0
1062 1.0
1143 1.0
1149 1.0
1162 1.0
1168 1.0
1287 1.0
1387 1.0
1393 1.0
1399 1.0
1406 1.0
1411 0.06666666666666667
1412 0.9333333333333333
1418 1.0
1424 1.0
1431 1.0
1437 1.0
1462 1.0
1512 1.0
1518 1.0
1524 1.0
1531 1.0
1536 0.07692307692307693
1537 0.9230769230769231
1543 1.0
1556 1.0
1561 0.05
1562 0.95
1568 1.0
1581 1.0
1587 1.0
1593 1.0
1643 1.0
1648 0.4
1649 0.6
1650 1.0
1656 1.0
1661 0.09523809523809523
1662 0.9047619047619048
1668 1.0
1674 1.0
1681 1.0
1686 0.2
1687 0.8
1693 1.0
1768 1.0
1774 1.0
1781 1.0
1792 0.3333333333333333
1793 0.6666666666666666
1918 1.0
2011 0.25
2012 0.75
2018 1.0
2031 1.0
2037 1.0
2043 1.0
2062 1.0
2068 1.0
2087 1.0
2137 1.0
2143 1.0
2149 1.0
2156 1.0
2161 0.1111111111111111
2162 0.8888888888888888
2168 1.0
2181 1.0
2186 0.07407407407407407
2187 0.9259259259259259
2193 1.0
2212 1.0
2268 1.0
2274 1.0
2281 1.0
2286 0.03333333333333333
2287 0.9666666666666667
2293 1.0
2299 1.0
2306 1.0
2311 0.125
2312 0.875
2387 1.0
2393 1.0
2399 1.0
2406 1.0
2412 1.0
2418 1.0
2424 1.0
2637 1.0
2643 1.0
2649 1.0
2661 0.1111111111111111
2662 0.8888888888888888
2668 1.0
2687 1.0
2693 1.0
2712 1.0
2762 1.0
2767 0.14285714285714285
2768 0.8571428571428571
2774 1.0
2781 1.0
2786 0.15384615384615385
2787 0.8461538461538461
2792 0.3333333333333333
2793 0.6666666666666666
2806 1.0
2811 0.08
2812 0.92
2817 0.2
2818 0.8
2837 1.0
2842 0.5
2843 0.5
2887 1.0
2893 1.0
2899 1.0
2906 1.0
2911 0.043478260869565216
2912 0.9565217391304348
2918 1.0
2931 1.0
2936 0.16666666666666666
2937 0.8333333333333334
2942 0.5
2943 0.5
3018 1.0
3024 1.0
3037 1.0
3043 1.0
3049 1.0
3156 1.0
3175 1.0
3180 0.1111111111111111
3181 0.8888888888888888
3187 1.0
3200 1.0
3206 1.0
3212 1.0
3225 1.0
3231 1.0
3237 1.0
3275 1.0
3280 0.5
3281 0.5
3300 1.0
3305 0.3333333333333333
3306 0.6666666666666666
3325 1.0
3330 0.16666666666666666
3331 0.8333333333333334
3350 1.0
3355 0.25
3356 0.75
3400 1.0
3425 1.0
3430 0.5
3431 0.5
3450 1.0
3525 1.0
3550 1.0
3781 1.0
3787 1.0
3806 1.0
3812 1.0
3831 1.0
3837 1.0
3856 1.0
3862 1.0
3900 1.0
3905 0.08333333333333333
3906 0.9166666666666666
3925 1.0
3930 0.1111111111111111
3931 0.8888888888888888
3950 1.0
3955 0.0625
3956 0.9375
3961 0.3333333333333333
3962 0.6666666666666666
3975 1.0
3981 1.0
3987 1.0
4025 1.0
4050 1.0
4055 0.2857142857142857
4056 0.7142857142857143
4075 1.0
4081 1.0
4150 1.0
4175 1.0
4406 1.0
4412 1.0
4431 1.0
4437 1.0
4456 1.0
4462 1.0
4487 1.0
4525 1.0
4530 0.15789473684210525
4531 0.8421052631578947
4550 1.0
4556 1.0
4562 1.0
4575 1.0
4580 0.023809523809523808
4581 0.9761904761904762
4586 0.1111111111111111
4587 0.8888888888888888
4606 1.0
4612 1.0
4650 1.0
4655 0.5
4656 0.5
4675 1.0
4680 0.10869565217391304
4681 0.8913043478260869
4700 1.0
4706 1.0
4775 1.0
4780 0.5
4781 0.5
4800 1.0
4805 1.0
5036 0.14285714285714285
5037 0.8571428571428571
5043 1.0
5056 1.0
5062 1.0
5150 1.0
5156 1.0
5181 1.0
5187 1.0
5206 1.0
5212 1.0
5231 1.0
5237 1.0
5275 1.0
5280 0.2
5281 0.8
5300 1.0
5305 0.06666666666666667
5306 0.9333333333333333
5311 1.0
5331 1.0
5336 0.5
5337 0.5
5400 1.0
5405 0.6666666666666666
5406 0.3333333333333333
5425 1.0
5431 1.0
5656 1.0
5662 1.0
5687 1.0
5775 1.0
5781 1.0
5786 0.2
5787 0.8
5806 1.0
5811 0.1
5812 0.9
5831 1.0
5836 0.07407407407407407
5837 0.9259259259259259
5843 1.0
5862 1.0
5900 1.0
5905 0.125
5906 0.875
5925 1.0
5930 0.06666666666666667
5931 0.9333333333333333
5936 0.16666666666666666
5937 0.8333333333333334
5956 1.0
5961 0.4
5962 0.6
6025 1.0
6031 1.0
6050 1.0
6055 0.125
6056 0.875
6275 1.0
6280 0.3333333333333333
6281 0.6666666666666666
6300 1.0
6305 0.1
6306 0.9
6312 1.0
6325 1.0
6330 0.125
6331 0.875
6350 1.0
6355 0.17142857142857143
6356 0.8285714285714286
6400 1.0
6425 1.0
6450 1.0
6475 1.0
6525 1.0
6550 1.0
6575 1.0
6650 1.0
6675 1.0
6900 1.0
6905 0.2
6906 0.8
6930 0.0625
6931 0.9375
6937 1.0
6955 0.09090909090909091
6956 0.9090909090909091
6962 1.0
6975 1.0
6981 1.0
6987 1.0
7025 1.0
7050 1.0
7075 1.0
7080 0.19047619047619047
7081 0.8095238095238095
7100 1.0
7105 0.15384615384615385
7106 0.8461538461538461
7150 1.0
7175 1.0
7200 1.0
7275 1.0
7300 1.0
7531 1.0
7537 1.0
7556 1.0
7562 1.0
7581 1.0
7587 1.0
7606 1.0
7611 1.0
7650 1.0
7655 0.3333333333333333
7656 0.6666666666666666
7675 1.0
7680 0.5
7681 0.5
7700 1.0
7705 0.15625
7706 0.84375
7731 1.0
7775 1.0
7800 1.0
7825 1.0
7900 1.0
7925 1.0
8025 1.0
8156 1.0
8162 1.0
8181 1.0
8186 0.16666666666666666
8187 0.8333333333333334
8206 1.0
8212 1.0
8231 1.0
8237 1.0
8275 1.0
8280 0.42857142857142855
8281 0.5714285714285714
8300 1.0
8305 0.25
8306 0.75
8325 1.0
8330 0.022222222222222223
8331 0.9777777777777777
8337 1.0
8356 1.0
8362 1.0
8400 1.0
8425 1.0
8430 0.3333333333333333
8431 0.6666666666666666
8450 1.0
8455 0.25
8456 0.75
8525 1.0
8550 1.0
8787 1.0
8806 1.0
8812 1.0
8837 1.0
8862 1.0
8900 1.0
8905 0.18181818181818182
8906 0.8181818181818182
8925 1.0
8931 1.0
8936 1.0
8956 1.0
8961 0.25
8962 0.75
8981 1.0
8987 1.0
9025 1.0
9050 1.0
9055 0.29411764705882354
9056 0.7058823529411765
9075 1.0
9080 0.1111111111111111
9081 0.8888888888888888
9150 1.0
9175 1.0
9275 1.0
9400 1.0
9425 1.0
9430 0.3333333333333333
9431 0.6666666666666666
9436 1.0
9450 1.0
9456 1.0
9462 1.0
9475 1.0
9480 0.13793103448275862
9481 0.8620689655172413
9487 1.0
9525 1.0
9550 1.0
9575 1.0
9600 1.0
9650 1.0
9675 1.0
9700 1.0
9775 1.0
9800 1.0
9900 1.0
10025 1.0
10031 1.0
10050 1.0
10055 0.2
10056 0.8
10062 1.0
10075 1.0
10081 1.0
10100 1.0
10105 0.030303030303030304
10106 0.9696969696969697
10112 1.0
10150 1.0
10175 1.0
10200 1.0
10225 1.0
10275 1.0
10300 1.0
10325 1.0
10400 1.0
10425 1.0
10650 1.0
10656 1.0
10675 1.0
10680 0.18181818181818182
10681 0.8181818181818182
10686 0.3333333333333333
10687 0.6666666666666666
10706 1.0
10731 1.0
10737 1.0
10775 1.0
10800 1.0
10825 1.0
10831 1.0
10850 1.0
10855 0.1
10856 0.9
10900 1.0
10925 1.0
10950 1.0
11025 1.0
11050 1.0
11275 1.0
11281 1.0
11305 0.1111111111111111
11306 0.8888888888888888
11312 1.0
11331 1.0
11337 1.0
11356 1.0
11361 0.2
11362 0.8
11400 1.0
11425 1.0
11430 0.5
11431 0.5
11450 1.0
11455 0.1282051282051282
11456 0.8717948717948718
11481 1.0
11525 1.0
11550 1.0
11575 1.0
11650 1.0
11675 1.0
11775 1.0
11906 1.0
11931 1.0
11937 1.0
11956 1.0
11962 1.0
12025 1.0
12050 1.0
12056 1.0
12075 1.0
12080 0.06976744186046512
12081 0.9302325581395349
12106 1.0
12112 1.0
12150 1.0
12175 1.0
12200 1.0
12205 0.6666666666666666
12206 0.3333333333333333
12275 1.0
12300 1.0
12525 1.0
12550 1.0
12555 0.2
12556 0.8
12561 0.5
12562 0.5
12575 1.0
12581 1.0
12600 1.0
12605 0.09090909090909091
12606 0.9090909090909091
12650 1.0
12675 1.0
12700 1.0
12725 1.0
12775 1.0
12800 1.0
12825 1.0
12900 1.0
12925 1.0
13025 1.0
13150 1.0
13156 1.0
13175 1.0
13180 0.16666666666666666
13181 0.8333333333333334
13187 1.0
13200 1.0
13205 0.5
13206 0.5
13225 1.0
13230 0.1111111111111111
13231 0.8888888888888888
13237 1.0
13275 1.0
13300 1.0
13325 1.0
13350 1.0
13400 1.0
13425 1.0
13450 1.0
13525 1.0
13550 1.0
13650 1.0
13775 1.0
13780 0.5
13781 0.5
13800 1.0
13805 0.1
13806 0.9
13812 1.0
13825 1.0
13831 1.0
13837 1.0
13850 1.0
13855 0.09375
13856 0.90625
13862 1.0
13900 1.0
13925 1.0
13950 1.0
13956 1.0
13975 1.0
13981 1.0
14025 1.0
14050 1.0
14075 1.0
14150 1.0
14175 1.0
14275 1.0
14412 1.0
14425 1.0
14430 0.1111111111111111
14431 0.8888888888888888
14437 1.0
14456 1.0
14462 1.0
14481 1.0
14486 0.5
14487 0.5
14525 1.0
14550 1.0
14575 1.0
14580 0.3333333333333333
14581 0.6666666666666666
14600 1.0
14605 0.14285714285714285
14606 0.8571428571428571
14650 1.0
14675 1.0
14700 1.0
14775 1.0
14800 1.0
15025 1.0
15031 1.0
15037 1.0
15055 0.23076923076923078
15056 0.7692307692307693
15062 1.0
15081 1.0
15087 1.0
15106 1.0
15112 1.0
15150 1.0
15175 1.0
15200 1.0
15205 0.2222222222222222
15206 0.7777777777777778
15225 1.0
15230 0.045454545454545456
15231 0.9545454545454546
15275 1.0
15300 1.0
15325 1.0
15400 1.0
15425 1.0
15525 1.0
