62 1.0
67 1.0
88 1.0
114 1.0
161 1.0
187 0.8
188 0.2
192 1.0
208 1.0
213 1.0
234 1.0
239 1.0
270 1.0
312 1.0
317 1.0
390 1.0
395 1.0
416 1.0
421 1.0
515 1.0
661 1.0
682 1.0
786 1.0
812 1.0
833 1.0
838 1.0
864 1.0
916 0.75
917 0.25
937 1.0
942 1.0
958 1.0
963 1.0
1041 1.0
1062 1.0
1140 1.0
1145 1.0
1171 1.0
1286 1.0
1312 1.0
1406 1.0
1411 1.0
1432 1.0
1437 1.0
1458 1.0
1536 1.0
1541 1.0
1557 1.0
1562 1.0
1567 1.0
1583 1.0
1588 1.0
1661 0.5
1662 0.5
1666 1.0
1687 1.0
1765 1.0
1770 1.0
2015 1.0
2036 1.0
2057 1.0
2062 1.0
2161 1.0
2166 1.0
2182 1.0
2187 1.0
2208 1.0
2270 1.0
2291 1.0
2312 1.0
2395 1.0
2416 1.0
2656 1.0
2661 1.0
2770 1.0
2781 1.0
2786 1.0
2807 1.0
2812 1.0
2890 0.75
2891 0.25
2911 1.0
2916 1.0
2932 1.0
3015 1.0
3020 1.0
3041 1.0
3166 1.0
3187 1.0
3192 1.0
3286 1.0
3291 1.0
3312 0.6666666666666666
3313 0.3333333333333333
3338 1.0
3364 1.0
3411 1.0
3416 1.0
3437 1.0
3442 1.0
3463 1.0
3520 1.0
3791 1.0
3812 1.0
3911 1.0
3916 1.0
3932 1.0
3937 1.0
3963 1.0
4020 1.0
4062 1.0
4067 1.0
4083 1.0
4088 1.0
4145 1.0
4166 1.0
4171 1.0
4270 1.0
4296 1.0
4562 1.0
4588 1.0
4671 1.0
4682 1.0
4687 1.0
4692 1.0
4708 1.0
4713 1.0
4786 1.0
4791 1.0
4890 1.0
4895 1.0
4916 1.0
5161 1.0
5166 1.0
5286 1.0
5291 1.0
5307 1.0
5312 1.0
5317 1.0
5390 1.0
5411 1.0
5416 1.0
5515 1.0
5520 1.0
5541 1.0
5546 1.0
5765 1.0
5781 1.0
5786 1.0
5890 1.0
5895 1.0
5911 1.0
5916 1.0
5932 1.0
5936 0.16666666666666666
5937 0.8333333333333334
6015 1.0
6036 1.0
6041 1.0
6056 0.25
6057 0.75
6062 1.0
6140 1.0
6145 1.0
6166 1.0
6286 1.0
6395 1.0
6411 1.0
6416 1.0
6421 1.0
6437 1.0
6442 1.0
6463 1.0
6515 1.0
6520 1.0
6536 1.0
6562 1.0
6567 0.8
6568 0.2
6588 1.0
6661 1.0
6666 1.0
6671 1.0
6687 1.0
6692 1.0
6770 1.0
7020 1.0
7036 1.0
7062 1.0
7088 1.0
7140 1.0
7145 1.0
7187 1.0
7192 1.0
7213 1.0
7265 1.0
7270 1.0
7291 1.0
7296 1.0
7312 1.0
7390 1.0
7395 1.0
7661 1.0
7687 1.0
7770 1.0
7786 1.0
7791 1.0
7807 1.0
7812 1.0
7838 1.0
7890 0.5
7891 0.5
7895 1.0
7911 1.0
7916 1.0
7937 1.0
8015 1.0
8020 1.0
8041 1.0
8270 1.0
8286 1.0
8395 1.0
8411 1.0
8416 1.0
8421 1.0
8432 1.0
8437 1.0
8515 1.0
8536 1.0
8541 1.0
8546 1.0
8556 0.3333333333333333
8557 0.6666666666666666
8562 1.0
8640 1.0
8645 1.0
8666 1.0
8890 1.0
8895 1.0
8911 1.0
8916 1.0
9015 1.0
9036 1.0
9057 1.0
9062 1.0
9140 1.0
9145 1.0
9161 1.0
9166 1.0
9182 1.0
9187 1.0
9265 1.0
9270 1.0
9286 1.0
9291 1.0
9416 1.0
9442 1.0
9515 1.0
9541 1.0
9562 0.8
9563 0.2
9567 1.0
9687 1.0
9692 1.0
9713 1.0
9765 1.0
9770 1.0
9791 1.0
9796 1.0
9817 1.0
9895 1.0
9916 1.0
10161 1.0
10166 1.0
10187 1.0
10213 1.0
10265 1.0
10270 1.0
10291 1.0
10312 1.0
10317 1.0
10338 1.0
10390 0.5
10391 0.5
10395 1.0
10416 1.0
10437 1.0
10442 1.0
10515 1.0
10520 1.0
10541 1.0
10546 1.0
10760 1.0
10765 1.0
10786 1.0
10791 1.0
10895 1.0
10911 1.0
10916 1.0
10937 1.0
11036 1.0
11041 1.0
11046 1.0
11062 1.0
11067 1.0
11140 1.0
11145 1.0
11390 1.0
11416 1.0
11510 1.0
11520 1.0
11536 1.0
11541 1.0
11557 1.0
11562 1.0
11640 1.0
11661 1.0
11666 1.0
11682 1.0
11687 1.0
11765 1.0
11770 1.0
12010 1.0
12031 1.0
12036 1.0
12140 1.0
12156 1.0
12161 1.0
12186 0.16666666666666666
12187 0.8333333333333334
12270 1.0
12281 1.0
12286 1.0
12291 1.0
12307 1.0
12390 1.0
12395 1.0
12416 1.0
12640 1.0
12645 1.0
12661 1.0
12666 1.0
12692 1.0
12770 1.0
12791 1.0
12812 1.0
12817 0.8888888888888888
12818 0.1111111111111111
12838 1.0
12843 1.0
12890 0.5
12891 0.5
12911 1.0
12916 1.0
12921 1.0
12937 1.0
12942 1.0
13020 1.0
13265 1.0
13270 1.0
13286 1.0
13291 1.0
13312 1.0
13390 1.0
13395 1.0
13411 1.0
13437 1.0
13442 1.0
13463 1.0
13515 1.0
13520 1.0
13536 1.0
13541 1.0
13546 1.0
13645 1.0
13666 1.0
13671 1.0
13885 1.0
13895 1.0
13911 1.0
13937 1.0
14020 1.0
14036 1.0
14041 1.0
14062 1.0
14067 1.0
14140 1.0
14145 1.0
14161 1.0
14166 1.0
14171 1.0
14187 1.0
14192 1.0
14270 1.0
14291 1.0
14515 1.0
14536 1.0
14640 1.0
14645 1.0
14661 1.0
14666 1.0
14687 1.0
14765 1.0
14770 1.0
14786 1.0
14791 1.0
14812 1.0
14817 1.0
14890 1.0
14895 1.0
14911 1.0
14916 1.0
15140 1.0
15265 1.0
15286 1.0
15291 1.0
15311 0.16666666666666666
15312 0.8333333333333334
15390 1.0
15411 1.0
15416 1.0
15432 1.0
15437 1.0
15515 1.0
15520 1.0
15541 1.0
15687 1.0
15708 0.6666666666666666
15709 0.3333333333333333
15713 0.8571428571428571
15714 0.14285714285714285
15734 1.0
15739 1.0
15833 1.0
15838 1.0
15859 1.0
16286 1.0
16307 1.0
16312 1.0
16333 0.8571428571428571
16334 0.14285714285714285
16338 1.0
16359 1.0
16458 1.0
16463 1.0
16479 1.0
16484 1.0
16906 1.0
16911 1.0
16932 1.0
17057 1.0
17083 1.0
17087 1.0
17109 1.0
17208 1.0
17531 1.0
17656 1.0
17677 1.0
17681 0.08333333333333333
17682 0.9166666666666666
17702 0.5
17703 0.5
17707 0.038461538461538464
17708 0.9615384615384616
17802 1.0
17807 1.0
17828 1.0
17833 1.0
18281 1.0
18302 1.0
18307 1.0
18328 1.0
18332 0.3333333333333333
18333 0.6666666666666666
18427 1.0
18432 1.0
18452 0.4444444444444444
18453 0.5555555555555556
18457 0.16666666666666666
18458 0.8333333333333334
18786 1.0
18807 1.0
18812 1.0
18833 1.0
18838 1.0
18859 1.0
18864 1.0
18958 1.0
18963 0.8571428571428571
18964 0.14285714285714285
18984 1.0
18989 1.0
19406 1.0
19411 1.0
19432 1.0
19458 1.0
19484 1.0
19562 1.0
19583 1.0
19588 1.0
19609 1.0
20031 1.0
20036 1.0
20062 1.0
20161 1.0
20182 1.0
20208 1.0
20213 1.0
20307 1.0
20328 1.0
20333 1.0
20656 1.0
20661 1.0
20781 1.0
20786 1.0
20802 1.0
20807 1.0
20832 0.25
20833 0.75
20927 1.0
20932 1.0
20953 1.0
20957 0.125
20958 0.875
21281 1.0
21406 1.0
21432 1.0
21458 1.0
21552 1.0
21557 1.0
21582 0.2857142857142857
21583 0.7142857142857143
21911 1.0
21916 1.0
21937 1.0
21942 1.0
21958 1.0
21963 1.0
21989 1.0
22083 1.0
22088 0.9411764705882353
22089 0.058823529411764705
22109 1.0
22114 1.0
22557 1.0
22562 1.0
22567 1.0
22661 1.0
22682 1.0
22687 1.0
22708 1.0
22713 1.0
22734 1.0
22739 1.0
22833 1.0
23156 1.0
23161 1.0
23182 1.0
23281 1.0
23286 1.0
23307 1.0
23312 1.0
23332 0.058823529411764705
23333 0.9411764705882353
23338 1.0
23432 1.0
23458 1.0
23786 1.0
23806 1.0
23812 1.0
23906 1.0
23911 1.0
23931 0.07692307692307693
23932 0.9230769230769231
23937 1.0
23957 0.25
23958 0.75
24057 1.0
24062 1.0
24077 1.0
24082 0.2
24083 0.8
24088 1.0
24531 1.0
24536 1.0
24556 0.16666666666666666
24557 0.8333333333333334
24677 1.0
24682 1.0
24707 0.5
24708 0.5
24807 1.0
25036 1.0
25041 1.0
25062 1.0
25182 1.0
25187 1.0
25208 1.0
25213 1.0
25234 1.0
25239 1.0
25338 1.0
25661 1.0
25687 1.0
25781 1.0
25786 1.0
25807 1.0
25812 1.0
25833 1.0
25838 1.0
25932 1.0
25957 0.3333333333333333
25958 0.6666666666666666
25963 1.0
26286 1.0
26312 1.0
26411 1.0
26432 1.0
26437 1.0
26457 0.6
26458 0.4
26463 1.0
26557 1.0
26562 1.0
26582 0.14285714285714285
26583 0.8571428571428571
26911 1.0
27036 1.0
27057 1.0
27062 1.0
27182 1.0
27187 1.0
27208 1.0
27656 1.0
27661 1.0
27681 0.3333333333333333
27682 0.6666666666666666
27687 1.0
27807 1.0
27812 1.0
27932 1.0
28161 1.0
28166 1.0
28291 1.0
28307 1.0
28312 1.0
28317 1.0
28333 1.0
28338 1.0
28343 1.0
28364 1.0
28458 1.0
28463 1.0
28786 1.0
28812 1.0
28911 1.0
28932 1.0
28937 1.0
28957 0.3333333333333333
28958 0.6666666666666666
28963 1.0
28989 1.0
29057 1.0
29062 1.0
29083 1.0
29088 1.0
29411 1.0
29437 1.0
29531 1.0
29536 1.0
29557 1.0
29562 1.0
29583 1.0
29588 1.0
29682 1.0
29687 1.0
29707 0.125
29708 0.875
29712 0.25
29713 0.75
30156 1.0
30182 1.0
30187 1.0
30307 1.0
30312 1.0
30332 0.6666666666666666
30333 0.3333333333333333
30432 1.0
30781 1.0
30786 1.0
30906 1.0
30932 1.0
30937 1.0
31057 1.0
31281 1.0
31307 1.0
31312 1.0
31333 1.0
31338 1.0
31359 1.0
31932 1.0
31958 1.0
31979 1.0
31983 0.043478260869565216
31984 0.9565217391304348
32078 1.0
32083 1.0
32104 1.0
32108 0.125
32109 0.875
32531 1.0
32552 1.0
32557 1.0
32583 1.0
32608 0.25
32609 0.75
32677 1.0
32703 1.0
32708 1.0
32728 0.2
32729 0.8
32734 1.0
33156 1.0
33182 1.0
33208 1.0
33302 1.0
33307 1.0
33327 0.03571428571428571
33328 0.9642857142857143
33333 1.0
33452 0.14285714285714285
33453 0.8571428571428571
33776 1.0
33781 1.0
33806 1.0
33901 1.0
33906 1.0
33927 1.0
33932 1.0
33952 0.26666666666666666
33953 0.7333333333333333
33957 0.5
33958 0.5
34052 1.0
34077 0.10526315789473684
34078 0.8947368421052632
34432 1.0
34437 1.0
34458 1.0
34463 1.0
34484 1.0
34489 1.0
34583 1.0
34609 1.0
35031 1.0
35036 1.0
35057 1.0
35062 1.0
35083 1.0
35109 1.0
35114 1.0
35203 1.0
35208 1.0
35228 0.25
35229 0.75
35234 1.0
35656 1.0
35682 1.0
35708 1.0
35802 1.0
35807 1.0
35828 1.0
35833 1.0
35854 1.0
35859 1.0
36281 1.0
36307 1.0
36427 1.0
36432 1.0
36452 0.21428571428571427
36453 0.7857142857142857
36457 0.058823529411764705
36458 0.9411764705882353
36552 1.0
36578 1.0
36906 1.0
37052 1.0
37057 1.0
37077 0.16666666666666666
37078 0.8333333333333334
37177 1.0
37182 1.0
37202 0.3333333333333333
37203 0.6666666666666666
37536 1.0
37557 1.0
37562 1.0
37583 1.0
37588 1.0
37609 1.0
37614 1.0
37708 1.0
37713 1.0
37734 1.0
38156 1.0
38182 1.0
38208 1.0
38213 1.0
38234 1.0
38333 1.0
38338 1.0
38359 1.0
38781 1.0
38807 1.0
38833 1.0
38932 1.0
38953 1.0
38957 0.05405405405405406
38958 0.9459459459459459
38984 1.0
39078 1.0
39406 1.0
39531 1.0
39551 0.3333333333333333
39552 0.6666666666666666
39557 1.0
39577 0.5
39578 0.5
39582 0.15
39583 0.85
39703 1.0
39708 1.0
40031 1.0
40151 1.0
40177 1.0
40182 1.0
40203 1.0
40207 0.5
40208 0.5
40302 1.0
40307 1.0
40327 0.2857142857142857
40328 0.7142857142857143
40332 0.25
40333 0.75
40661 1.0
40682 1.0
40687 1.0
40708 1.0
40713 1.0
40739 1.0
40833 1.0
40838 1.0
40858 0.08333333333333333
40859 0.9166666666666666
40864 1.0
41286 1.0
41307 1.0
41312 1.0
41432 1.0
41458 1.0
41463 1.0
41484 1.0
41906 1.0
41911 1.0
41932 1.0
41936 0.5
41937 0.5
42056 0.16666666666666666
42057 0.8333333333333334
42082 0.03225806451612903
42083 0.967741935483871
42109 1.0
42182 1.0
42203 1.0
42208 1.0
42531 1.0
42656 1.0
42681 0.07692307692307693
42682 0.9230769230769231
42707 0.2
42708 0.8
42802 1.0
42807 1.0
42827 0.5
42828 0.5
42832 0.2857142857142857
42833 0.7142857142857143
43156 1.0
43161 1.0
43276 1.0
43281 1.0
43302 1.0
43307 1.0
43333 1.0
43427 1.0
43432 1.0
43453 1.0
43457 0.5
43458 0.5
43807 1.0
43812 1.0
43838 1.0
43864 1.0
43958 1.0
43963 1.0
43984 1.0
43989 1.0
44411 1.0
44432 1.0
44437 1.0
44582 0.05
44583 0.95
44588 1.0
44614 1.0
44708 1.0
45031 1.0
45062 1.0
45156 1.0
45182 1.0
45207 0.038461538461538464
45208 0.9615384615384616
45307 1.0
45333 1.0
45656 1.0
45661 1.0
45781 1.0
45807 1.0
45832 0.2
45833 0.8
45932 1.0
45957 0.2222222222222222
45958 0.7777777777777778
46281 1.0
46406 1.0
46431 0.08333333333333333
46432 0.9166666666666666
46552 1.0
46557 1.0
46583 1.0
46677 1.0
46937 1.0
46958 1.0
46963 1.0
46979 1.0
46984 1.0
46989 1.0
47557 1.0
47578 1.0
47583 1.0
47603 0.07692307692307693
47604 0.9230769230769231
47609 1.0
47703 1.0
47729 1.0
48177 1.0
48182 1.0
48203 1.0
48208 1.0
48228 0.5
48229 0.5
48233 0.25
48234 0.75
48328 1.0
48333 1.0
48353 0.2857142857142857
48354 0.7142857142857143
48359 1.0
48802 1.0
48807 1.0
48828 1.0
48833 1.0
48927 1.0
48953 1.0
48978 0.2
48979 0.8
49078 1.0
49427 1.0
49431 1.0
49526 1.0
49552 1.0
49577 0.2727272727272727
49578 0.7272727272727273
49677 1.0
49702 0.375
49703 0.625
50057 1.0
50062 1.0
50083 1.0
50088 1.0
50104 1.0
50109 1.0
50114 1.0
50677 1.0
50682 1.0
50703 1.0
50708 1.0
50729 1.0
50734 1.0
50853 0.14285714285714285
50854 0.8571428571428571
50859 1.0
51281 1.0
51302 1.0
51307 1.0
51328 1.0
51333 1.0
51359 1.0
51453 1.0
51458 1.0
51478 0.375
51479 0.625
51483 0.14285714285714285
51484 0.8571428571428571
51927 1.0
51932 1.0
52052 1.0
52077 0.09523809523809523
52078 0.9047619047619048
52082 0.1111111111111111
52083 0.8888888888888888
52203 1.0
52526 1.0
52531 1.0
52557 1.0
52677 1.0
52702 0.23809523809523808
52703 0.7619047619047619
52707 1.0
52802 1.0
52827 0.18181818181818182
52828 0.8181818181818182
53182 1.0
53187 1.0
53208 1.0
53213 1.0
53234 1.0
53239 1.0
53359 1.0
53807 1.0
53812 1.0
53833 1.0
53838 1.0
53858 0.125
53859 0.875
53953 1.0
53958 1.0
53979 1.0
53983 0.06666666666666667
53984 0.9333333333333333
54406 1.0
54432 1.0
54484 1.0
54578 1.0
54583 1.0
54603 0.3333333333333333
54604 0.6666666666666666
54609 1.0
55031 1.0
55056 0.4
55057 0.6
55177 1.0
55182 1.0
55202 0.0625
55203 0.9375
55208 1.0
55328 1.0
55656 1.0
55681 0.5
55682 0.5
55776 1.0
55781 1.0
55802 1.0
55807 1.0
55827 0.5
55828 0.5
55833 1.0
55927 1.0
55952 0.375
55953 0.625
56307 1.0
56312 1.0
56333 1.0
56338 1.0
56359 1.0
56364 1.0
56458 1.0
56483 0.16666666666666666
56484 0.8333333333333334
56906 1.0
56932 1.0
56937 1.0
56958 1.0
56963 1.0
56983 0.5
56984 0.5
56989 1.0
57083 1.0
57108 0.08333333333333333
57109 0.9166666666666666
57557 1.0
57562 1.0
57583 1.0
57682 1.0
57703 1.0
57708 1.0
57733 0.3333333333333333
57734 0.6666666666666666
57828 1.0
58156 1.0
58182 1.0
58302 1.0
58306 0.25
58307 0.75
58327 0.06666666666666667
58328 0.9333333333333333
58332 0.058823529411764705
58333 0.9411764705882353
58453 1.0
58781 1.0
58901 1.0
58906 1.0
58926 0.25
58927 0.75
58932 1.0
58952 0.6666666666666666
58953 0.3333333333333333
58957 1.0
59052 1.0
59077 0.6363636363636364
59078 0.36363636363636365
59082 1.0
59432 1.0
59437 1.0
59458 1.0
59463 1.0
59484 1.0
59583 1.0
59609 1.0
59614 1.0
60056 0.14285714285714285
60057 0.8571428571428571
60062 1.0
60088 1.0
60208 1.0
60213 1.0
60233 0.42857142857142855
60234 0.5714285714285714
60239 1.0
60656 1.0
60682 1.0
60687 1.0
60807 1.0
60832 0.024390243902439025
60833 0.975609756097561
60859 1.0
60927 1.0
60953 1.0
60958 1.0
61427 1.0
61431 0.125
61432 0.875
61452 0.3333333333333333
61453 0.6666666666666666
61457 0.16666666666666666
61458 0.8333333333333334
61552 1.0
61577 0.25
61578 0.75
61583 1.0
61906 1.0
62031 1.0
62052 1.0
62057 1.0
62082 0.5
62083 0.5
62177 1.0
62182 1.0
62202 0.6666666666666666
62203 0.3333333333333333
62208 1.0
62557 1.0
62562 1.0
62583 1.0
62588 1.0
62604 1.0
62609 1.0
62614 1.0
63182 1.0
63202 0.3333333333333333
63203 0.6666666666666666
63208 1.0
63229 1.0
63233 0.038461538461538464
63234 0.9615384615384616
63354 1.0
63802 1.0
63807 1.0
63828 1.0
63833 1.0
63853 0.08333333333333333
63854 0.9166666666666666
63859 1.0
63953 1.0
63978 0.25
63979 0.75
64427 1.0
64453 1.0
64458 1.0
64552 1.0
64578 1.0
64603 0.4166666666666667
64604 0.5833333333333334
64703 1.0
65026 1.0
65031 1.0
65051 1.0
65056 1.0
65176 0.2857142857142857
65177 0.7142857142857143
65202 0.23529411764705882
65203 0.7647058823529411
65302 1.0
65327 0.5555555555555556
65328 0.4444444444444444
65682 1.0
65687 1.0
65708 1.0
65729 1.0
65734 1.0
65739 1.0
66307 1.0
66328 1.0
66333 1.0
66354 1.0
66359 1.0
66479 1.0
66927 1.0
66931 0.16666666666666666
66932 0.8333333333333334
66953 1.0
66958 1.0
66978 1.0
66984 1.0
67052 1.0
67078 1.0
67103 0.45454545454545453
67104 0.5454545454545454
67109 1.0
67552 1.0
67557 1.0
67578 1.0
67677 1.0
67702 0.037037037037037035
67703 0.9629629629629629
67708 1.0
67728 0.6666666666666666
67729 0.3333333333333333
67733 1.0
67828 1.0
68151 1.0
68156 1.0
68181 0.5
68182 0.5
68302 1.0
68327 0.16666666666666666
68328 0.8333333333333334
68427 1.0
68452 0.5
68453 0.5
68807 1.0
68812 1.0
68833 1.0
68838 1.0
68859 1.0
68864 1.0
68979 1.0
69427 1.0
69432 1.0
69437 1.0
69458 1.0
69484 1.0
69583 1.0
69604 1.0
69608 0.25
69609 0.75
70036 1.0
70052 1.0
70057 1.0
70083 1.0
70108 0.25
70109 0.75
70177 1.0
70203 1.0
70208 1.0
70228 0.5
70229 0.5
70234 1.0
70677 1.0
70682 1.0
70802 1.0
70827 0.045454545454545456
70828 0.9545454545454546
70833 1.0
70853 1.0
70927 1.0
70953 1.0
71281 1.0
71301 1.0
71307 1.0
71401 1.0
71427 1.0
71452 0.17647058823529413
71453 0.8235294117647058
71552 1.0
71577 0.38461538461538464
71578 0.6153846153846154
71911 1.0
71932 1.0
71937 1.0
71958 1.0
71963 1.0
71984 1.0
71989 1.0
72109 1.0
72557 1.0
72562 1.0
72583 1.0
72609 1.0
72703 1.0
72708 1.0
72729 1.0
72733 0.09090909090909091
72734 0.9090909090909091
73177 1.0
73182 1.0
73302 1.0
73328 1.0
73333 1.0
73353 0.5
73354 0.5
73358 0.3333333333333333
73359 0.6666666666666666
73781 1.0
73802 1.0
73807 1.0
73901 1.0
73927 1.0
73952 0.05
73953 0.95
73958 1.0
73978 1.0
74052 1.0
74078 1.0
74406 1.0
74432 1.0
74526 1.0
74552 1.0
74557 1.0
74577 0.1
74578 0.9
74677 1.0
74702 0.25
74703 0.75
75036 1.0
75057 1.0
75062 1.0
75083 1.0
75088 1.0
75109 1.0
75114 1.0
75208 1.0
75234 1.0
75656 1.0
75682 1.0
75708 1.0
75734 1.0
75828 1.0
75833 1.0
75858 0.05555555555555555
75859 0.9444444444444444
76281 1.0
76286 1.0
76307 1.0
76333 1.0
76432 1.0
76453 1.0
76458 1.0
76484 1.0
76578 1.0
76906 1.0
77051 0.16666666666666666
77052 0.8333333333333334
77057 1.0
77077 0.16666666666666666
77078 0.8333333333333334
77083 1.0
77177 1.0
77203 1.0
77556 0.5
77557 0.5
77677 1.0
77702 0.14285714285714285
77703 0.8571428571428571
77708 1.0
77802 1.0
77827 0.4444444444444444
77828 0.5555555555555556
