0 1.0
6 1.0
12 1.0
25 1.0
31 0.9791666666666666
32 0.020833333333333332
37 1.0
43 0.9894736842105263
44 0.010526315789473684
49 1.0
50 1.0
56 0.974025974025974
57 0.025974025974025976
62 0.9781021897810219
63 0.021897810218978103
68 0.9835164835164835
69 0.016483516483516484
74 1.0
75 0.9565217391304348
76 0.043478260869565216
81 0.9809523809523809
82 0.01904761904761905
87 0.963302752293578
88 0.03669724770642202
93 1.0
99 1.0
100 0.96875
101 0.03125
106 0.9887640449438202
107 0.011235955056179775
112 1.0
118 1.0
125 1.0
131 0.9523809523809523
132 0.047619047619047616
137 0.9629629629629629
138 0.037037037037037035
143 0.98
144 0.02
149 1.0
156 1.0
162 0.9333333333333333
163 0.06666666666666667
168 0.9244186046511628
169 0.0755813953488372
174 1.0
193 1.0
199 1.0
250 1.0
256 0.9
257 0.1
262 1.0
268 0.9555555555555556
269 0.044444444444444446
274 1.0
375 1.0
381 1.0
387 1.0
393 0.9655172413793104
394 0.034482758620689655
399 1.0
506 1.0
512 0.8888888888888888
513 0.1111111111111111
518 0.90625
519 0.09375
524 1.0
