0 1.0
6 1.0
25 0.95
26 0.05
31 0.98
32 0.02
37 0.9333333333333333
38 0.06666666666666667
43 1.0
50 0.967741935483871
51 0.03225806451612903
56 0.9809523809523809
57 0.01904761904761905
62 0.9791666666666666
63 0.020833333333333332
68 0.9927536231884058
69 0.007246376811594203
74 1.0
75 0.9827586206896551
76 0.017241379310344827
81 0.9846153846153847
82 0.015384615384615385
87 0.9871794871794872
88 0.01282051282051282
93 0.9782608695652174
94 0.021739130434782608
99 1.0
100 1.0
106 0.9826086956521739
107 0.017391304347826087
112 1.0
125 1.0
131 1.0
137 1.0
143 0.9032258064516129
144 0.0967741935483871
149 1.0
151 1.0
156 0.8888888888888888
157 0.1111111111111111
162 0.9577464788732394
163 0.04225352112676056
168 0.9565217391304348
169 0.043478260869565216
174 1.0
187 0.9583333333333334
188 0.041666666666666664
193 0.8992248062015504
194 0.10077519379844961
199 1.0
250 1.0
256 1.0
262 0.96875
263 0.03125
268 0.9310344827586207
269 0.06896551724137931
274 1.0
287 0.75
288 0.25
293 1.0
299 1.0
375 1.0
381 1.0
387 0.9230769230769231
388 0.07692307692307693
393 0.9743589743589743
394 0.02564102564102564
399 1.0
506 1.0
512 0.8947368421052632
513 0.10526315789473684
518 0.9512195121951219
519 0.04878048780487805
524 1.0
