57 1.0
62 1.0
67 1.0
83 1.0
88 1.0
114 1.0
187 0.6666666666666666
188 0.3333333333333333
208 1.0
213 1.0
234 1.0
239 1.0
270 1.0
291 1.0
312 1.0
395 1.0
416 1.0
515 1.0
661 1.0
682 1.0
786 1.0
807 1.0
812 1.0
833 1.0
838 1.0
859 1.0
911 1.0
916 1.0
937 1.0
958 1.0
963 1.0
1036 1.0
1062 1.0
1067 1.0
1145 1.0
1166 1.0
1286 1.0
1307 1.0
1406 1.0
1411 1.0
1432 1.0
1437 1.0
1458 1.0
1536 1.0
1541 1.0
1557 1.0
1562 1.0
1583 1.0
1588 1.0
1661 1.0
1667 1.0
1687 1.0
1765 1.0
1770 1.0
2015 1.0
2031 1.0
2036 1.0
2057 1.0
2156 1.0
2161 1.0
2182 1.0
2187 1.0
2208 1.0
2265 1.0
2270 1.0
2286 1.0
2291 1.0
2312 1.0
2395 1.0
2416 1.0
2656 1.0
2661 1.0
2770 1.0
2781 1.0
2806 0.09090909090909091
2807 0.9090909090909091
2890 1.0
2911 1.0
2916 1.0
2932 1.0
3015 1.0
3020 1.0
3036 1.0
3041 1.0
3166 1.0
3187 1.0
3286 1.0
3291 1.0
3312 0.6666666666666666
3313 0.3333333333333333
3333 1.0
3338 1.0
3359 1.0
3364 1.0
3416 1.0
3437 1.0
3442 1.0
3458 1.0
3516 1.0
3520 1.0
3791 1.0
3812 1.0
3911 1.0
3916 1.0
3932 1.0
3937 1.0
3958 1.0
3963 1.0
4020 1.0
4057 1.0
4062 1.0
4067 1.0
4083 1.0
4088 1.0
4145 1.0
4166 1.0
4270 1.0
4541 1.0
4557 1.0
4561 0.3333333333333333
4562 0.6666666666666666
4588 1.0
4682 1.0
4687 1.0
4692 1.0
4708 1.0
4713 1.0
4786 1.0
4791 1.0
4890 1.0
4895 1.0
4916 1.0
5156 1.0
5161 1.0
5166 1.0
5281 1.0
5286 1.0
5307 1.0
5312 1.0
5390 1.0
5411 1.0
5416 1.0
5515 1.0
5520 1.0
5541 1.0
5765 1.0
5781 1.0
5786 1.0
5890 1.0
5895 1.0
5906 1.0
5911 1.0
5932 1.0
5937 1.0
6010 1.0
6015 1.0
6031 1.0
6036 1.0
6041 1.0
6057 1.0
6061 1.0
6140 1.0
6145 1.0
6166 1.0
6286 1.0
6395 1.0
6411 1.0
6416 1.0
6421 1.0
6437 1.0
6463 1.0
6515 1.0
6520 1.0
6536 1.0
6541 1.0
6562 1.0
6567 1.0
6588 1.0
6593 1.0
6666 1.0
6692 1.0
6770 1.0
7015 1.0
7036 1.0
7062 1.0
7088 1.0
7140 1.0
7166 1.0
7182 1.0
7187 1.0
7208 1.0
7213 1.0
7265 1.0
7270 1.0
7291 1.0
7296 1.0
7312 1.0
7390 1.0
7395 1.0
7661 1.0
7687 1.0
7765 1.0
7770 1.0
7786 0.8
7787 0.2
7791 1.0
7807 1.0
7812 1.0
7838 1.0
7890 1.0
7895 1.0
7911 1.0
7916 1.0
7937 1.0
8015 1.0
8020 1.0
8041 1.0
8265 1.0
8281 1.0
8286 1.0
8390 1.0
8406 1.0
8411 1.0
8416 1.0
8432 1.0
8437 1.0
8515 1.0
8531 1.0
8536 1.0
8541 1.0
8546 1.0
8557 1.0
8562 1.0
8640 1.0
8645 1.0
8666 1.0
8890 1.0
8906 1.0
8910 0.25
8911 0.75
9015 1.0
9031 1.0
9036 1.0
9057 1.0
9061 1.0
9140 1.0
9156 1.0
9161 1.0
9166 1.0
9181 0.3333333333333333
9182 0.6666666666666666
9187 1.0
9265 1.0
9270 1.0
9286 1.0
9291 1.0
9416 1.0
9442 1.0
9515 1.0
9541 1.0
9562 1.0
9567 1.0
9588 1.0
9687 1.0
9692 1.0
9713 1.0
9770 1.0
9787 1.0
9791 1.0
9796 1.0
9895 1.0
9916 1.0
10161 1.0
10166 1.0
10187 1.0
10213 1.0
10265 1.0
10270 1.0
10286 1.0
10312 1.0
10317 1.0
10338 1.0
10390 1.0
10395 1.0
10411 1.0
10416 1.0
10437 1.0
10442 1.0
10515 1.0
10520 1.0
10541 1.0
10546 1.0
10760 1.0
10765 1.0
10786 1.0
10791 1.0
10890 1.0
10911 1.0
10916 1.0
10932 1.0
10937 1.0
11036 1.0
11041 1.0
11062 1.0
11140 1.0
11145 1.0
11171 1.0
11411 1.0
11510 1.0
11520 1.0
11531 1.0
11536 1.0
11557 1.0
11562 1.0
11640 1.0
11661 1.0
11666 1.0
11682 1.0
11687 1.0
11765 1.0
11770 1.0
12010 1.0
12031 1.0
12036 1.0
12140 1.0
12156 1.0
12161 1.0
12182 1.0
12186 1.0
12265 1.0
12270 1.0
12281 1.0
12286 1.0
12291 1.0
12307 1.0
12390 1.0
12395 1.0
12416 1.0
12645 1.0
12661 1.0
12666 1.0
12692 1.0
12770 1.0
12791 1.0
12812 1.0
12817 1.0
12838 1.0
12843 1.0
12890 1.0
12916 1.0
12921 1.0
12937 1.0
12942 1.0
13020 1.0
13265 1.0
13286 1.0
13291 1.0
13312 1.0
13390 1.0
13395 1.0
13411 1.0
13437 1.0
13463 1.0
13515 1.0
13520 1.0
13536 1.0
13541 1.0
13562 1.0
13645 1.0
13666 1.0
13671 1.0
13885 1.0
13895 1.0
13911 1.0
13937 1.0
14020 1.0
14036 1.0
14041 1.0
14057 1.0
14062 1.0
14140 1.0
14145 1.0
14161 1.0
14166 1.0
14186 0.25
14187 0.75
14265 1.0
14270 1.0
14291 1.0
14515 1.0
14640 1.0
14645 1.0
14661 1.0
14666 1.0
14686 0.25
14687 0.75
14765 1.0
14770 1.0
14786 1.0
14791 1.0
14812 1.0
14890 1.0
14895 1.0
14911 1.0
14916 1.0
15140 1.0
15260 1.0
15265 1.0
15281 1.0
15286 1.0
15385 1.0
15390 1.0
15406 1.0
15411 1.0
15416 1.0
15431 0.16666666666666666
15432 0.8333333333333334
15437 1.0
15515 1.0
15520 1.0
15541 1.0
15682 1.0
15687 1.0
15708 1.0
15713 1.0
15729 1.0
15734 1.0
15739 1.0
15833 1.0
15859 1.0
16286 1.0
16307 1.0
16312 1.0
16333 1.0
16359 1.0
16453 1.0
16458 1.0
16463 1.0
16479 1.0
16484 1.0
16583 1.0
16906 1.0
16932 1.0
17057 1.0
17078 1.0
17082 0.04
17083 0.96
17109 1.0
17203 1.0
17531 1.0
17656 1.0
17677 1.0
17682 1.0
17702 0.4
17703 0.6
17707 0.125
17708 0.875
17802 1.0
17807 1.0
17827 0.4
17828 0.6
17833 1.0
17927 1.0
18276 1.0
18302 1.0
18306 0.5
18307 0.5
18328 1.0
18427 1.0
18432 1.0
18452 0.6666666666666666
18453 0.3333333333333333
18552 1.0
18786 1.0
18807 1.0
18812 1.0
18833 1.0
18838 1.0
18859 1.0
18864 1.0
18958 1.0
18963 1.0
18984 1.0
18989 1.0
19406 1.0
19411 1.0
19432 1.0
19458 1.0
19557 1.0
19562 1.0
19583 1.0
19588 1.0
19609 1.0
20031 1.0
20036 1.0
20057 1.0
20156 1.0
20182 1.0
20203 1.0
20207 0.045454545454545456
20208 0.9545454545454546
20307 1.0
20327 0.2
20328 0.8
20332 0.5
20333 0.5
20656 1.0
20661 1.0
20776 1.0
20781 1.0
20802 1.0
20807 1.0
20927 1.0
20932 1.0
20952 0.3333333333333333
20953 0.6666666666666666
20957 0.2
20958 0.8
21281 1.0
21406 1.0
21432 1.0
21552 1.0
21557 1.0
21577 0.6666666666666666
21578 0.3333333333333333
21582 1.0
21677 1.0
21911 1.0
21932 1.0
21937 1.0
21958 1.0
21963 1.0
21988 0.5
21989 0.5
22083 1.0
22088 1.0
22109 1.0
22114 1.0
22557 1.0
22562 1.0
22656 1.0
22682 1.0
22687 1.0
22708 1.0
22713 1.0
22734 1.0
22832 0.3333333333333333
22833 0.6666666666666666
23156 1.0
23161 1.0
23182 1.0
23281 1.0
23307 1.0
23332 0.1111111111111111
23333 0.8888888888888888
23432 1.0
23452 0.5
23453 0.5
23457 0.1111111111111111
23458 0.8888888888888888
23781 1.0
23906 1.0
23911 1.0
23932 1.0
23958 1.0
24052 1.0
24057 1.0
24062 1.0
24077 1.0
24083 1.0
24177 1.0
24526 1.0
24531 1.0
24557 1.0
24656 1.0
24677 1.0
24682 1.0
24702 1.0
24802 1.0
24807 1.0
25036 1.0
25041 1.0
25062 1.0
25182 1.0
25187 1.0
25208 1.0
25213 1.0
25234 1.0
25239 1.0
25333 1.0
25661 1.0
25682 1.0
25687 1.0
25781 1.0
25786 1.0
25807 1.0
25812 1.0
25832 0.2
25833 0.8
25838 1.0
25932 1.0
25957 0.14285714285714285
25958 0.8571428571428571
25963 1.0
26286 1.0
26411 1.0
26432 1.0
26436 0.3333333333333333
26437 0.6666666666666666
26458 1.0
26552 1.0
26557 1.0
26562 1.0
26582 0.25
26583 0.75
26911 1.0
27031 1.0
27036 1.0
27056 0.25
27057 0.75
27177 1.0
27182 1.0
27187 1.0
27207 0.5
27208 0.5
27656 1.0
27682 1.0
27781 1.0
27802 1.0
27806 0.07407407407407407
27807 0.9259259259259259
27927 1.0
27932 1.0
28161 1.0
28286 1.0
28307 1.0
28312 1.0
28333 1.0
28338 1.0
28343 1.0
28363 0.3333333333333333
28364 0.6666666666666666
28458 1.0
28463 1.0
28786 1.0
28812 1.0
28911 1.0
28932 1.0
28937 1.0
28958 1.0
28963 1.0
29057 1.0
29062 1.0
29083 1.0
29087 0.25
29088 0.75
29406 1.0
29531 1.0
29536 1.0
29557 1.0
29562 1.0
29582 0.25
29583 0.75
29682 1.0
29687 1.0
29707 0.25
29708 0.75
29712 0.5
29713 0.5
30156 1.0
30182 1.0
30281 1.0
30306 0.05
30307 0.95
30312 1.0
30432 1.0
30781 1.0
30786 1.0
30906 1.0
30932 1.0
30937 1.0
31052 1.0
31057 1.0
31281 1.0
31307 1.0
31312 1.0
31333 1.0
31354 1.0
31358 0.034482758620689655
31359 0.9655172413793104
31927 1.0
31932 1.0
31953 1.0
31958 1.0
31979 1.0
31983 0.125
31984 0.875
32078 1.0
32104 1.0
32108 0.25
32109 0.75
32531 1.0
32552 1.0
32557 1.0
32578 1.0
32583 1.0
32604 1.0
32677 1.0
32703 1.0
32708 1.0
32728 0.3333333333333333
32729 0.6666666666666666
32828 1.0
33151 1.0
33156 1.0
33177 1.0
33302 1.0
33327 0.2
33328 0.8
33427 1.0
33452 0.11764705882352941
33453 0.8823529411764706
33776 1.0
33901 1.0
33926 0.1
33927 0.9
33952 0.5
33953 0.5
34052 1.0
34077 1.0
34177 1.0
34432 1.0
34437 1.0
34458 1.0
34463 1.0
34479 1.0
34484 1.0
34489 1.0
34583 1.0
34609 1.0
35031 1.0
35036 1.0
35057 1.0
35083 1.0
35109 1.0
35203 1.0
35208 1.0
35228 0.25
35229 0.75
35233 0.3076923076923077
35234 0.6923076923076923
35656 1.0
35682 1.0
35802 1.0
35827 0.06666666666666667
35828 0.9333333333333333
35833 1.0
35853 0.6666666666666666
35854 0.3333333333333333
35858 1.0
35953 1.0
36281 1.0
36306 0.5
36307 0.5
36406 1.0
36427 1.0
36432 1.0
36453 1.0
36458 1.0
36552 1.0
36577 0.2
36578 0.8
36906 1.0
37026 1.0
37031 1.0
37052 1.0
37177 1.0
37202 1.0
37302 1.0
37536 1.0
37557 1.0
37562 1.0
37583 1.0
37588 1.0
37609 1.0
37614 1.0
37708 1.0
37733 0.14285714285714285
37734 0.8571428571428571
38156 1.0
38182 1.0
38208 1.0
38234 1.0
38307 1.0
38328 1.0
38333 1.0
38358 0.14285714285714285
38359 0.8571428571428571
38781 1.0
38807 1.0
38833 1.0
38927 1.0
38931 0.25
38932 0.75
38952 0.125
38953 0.875
38957 0.047619047619047616
38958 0.9523809523809523
38984 1.0
39078 1.0
39083 1.0
39406 1.0
39526 1.0
39552 1.0
39557 1.0
39577 0.2
39578 0.8
39583 1.0
39677 1.0
39703 1.0
39707 0.6666666666666666
39708 0.3333333333333333
40031 1.0
40151 1.0
40156 1.0
40177 1.0
40182 1.0
40302 1.0
40307 1.0
40427 1.0
40661 1.0
40682 1.0
40687 1.0
40708 1.0
40713 1.0
40734 1.0
40739 1.0
40833 1.0
40838 1.0
40859 1.0
40864 1.0
41281 1.0
41306 0.25
41307 0.75
41312 1.0
41432 1.0
41453 1.0
41458 1.0
41484 1.0
41583 1.0
41906 1.0
41911 1.0
41932 1.0
41937 1.0
42031 1.0
42052 1.0
42057 1.0
42078 1.0
42082 0.13636363636363635
42083 0.8636363636363636
42108 1.0
42177 1.0
42182 1.0
42202 1.0
42208 1.0
42531 1.0
42651 1.0
42656 1.0
42677 1.0
42682 1.0
42707 0.6
42708 0.4
42802 1.0
42807 1.0
42827 0.6
42828 0.4
42832 0.5
42833 0.5
43156 1.0
43276 1.0
43281 1.0
43307 1.0
43426 0.047619047619047616
43427 0.9523809523809523
43432 1.0
43551 0.14285714285714285
43552 0.8571428571428571
43807 1.0
43812 1.0
43838 1.0
43864 1.0
43958 1.0
43963 1.0
43984 1.0
43989 1.0
44411 1.0
44432 1.0
44437 1.0
44557 1.0
44583 1.0
44588 1.0
44614 1.0
44708 1.0
45062 1.0
45156 1.0
45182 1.0
45207 0.11764705882352941
45208 0.8823529411764706
45307 1.0
45332 0.18181818181818182
45333 0.8181818181818182
45656 1.0
45781 1.0
45806 0.1
45807 0.9
45832 1.0
45927 1.0
45932 1.0
45952 1.0
45958 1.0
46052 1.0
46401 1.0
46406 1.0
46432 1.0
46552 1.0
46557 1.0
46677 1.0
46932 1.0
46937 1.0
46958 1.0
46963 1.0
46979 1.0
46984 1.0
46989 1.0
47557 1.0
47578 1.0
47583 1.0
47604 1.0
47609 1.0
47703 1.0
47729 1.0
48151 1.0
48156 1.0
48177 1.0
48182 1.0
48203 1.0
48208 1.0
48229 1.0
48328 1.0
48353 0.14285714285714285
48354 0.8571428571428571
48453 1.0
48802 1.0
48807 1.0
48926 0.1111111111111111
48927 0.8888888888888888
48952 0.10714285714285714
48953 0.8928571428571429
49052 1.0
49077 0.2857142857142857
49078 0.7142857142857143
49401 1.0
49526 1.0
49552 1.0
49577 0.6
49578 0.4
49651 1.0
49677 1.0
49702 0.6
49703 0.4
49802 1.0
50057 1.0
50062 1.0
50083 1.0
50104 1.0
50109 1.0
50114 1.0
50229 1.0
50682 1.0
50703 1.0
50707 0.3333333333333333
50708 0.6666666666666666
50729 1.0
50734 1.0
50802 1.0
50828 1.0
50833 1.0
50853 0.1111111111111111
50854 0.8888888888888888
50859 1.0
51281 1.0
51302 1.0
51307 1.0
51333 1.0
51427 1.0
51453 1.0
51458 1.0
51478 0.5
51479 0.5
51484 1.0
51578 1.0
51927 1.0
51931 0.25
51932 0.75
52052 1.0
52077 0.2777777777777778
52078 0.7222222222222222
52177 1.0
52202 0.25
52203 0.75
52526 1.0
52531 1.0
52651 1.0
52677 1.0
52702 1.0
52802 1.0
52827 0.8
52828 0.2
52927 1.0
53182 1.0
53187 1.0
53208 1.0
53233 0.041666666666666664
53234 0.9583333333333334
53239 1.0
53333 1.0
53359 1.0
53807 1.0
53833 1.0
53858 0.25
53859 0.75
53953 1.0
53958 1.0
53979 1.0
53983 0.21428571428571427
53984 0.7857142857142857
54406 1.0
54432 1.0
54578 1.0
54583 1.0
54608 0.6666666666666666
54609 0.3333333333333333
54703 1.0
55031 1.0
55057 1.0
55151 1.0
55176 0.125
55177 0.875
55202 0.25
55203 0.75
55208 1.0
55302 1.0
55327 0.3333333333333333
55328 0.6666666666666666
55776 1.0
55801 0.2
55802 0.8
55927 1.0
55952 1.0
56052 1.0
56307 1.0
56312 1.0
56333 1.0
56338 1.0
56359 1.0
56364 1.0
56458 1.0
56484 1.0
56906 1.0
56932 1.0
56937 1.0
56958 1.0
56984 1.0
57057 1.0
57078 1.0
57083 1.0
57108 0.1
57109 0.9
57556 0.14285714285714285
57557 0.8571428571428571
57651 1.0
57677 1.0
57702 0.07692307692307693
57703 0.9230769230769231
57708 1.0
57729 1.0
57828 1.0
57833 1.0
58156 1.0
58276 1.0
58281 1.0
58301 0.09090909090909091
58302 0.9090909090909091
58307 1.0
58327 0.5
58328 0.5
58333 1.0
58427 1.0
58452 0.3076923076923077
58453 0.6923076923076923
58901 1.0
59052 1.0
59177 1.0
59432 1.0
59437 1.0
59458 1.0
59463 1.0
59484 1.0
59583 1.0
59609 1.0
59614 1.0
60031 1.0
60057 1.0
60062 1.0
60083 1.0
60182 1.0
60203 1.0
60208 1.0
60213 1.0
60234 1.0
60328 1.0
60656 1.0
60682 1.0
60802 1.0
60806 0.25
60807 0.75
60827 1.0
60833 1.0
60927 1.0
60953 1.0
60958 1.0
61401 1.0
61406 1.0
61427 1.0
61432 1.0
61453 1.0
61457 1.0
61552 1.0
61557 1.0
61577 0.3
61578 0.7
62026 1.0
62031 1.0
62052 1.0
62177 1.0
62202 1.0
62302 1.0
62557 1.0
62562 1.0
62583 1.0
62587 1.0
62604 1.0
62609 1.0
63177 1.0
63182 1.0
63203 1.0
63208 1.0
63229 1.0
63234 1.0
63354 1.0
63802 1.0
63807 1.0
63827 0.16666666666666666
63828 0.8333333333333334
63853 0.25
63854 0.75
63953 1.0
63978 0.14285714285714285
63979 0.8571428571428571
64078 1.0
64427 1.0
64552 1.0
64577 0.08108108108108109
64578 0.918918918918919
64677 1.0
64702 0.23529411764705882
64703 0.7647058823529411
65026 1.0
65151 1.0
65177 1.0
65202 0.6666666666666666
65203 0.3333333333333333
65302 1.0
65327 0.5
65328 0.5
65427 1.0
65682 1.0
65687 1.0
65703 1.0
65708 1.0
65729 1.0
65734 1.0
65739 1.0
66302 1.0
66307 1.0
66328 1.0
66333 1.0
66354 1.0
66359 1.0
66453 1.0
66479 1.0
66906 1.0
66927 1.0
66932 1.0
66953 1.0
66984 1.0
67052 1.0
67078 1.0
67103 0.5
67104 0.5
67203 1.0
67551 0.25
67552 0.75
67557 1.0
67676 0.2
67677 0.8
67702 0.15
67703 0.85
67802 1.0
67827 0.5714285714285714
67828 0.42857142857142855
68151 1.0
68156 1.0
68176 1.0
68276 1.0
68302 1.0
68327 1.0
68427 1.0
68452 1.0
68552 1.0
68807 1.0
68812 1.0
68833 1.0
68838 1.0
68854 1.0
68859 1.0
68864 1.0
68979 1.0
69427 1.0
69432 1.0
69453 1.0
69458 1.0
69479 1.0
69483 0.07692307692307693
69484 0.9230769230769231
69578 1.0
69604 1.0
69609 1.0
70031 1.0
70051 0.3333333333333333
70052 0.6666666666666666
70057 1.0
70083 1.0
70177 1.0
70202 0.043478260869565216
70203 0.9565217391304348
70208 1.0
70228 0.5
70229 0.5
70328 1.0
70677 1.0
70682 1.0
70776 1.0
70801 0.2222222222222222
70802 0.7777777777777778
70827 0.125
70828 0.875
70927 1.0
70952 0.2857142857142857
70953 0.7142857142857143
71276 1.0
71281 1.0
71401 1.0
71427 1.0
71453 1.0
71552 1.0
71577 0.6666666666666666
71578 0.3333333333333333
71677 1.0
71911 1.0
71932 1.0
71937 1.0
71958 1.0
71963 1.0
71983 0.047619047619047616
71984 0.9523809523809523
71989 1.0
72078 1.0
72083 1.0
72109 1.0
72557 1.0
72562 1.0
72583 1.0
72609 1.0
72703 1.0
72708 1.0
72729 1.0
72733 0.14285714285714285
72734 0.8571428571428571
73177 1.0
73182 1.0
73301 0.16666666666666666
73302 0.8333333333333334
73307 1.0
73327 0.038461538461538464
73328 0.9615384615384616
73333 1.0
73353 1.0
73359 1.0
73453 1.0
73776 1.0
73801 1.0
73807 1.0
73901 1.0
73927 1.0
73952 0.35714285714285715
73953 0.6428571428571429
74052 1.0
74077 0.3333333333333333
74078 0.6666666666666666
74177 1.0
74401 1.0
74526 1.0
74552 1.0
74677 1.0
74702 0.5
74703 0.5
74802 1.0
75036 1.0
75057 1.0
75062 1.0
75083 1.0
75088 1.0
75109 1.0
75114 1.0
75208 1.0
75233 0.07142857142857142
75234 0.9285714285714286
75656 1.0
75682 1.0
75708 1.0
75734 1.0
75828 1.0
75833 1.0
75854 1.0
75858 0.0625
75859 0.9375
76281 1.0
76307 1.0
76427 1.0
76432 1.0
76452 0.07692307692307693
76453 0.9230769230769231
76458 1.0
76483 1.0
76578 1.0
76901 1.0
76906 1.0
77026 1.0
77052 1.0
77077 0.2222222222222222
77078 0.7777777777777778
77177 1.0
77203 1.0
77651 1.0
77676 0.3333333333333333
77677 0.6666666666666666
77801 0.03125
77802 0.96875
77827 1.0
77927 1.0
