55 1.0
60 1.0
80 1.0
105 1.0
151 1.0
176 1.0
181 1.0
201 1.0
206 1.0
231 1.0
267 1.0
287 1.0
302 1.0
312 1.0
327 1.0
413 1.0
418 1.0
433 1.0
776 1.0
877 1.0
887 1.0
902 1.0
927 1.0
1003 1.0
1028 1.0
1033 1.0
1038 1.0
1053 1.0
1129 1.0
1144 1.0
1149 1.0
1154 1.0
1159 1.0
1502 1.0
1628 1.0
1653 1.0
1754 1.0
1764 1.0
1779 1.0
2127 1.0
2253 1.0
2263 1.0
2379 1.0
2384 1.0
2389 1.0
2394 1.0
2752 1.0
2762 1.0
2767 1.0
2878 1.0
2883 1.0
3004 1.0
3009 1.0
3014 1.0
3019 1.0
3024 1.0
3155 1.0
3160 1.0
3185 1.0
3210 1.0
3276 1.0
3281 1.0
3286 1.0
3291 1.0
3301 1.0
3306 1.0
3331 1.0
3336 1.0
3361 1.0
3402 1.0
3412 1.0
3427 0.6
3428 0.4
3432 1.0
3437 1.0
3457 1.0
3523 1.0
3533 1.0
3543 1.0
3553 1.0
3876 1.0
3881 1.0
3901 1.0
3906 1.0
4002 1.0
4012 1.0
4017 1.0
4052 1.0
4128 1.0
4143 1.0
4153 0.95
4154 0.05
4158 1.0
4163 1.0
4254 1.0
4269 1.0
4274 1.0
4279 1.0
4284 1.0
4289 1.0
4627 1.0
4632 1.0
4753 1.0
4758 1.0
4879 1.0
4884 1.0
4889 1.0
4894 1.0
5252 1.0
5378 1.0
5383 1.0
5504 1.0
5509 1.0
5519 1.0
5877 1.0
5892 1.0
6003 0.8333333333333334
6004 0.16666666666666666
6008 1.0
6129 1.0
6134 1.0
6139 1.0
6144 1.0
6280 1.0
6285 1.0
6391 1.0
6406 1.0
6411 1.0
6416 1.0
6432 1.0
6436 1.0
6456 1.0
6461 1.0
6517 1.0
6532 1.0
6537 1.0
6542 1.0
6557 1.0
6562 1.0
6567 1.0
6582 1.0
6648 1.0
6658 1.0
6663 1.0
6668 1.0
6683 1.0
6693 1.0
6769 1.0
6774 1.0
7026 1.0
7031 1.0
7127 1.0
7137 1.0
7152 1.0
7253 1.0
7263 1.0
7268 1.0
7273 1.0
7278 0.8888888888888888
7279 0.1111111111111111
7283 0.6666666666666666
7284 0.3333333333333333
7288 1.0
7293 1.0
7303 1.0
7379 1.0
7394 1.0
7399 1.0
7404 1.0
7409 1.0
7752 1.0
7757 1.0
7762 1.0
7878 1.0
7883 1.0
7893 1.0
7898 1.0
7903 1.0
8004 1.0
8009 1.0
8014 1.0
8377 1.0
8382 1.0
8387 1.0
8503 1.0
8508 1.0
8629 1.0
8634 1.0
8639 1.0
8644 1.0
8649 1.0
8881 1.0
9002 1.0
9007 1.0
9128 1.0
9133 1.0
9254 1.0
9259 1.0
9264 1.0
9269 1.0
9274 1.0
9410 1.0
9511 1.0
9531 1.0
9536 1.0
9541 1.0
9556 1.0
9561 1.0
9657 1.0
9662 1.0
9682 1.0
9687 1.0
9763 1.0
9773 1.0
9788 0.75
9789 0.25
9793 1.0
9798 1.0
9808 1.0
9813 1.0
9899 1.0
9919 1.0
10131 1.0
10252 1.0
10257 1.0
10262 1.0
10267 1.0
10272 1.0
10277 1.0
10282 1.0
10307 1.0
10383 1.0
10388 1.0
10393 1.0
10403 1.0
10408 1.0
10413 1.0
10428 1.0
10514 1.0
10519 1.0
10524 1.0
10529 1.0
10534 1.0
10539 1.0
10751 1.0
10877 1.0
10882 1.0
10892 1.0
11003 1.0
11008 1.0
11013 1.0
11129 1.0
11134 1.0
11139 1.0
11144 1.0
11149 1.0
11502 1.0
11512 1.0
11628 1.0
11633 1.0
11754 1.0
11759 1.0
11774 1.0
12127 1.0
12132 1.0
12253 1.0
12263 1.0
12379 1.0
12389 1.0
12399 1.0
12631 1.0
12636 1.0
12646 1.0
12656 1.0
12661 1.0
12666 1.0
12686 1.0
12711 1.0
12767 1.0
12772 1.0
12782 1.0
12792 1.0
12807 1.0
12812 1.0
12817 1.0
12837 1.0
12893 1.0
12908 1.0
12913 1.0
12918 1.0
12933 1.0
12938 1.0
13024 1.0
13261 1.0
13377 1.0
13382 1.0
13387 1.0
13392 1.0
13402 1.0
13513 1.0
13528 0.8
13529 0.2
13533 1.0
13538 1.0
13629 1.0
13639 1.0
13644 1.0
13649 1.0
13654 1.0
13664 1.0
13876 1.0
14002 1.0
14012 1.0
14017 1.0
14128 1.0
14133 1.0
14138 1.0
14254 1.0
14259 1.0
14264 1.0
14269 1.0
14279 1.0
14627 0.6666666666666666
14628 0.3333333333333333
14632 1.0
14753 1.0
14758 1.0
14763 1.0
14768 1.0
14879 1.0
14884 1.0
14889 1.0
14894 1.0
14899 1.0
15252 1.0
15378 1.0
15383 1.0
15504 1.0
15509 1.0
15514 1.0
15519 1.0
15650 1.0
15675 1.0
15685 1.0
15705 1.0
15725 0.8888888888888888
15726 0.1111111111111111
15730 1.0
15735 1.0
15776 1.0
15801 1.0
15826 1.0
15831 1.0
15851 1.0
15856 1.0
15927 1.0
15952 1.0
16053 1.0
16376 1.0
16401 1.0
16502 1.0
16527 1.0
16552 1.0
16628 1.0
16653 1.0
16678 1.0
16754 1.0
16779 1.0
17001 1.0
17127 1.0
17253 1.0
17379 1.0
17752 1.0
17878 1.0
18004 1.0
18377 1.0
18503 1.0
18629 1.0
18780 1.0
18785 1.0
18805 1.0
18830 1.0
18855 1.0
18901 1.0
18926 1.0
18931 1.0
18951 1.0
18956 1.0
18981 1.0
19052 1.0
19057 1.0
19077 1.0
19178 1.0
19502 1.0
19526 1.0
19627 1.0
19652 0.5
19653 0.5
19677 1.0
19753 1.0
19778 0.8333333333333334
19779 0.16666666666666666
19803 1.0
19879 1.0
19904 1.0
20126 1.0
20252 1.0
20378 0.8
20379 0.2
20504 1.0
20751 1.0
20877 1.0
21003 1.0
21129 1.0
21502 1.0
21628 1.0
21754 1.0
21905 1.0
21910 1.0
21930 1.0
21935 1.0
21960 1.0
22026 1.0
22051 1.0
22056 1.0
22076 1.0
22081 1.0
22106 1.0
22111 1.0
22177 1.0
22182 1.0
22202 1.0
22207 1.0
22651 1.0
22752 1.0
22777 1.0
22878 1.0
22903 0.9285714285714286
22904 0.07142857142857142
22928 1.0
23004 1.0
23029 1.0
23251 1.0
23377 1.0
23503 1.0
23629 1.0
24002 1.0
24128 1.0
24254 1.0
24627 1.0
24753 1.0
24879 1.0
25035 1.0
25055 1.0
25151 1.0
25156 1.0
25176 1.0
25181 1.0
25186 1.0
25206 1.0
25211 1.0
25277 1.0
25302 1.0
25307 1.0
25327 1.0
25332 1.0
25403 1.0
25428 1.0
25751 1.0
25776 1.0
25877 1.0
25902 1.0
26003 1.0
26028 0.9411764705882353
26029 0.058823529411764705
26129 1.0
26154 1.0
26376 1.0
26502 1.0
26628 1.0
26754 1.0
27127 1.0
27253 1.0
27379 1.0
27752 1.0
27878 1.0
28004 1.0
28155 0.5
28156 0.5
28160 1.0
28276 1.0
28281 1.0
28286 1.0
28306 1.0
28311 1.0
28331 0.8
28332 0.2
28336 1.0
28402 1.0
28427 1.0
28432 1.0
28452 1.0
28457 1.0
28462 1.0
28553 1.0
28876 1.0
28881 1.0
28901 1.0
29002 1.0
29027 1.0
29052 1.0
29058 1.0
29128 1.0
29153 0.9583333333333334
29154 0.041666666666666664
29178 1.0
29254 1.0
29279 1.0
29502 1.0
29627 1.0
29753 1.0
29879 1.0
29904 1.0
30253 1.0
30378 1.0
30504 1.0
30877 1.0
31003 1.0
31129 1.0
31275 1.0
31300 1.0
31305 1.0
31310 1.0
31325 1.0
31330 1.0
31350 1.0
31355 1.0
31426 1.0
31451 1.0
31476 1.0
31527 1.0
31552 0.8571428571428571
31553 0.14285714285714285
31577 1.0
31678 1.0
32026 1.0
32127 0.8333333333333334
32128 0.16666666666666666
32152 1.0
32177 0.5
32178 0.5
32253 1.0
32278 1.0
32379 1.0
32404 1.0
32752 1.0
32878 1.0
33004 1.0
33377 1.0
33503 1.0
33629 1.0
34002 1.0
34128 1.0
34254 1.0
34400 1.0
34405 1.0
34425 1.0
34430 1.0
34455 1.0
34475 0.5
34476 0.5
34480 1.0
34485 1.0
34551 1.0
34576 1.0
34601 1.0
34606 1.0
34677 1.0
34702 1.0
34803 1.0
35126 1.0
35151 1.0
35252 1.0
35277 0.8
35278 0.2
35302 1.0
35378 1.0
35403 1.0
35428 1.0
35504 1.0
35529 1.0
35877 1.0
36003 1.0
36129 1.0
36502 1.0
36628 1.0
36754 1.0
37127 1.0
37253 1.0
37379 1.0
37525 1.0
37530 1.0
37555 1.0
37560 1.0
37580 1.0
37605 1.0
37651 1.0
37676 1.0
37681 1.0
37701 1.0
37706 1.0
37726 1.0
37731 1.0
37777 1.0
37802 1.0
37827 1.0
37928 1.0
38252 1.0
38276 1.0
38377 1.0
38402 0.75
38403 0.25
38427 1.0
38503 1.0
38528 1.0
38553 1.0
38629 1.0
38654 1.0
39002 1.0
39128 1.0
39254 1.0
39627 1.0
39753 1.0
39879 1.0
40252 1.0
40378 1.0
40504 1.0
40655 1.0
40660 1.0
40685 1.0
40705 1.0
40735 1.0
40776 0.6666666666666666
40777 0.3333333333333333
40801 1.0
40806 1.0
40826 1.0
40831 1.0
40856 1.0
40927 1.0
40952 1.0
41053 1.0
41376 1.0
41502 1.0
41527 0.8
41528 0.2
41628 1.0
41653 1.0
41678 1.0
41754 1.0
41779 1.0
42001 1.0
42127 1.0
42253 0.75
42254 0.25
42379 1.0
42752 1.0
42878 1.0
43004 1.0
43377 1.0
43503 1.0
43629 1.0
43805 1.0
43810 1.0
43835 1.0
43906 1.0
43931 1.0
43956 1.0
43961 1.0
43986 1.0
44052 1.0
44057 1.0
44077 1.0
44082 1.0
44153 1.0
44178 1.0
44526 0.5
44527 0.5
44627 1.0
44652 1.0
44677 1.0
44753 1.0
44778 0.9333333333333333
44779 0.06666666666666667
44803 1.0
44879 1.0
44904 1.0
45252 1.0
45378 1.0
45504 1.0
45877 1.0
46003 1.0
46129 1.0
46502 1.0
46628 1.0
46754 1.0
46900 1.0
46925 1.0
46950 1.0
46960 1.0
46975 1.0
46980 1.0
47026 1.0
47051 1.0
47076 1.0
47101 1.0
47177 1.0
47202 1.0
47278 1.0
47303 1.0
47752 1.0
47777 1.0
47878 1.0
47903 1.0
47928 1.0
48004 1.0
48029 1.0
48377 1.0
48503 1.0
48629 1.0
49002 1.0
49128 1.0
49254 1.0
49627 1.0
49753 1.0
49879 1.0
50050 1.0
50055 1.0
50060 1.0
50075 1.0
50080 1.0
50100 1.0
50105 1.0
50110 1.0
50151 1.0
50176 0.5
50177 0.5
50201 1.0
50226 1.0
50302 0.8888888888888888
50303 0.1111111111111111
50327 1.0
50403 1.0
50428 1.0
50751 1.0
50877 1.0
50902 1.0
51003 1.0
51028 0.8333333333333334
51029 0.16666666666666666
51053 1.0
51129 1.0
51154 1.0
51502 1.0
51628 1.0
51754 1.0
52127 1.0
52253 1.0
52379 1.0
52752 1.0
52878 1.0
53004 1.0
53150 1.0
53175 1.0
53180 1.0
53230 1.0
53235 1.0
53276 1.0
53301 1.0
53326 1.0
53351 1.0
53356 1.0
53402 0.5
53403 0.5
53427 1.0
53452 1.0
53553 1.0
53876 1.0
53901 1.0
54002 1.0
54027 1.0
54052 1.0
54128 1.0
54153 1.0
54178 1.0
54254 1.0
54279 1.0
54627 0.8333333333333334
54628 0.16666666666666666
54879 1.0
55252 1.0
55378 1.0
55504 1.0
55877 1.0
56003 1.0
56129 1.0
56305 1.0
56330 1.0
56335 1.0
56355 1.0
56360 1.0
56426 0.6666666666666666
56427 0.3333333333333333
56451 1.0
56456 1.0
56481 1.0
56552 1.0
56577 1.0
56653 1.0
56678 1.0
57001 0.3333333333333333
57002 0.6666666666666666
57026 1.0
57127 1.0
57152 1.0
57177 1.0
57253 1.0
57278 1.0
57303 1.0
57379 1.0
57404 1.0
57752 1.0
57878 0.5
57879 0.5
58004 1.0
58377 1.0
58503 1.0
58629 1.0
59002 1.0
59128 1.0
59254 1.0
59430 1.0
59460 1.0
59526 1.0
59551 1.0
59576 1.0
59581 1.0
59677 1.0
59702 1.0
59803 1.0
60151 1.0
60252 1.0
60277 0.75
60278 0.25
60378 1.0
60403 0.9333333333333333
60404 0.06666666666666667
60504 1.0
60529 1.0
60877 1.0
61003 1.0
61129 1.0
61628 1.0
61754 1.0
62127 1.0
62253 1.0
62379 1.0
62550 1.0
62555 1.0
62600 1.0
62605 1.0
62651 1.0
62701 1.0
62802 1.0
62827 1.0
62903 1.0
62928 1.0
63276 1.0
63377 1.0
63402 1.0
63503 1.0
63528 0.9285714285714286
63529 0.07142857142857142
63553 1.0
63629 1.0
63654 1.0
64002 1.0
64128 1.0
64254 1.0
64627 1.0
64753 1.0
64879 1.0
65252 1.0
65378 1.0
65504 1.0
65675 1.0
65680 1.0
65700 1.0
65725 1.0
65730 1.0
65776 1.0
65801 1.0
65826 1.0
65851 1.0
65902 1.0
65927 1.0
65952 1.0
66028 1.0
66053 1.0
66401 1.0
66502 1.0
66527 1.0
66552 1.0
66628 1.0
66653 0.9333333333333333
66654 0.06666666666666667
66754 1.0
66779 1.0
67001 1.0
67127 1.0
67253 1.0
67379 1.0
67752 1.0
67878 1.0
68004 1.0
68377 1.0
68503 1.0
68629 1.0
68775 1.0
68800 1.0
68805 1.0
68825 1.0
68830 1.0
68855 1.0
68901 1.0
68926 1.0
68951 1.0
68976 1.0
69052 1.0
69077 1.0
69153 1.0
69178 1.0
69501 0.5
69502 0.5
69526 1.0
69627 1.0
69753 1.0
69778 1.0
69803 1.0
69879 1.0
69904 1.0
70126 1.0
70252 1.0
70378 1.0
70504 1.0
70877 1.0
71003 1.0
71129 1.0
71502 1.0
71628 1.0
71754 1.0
71900 1.0
71905 1.0
71925 1.0
71930 1.0
71935 1.0
71955 1.0
71980 1.0
72026 1.0
72076 1.0
72101 0.5
72102 0.5
72106 1.0
72152 1.0
72177 0.8571428571428571
72178 0.14285714285714285
72202 1.0
72278 1.0
72303 1.0
72626 1.0
72651 1.0
72752 1.0
72777 1.0
72878 0.6666666666666666
72879 0.3333333333333333
72903 0.9090909090909091
72904 0.09090909090909091
73004 1.0
73029 1.0
73377 1.0
73503 1.0
73629 1.0
74002 1.0
74128 1.0
74254 1.0
74627 1.0
74753 1.0
74879 1.0
75030 1.0
75055 1.0
75080 1.0
75085 1.0
75105 1.0
75151 1.0
75176 1.0
75201 1.0
75206 1.0
75226 1.0
75231 1.0
75277 1.0
75302 0.9333333333333333
75303 0.06666666666666667
75327 1.0
75428 1.0
75751 1.0
75877 1.0
75902 1.0
76003 1.0
76028 1.0
76129 1.0
76154 1.0
76376 1.0
76502 1.0
76628 1.0
76754 1.0
77127 1.0
77253 1.0
77379 1.0
77752 1.0
77878 1.0
78004 1.0
