166 1.0
270 0.5
271 0.5
291 0.6
292 0.4
296 0.6666666666666666
297 0.3333333333333333
318 1.0
391 1.0
395 0.5
396 0.5
416 0.5833333333333334
417 0.4166666666666667
421 1.0
442 1.0
515 1.0
520 1.0
765 1.0
791 1.0
891 1.0
896 1.0
916 0.25
917 0.75
921 1.0
1016 1.0
1020 0.75
1021 0.25
1041 0.5
1042 0.5
1046 1.0
1067 1.0
1140 0.5
1141 0.5
1145 0.8333333333333334
1146 0.16666666666666666
1166 1.0
1171 1.0
1391 1.0
1395 1.0
1416 1.0
1521 1.0
1541 1.0
1546 1.0
1641 1.0
1645 0.5
1646 0.5
1666 0.5454545454545454
1667 0.45454545454545453
1671 0.8
1672 0.2
1692 1.0
1765 0.6666666666666666
1766 0.3333333333333333
1770 1.0
1791 1.0
1796 1.0
2015 1.0
2021 1.0
2140 1.0
2145 1.0
2166 0.6666666666666666
2167 0.3333333333333333
2171 1.0
2266 1.0
2271 1.0
2291 0.46153846153846156
2292 0.5384615384615384
2317 1.0
2395 0.8181818181818182
2396 0.18181818181818182
2416 1.0
2421 1.0
2641 1.0
2766 1.0
2770 0.75
2771 0.25
2791 0.5
2792 0.5
2890 0.75
2891 0.25
2895 1.0
2916 0.7272727272727273
2917 0.2727272727272727
2921 1.0
2942 1.0
3015 1.0
3020 0.9230769230769231
3021 0.07692307692307693
3046 1.0
3265 1.0
3271 1.0
3291 1.0
3296 1.0
3391 1.0
3395 1.0
3416 0.5
3417 0.5
3442 1.0
3515 0.3333333333333333
3516 0.6666666666666666
3520 1.0
3541 0.6666666666666666
3542 0.3333333333333333
3546 1.0
3567 1.0
3572 1.0
3641 1.0
3645 0.6666666666666666
3646 0.3333333333333333
3890 0.5
3891 0.5
3895 0.5
3896 0.5
3921 1.0
4016 1.0
4020 1.0
4041 0.75
4042 0.25
4067 1.0
4166 0.6842105263157895
4167 0.3157894736842105
4171 0.75
4172 0.25
4192 1.0
4270 0.6666666666666666
4271 0.3333333333333333
4296 1.0
4541 1.0
4645 1.0
4667 1.0
4671 1.0
4692 1.0
4791 0.5384615384615384
4792 0.46153846153846156
4796 0.8333333333333334
4797 0.16666666666666666
4817 1.0
4891 1.0
4895 1.0
4916 1.0
4921 1.0
5146 1.0
5166 1.0
5270 1.0
5291 0.6666666666666666
5292 0.3333333333333333
5296 1.0
5390 1.0
5396 1.0
5416 0.6
5417 0.4
5421 0.75
5422 0.25
5515 1.0
5520 1.0
5541 1.0
5546 1.0
5765 1.0
5770 1.0
5791 1.0
5796 1.0
5890 1.0
5895 1.0
5921 1.0
6015 0.75
6016 0.25
6020 0.6666666666666666
6021 0.3333333333333333
6041 0.625
6042 0.375
6046 1.0
6067 1.0
6140 0.6666666666666666
6141 0.3333333333333333
6145 0.8888888888888888
6146 0.1111111111111111
6166 1.0
6171 1.0
6391 1.0
6395 0.5
6396 0.5
6515 1.0
6520 0.75
6521 0.25
6541 1.0
6640 0.5
6641 0.5
6666 0.5833333333333334
6667 0.4166666666666667
6671 0.75
6672 0.25
6692 1.0
6697 1.0
6765 0.3333333333333333
6766 0.6666666666666666
6770 0.8333333333333334
6771 0.16666666666666666
6791 1.0
7016 1.0
7041 1.0
7145 1.0
7166 1.0
7171 1.0
7192 1.0
7270 1.0
7291 0.7777777777777778
7292 0.2222222222222222
7296 0.75
7297 0.25
7317 1.0
7390 0.6666666666666666
7391 0.3333333333333333
7395 1.0
7416 1.0
7421 1.0
7645 1.0
7666 1.0
7671 1.0
7770 1.0
7791 1.0
7891 1.0
7895 0.7777777777777778
7896 0.2222222222222222
7916 0.7692307692307693
7917 0.23076923076923078
7921 1.0
7942 1.0
8015 1.0
8020 0.75
8021 0.25
8265 0.6666666666666666
8266 0.3333333333333333
8395 1.0
8416 1.0
8421 1.0
8442 1.0
8515 0.3333333333333333
8516 0.6666666666666666
8521 1.0
8541 0.7894736842105263
8542 0.21052631578947367
8546 1.0
8640 1.0
8645 0.6666666666666666
8646 0.3333333333333333
8666 1.0
8671 1.0
8895 1.0
8916 1.0
9015 0.6666666666666666
9016 0.3333333333333333
9020 1.0
9041 1.0
9141 1.0
9145 0.5
9146 0.5
9166 1.0
9171 0.8571428571428571
9172 0.14285714285714285
9192 1.0
9265 0.5
9266 0.5
9270 1.0
9291 1.0
9296 1.0
9515 1.0
9541 1.0
9546 1.0
9645 1.0
9666 1.0
9766 1.0
9770 1.0
9791 0.75
9792 0.25
9796 1.0
9817 1.0
9890 0.3333333333333333
9891 0.6666666666666666
9895 1.0
9916 1.0
9921 1.0
10140 1.0
10145 1.0
10171 1.0
10270 1.0
10291 1.0
10296 0.5
10297 0.5
10317 1.0
10395 0.6666666666666666
10396 0.3333333333333333
10416 0.6666666666666666
10417 0.3333333333333333
10421 1.0
10442 1.0
10515 1.0
10520 0.8888888888888888
10521 0.1111111111111111
10541 1.0
10546 1.0
10765 0.5
10766 0.5
10770 1.0
10890 1.0
10895 1.0
10916 1.0
10922 1.0
11016 1.0
11020 1.0
11041 0.6153846153846154
11042 0.38461538461538464
11046 1.0
11067 1.0
11140 0.6666666666666666
11141 0.3333333333333333
11145 1.0
11171 1.0
11421 1.0
11515 1.0
11520 1.0
11541 1.0
11640 1.0
11645 0.6
11646 0.4
11666 0.6363636363636364
11667 0.36363636363636365
11671 1.0
11765 1.0
11770 1.0
11791 1.0
11796 1.0
12015 1.0
12046 1.0
12141 1.0
12145 1.0
12167 1.0
12266 1.0
12270 1.0
12291 0.8571428571428571
12292 0.14285714285714285
12296 1.0
12390 1.0
12395 0.875
12396 0.125
12421 1.0
12640 1.0
12666 1.0
12765 1.0
12770 0.8
12771 0.2
12791 0.5
12792 0.5
12895 0.8
12896 0.2
12916 0.5833333333333334
12917 0.4166666666666667
12921 1.0
12942 1.0
13016 1.0
13020 1.0
13041 1.0
13046 1.0
13270 1.0
13390 1.0
13395 1.0
13416 1.0
13421 1.0
13515 0.5
13516 0.5
13520 1.0
13541 0.6363636363636364
13542 0.36363636363636365
13546 0.7142857142857143
13547 0.2857142857142857
13567 1.0
13640 1.0
13645 1.0
13671 1.0
13890 1.0
13916 1.0
14020 1.0
14041 1.0
14046 1.0
14140 1.0
14145 0.75
14146 0.25
14166 0.6666666666666666
14167 0.3333333333333333
14171 0.4
14172 0.6
14192 1.0
14265 1.0
14270 0.875
14271 0.125
14291 0.6666666666666666
14292 0.3333333333333333
14296 1.0
14520 1.0
14641 1.0
14645 1.0
14666 1.0
14671 1.0
14766 1.0
14770 0.6666666666666666
14771 0.3333333333333333
14791 0.7272727272727273
14792 0.2727272727272727
14796 1.0
14890 1.0
14895 0.9
14896 0.1
14916 1.0
14921 1.0
15145 1.0
15265 1.0
15270 1.0
15291 1.0
15390 0.5
15391 0.5
15395 1.0
15416 0.6428571428571429
15417 0.35714285714285715
15421 1.0
15442 1.0
15520 1.0
15546 1.0
15666 1.0
15791 1.0
15812 0.5
15813 0.5
15817 0.75
15818 0.25
15838 1.0
15843 1.0
15917 1.0
15937 0.14285714285714285
15938 0.8571428571428571
15942 0.6666666666666666
15943 0.3333333333333333
15963 0.8333333333333334
15964 0.16666666666666666
15968 1.0
16412 1.0
16416 0.7777777777777778
16417 0.2222222222222222
16437 1.0
16443 1.0
16537 1.0
16542 1.0
16562 0.4
16563 0.6
16567 0.7647058823529411
16568 0.23529411764705882
16588 1.0
16593 1.0
16667 1.0
16692 1.0
17016 1.0
17037 1.0
17041 0.5
17042 0.5
17067 0.3333333333333333
17068 0.6666666666666666
17162 1.0
17167 1.0
17187 0.6666666666666666
17188 0.3333333333333333
17192 0.5333333333333333
17193 0.4666666666666667
17213 1.0
17218 1.0
17287 1.0
17313 1.0
17317 1.0
17662 1.0
17666 1.0
17692 1.0
17792 1.0
17812 0.75
17813 0.25
17817 0.7407407407407407
17818 0.25925925925925924
17843 1.0
17937 0.6666666666666666
17938 0.3333333333333333
17942 1.0
18286 1.0
18291 0.6666666666666666
18292 0.3333333333333333
18312 1.0
18412 1.0
18417 1.0
18437 0.5
18438 0.5
18442 0.8095238095238095
18443 0.19047619047619047
18463 1.0
18468 1.0
18537 1.0
18541 0.3333333333333333
18542 0.6666666666666666
18562 0.5
18563 0.5
18567 0.6666666666666666
18568 0.3333333333333333
18911 1.0
18916 0.6666666666666666
18917 0.3333333333333333
18942 1.0
19042 1.0
19062 0.5
19063 0.5
19067 0.6666666666666666
19068 0.3333333333333333
19088 1.0
19093 1.0
19188 1.0
19192 1.0
19541 0.8
19542 0.2
19563 1.0
19568 1.0
19667 1.0
19687 0.45454545454545453
19688 0.5454545454545454
19692 0.42857142857142855
19693 0.5714285714285714
19713 1.0
19718 1.0
19792 1.0
19817 1.0
20141 1.0
20166 1.0
20218 1.0
20292 1.0
20312 0.625
20313 0.375
20317 0.75
20318 0.25
20338 1.0
20412 1.0
20417 1.0
20437 1.0
20766 1.0
20786 1.0
20791 1.0
20812 1.0
20817 1.0
20917 1.0
20937 0.5
20938 0.5
20942 0.8
20943 0.2
20963 1.0
21042 1.0
21062 0.6666666666666666
21063 0.3333333333333333
21067 1.0
21391 1.0
21416 0.8571428571428571
21417 0.14285714285714285
21537 1.0
21542 1.0
21562 0.7692307692307693
21563 0.23076923076923078
21567 0.7
21568 0.3
21588 1.0
21593 1.0
21667 1.0
22016 1.0
22041 0.8125
22042 0.1875
22068 1.0
22167 1.0
22187 0.5
22188 0.5
22192 0.5
22193 0.5
22213 1.0
22218 1.0
22292 1.0
22313 1.0
22318 1.0
22666 0.5
22667 0.5
22787 1.0
22792 1.0
22812 0.6666666666666666
22813 0.3333333333333333
22817 0.47619047619047616
22818 0.5238095238095238
22838 1.0
22843 1.0
22917 1.0
22937 1.0
22943 1.0
23266 1.0
23286 1.0
23291 1.0
23416 0.16666666666666666
23417 0.8333333333333334
23437 0.5714285714285714
23438 0.42857142857142855
23442 0.7058823529411765
23443 0.29411764705882354
23463 1.0
23468 1.0
23537 1.0
23542 1.0
23562 1.0
23567 1.0
23916 1.0
23942 1.0
24037 1.0
24042 1.0
24062 0.5714285714285714
24063 0.42857142857142855
24067 0.8125
24068 0.1875
24088 1.0
24093 1.0
24167 1.0
24187 0.5
24188 0.5
24192 1.0
24516 1.0
24541 0.6
24542 0.4
24562 1.0
24567 1.0
24662 1.0
24666 0.25
24667 0.75
24687 0.7272727272727273
24688 0.2727272727272727
24692 0.9090909090909091
24693 0.09090909090909091
24713 1.0
24718 1.0
24787 1.0
24792 1.0
24812 1.0
24817 1.0
25041 1.0
25141 1.0
25166 0.8333333333333334
25167 0.16666666666666666
25171 1.0
25287 1.0
25292 1.0
25312 0.42857142857142855
25313 0.5714285714285714
25317 0.7894736842105263
25318 0.21052631578947367
25343 1.0
25417 1.0
25442 1.0
25786 1.0
25791 0.625
25792 0.375
25912 1.0
25916 0.2
25917 0.8
25937 0.7142857142857143
25938 0.2857142857142857
25942 0.7272727272727273
25943 0.2727272727272727
25968 1.0
26042 1.0
26062 1.0
26067 1.0
26416 1.0
26537 1.0
26542 1.0
26562 0.6
26563 0.4
26567 0.6875
26568 0.3125
26593 1.0
26662 1.0
26667 1.0
26687 1.0
26692 1.0
27041 0.8
27042 0.2
27162 1.0
27166 0.16666666666666666
27167 0.8333333333333334
27187 0.8571428571428571
27188 0.14285714285714285
27192 0.8
27193 0.2
27218 1.0
27287 1.0
27292 1.0
27641 1.0
27661 1.0
27666 0.8571428571428571
27667 0.14285714285714285
27791 0.2
27792 0.8
27812 0.8888888888888888
27813 0.1111111111111111
27817 0.75
27818 0.25
27912 1.0
27916 0.5
27917 0.5
27937 1.0
27942 1.0
28286 1.0
28291 0.8571428571428571
28292 0.14285714285714285
28318 1.0
28417 1.0
28437 0.5
28438 0.5
28442 0.5
28443 0.5
28468 1.0
28542 1.0
28568 1.0
28891 1.0
28916 1.0
29037 1.0
29042 1.0
29062 0.75
29063 0.25
29067 0.6296296296296297
29068 0.37037037037037035
29093 1.0
29187 0.5
29188 0.5
29192 1.0
29536 1.0
29541 0.75
29542 0.25
29662 1.0
29666 0.5
29667 0.5
29687 0.4444444444444444
29688 0.5555555555555556
29692 0.6111111111111112
29693 0.3888888888888889
29812 1.0
29817 1.0
30166 1.0
30287 1.0
30291 0.5
30292 0.5
30312 0.7
30313 0.3
30317 0.9
30318 0.1
30411 1.0
30416 0.3333333333333333
30417 0.6666666666666666
30437 1.0
30442 1.0
30786 1.0
30791 1.0
30916 0.5
30917 0.5
30937 1.0
30942 0.8181818181818182
30943 0.18181818181818182
31041 0.5
31042 0.5
31062 1.0
31067 1.0
31286 0.5
31287 0.5
31291 0.6666666666666666
31292 0.3333333333333333
31312 1.0
31411 1.0
31437 0.2857142857142857
31438 0.7142857142857143
31443 1.0
31463 0.5833333333333334
31464 0.4166666666666667
31563 1.0
31911 1.0
31937 1.0
32036 0.3333333333333333
32037 0.6666666666666666
32062 0.5384615384615384
32063 0.46153846153846156
32088 0.7777777777777778
32089 0.2222222222222222
32093 1.0
32114 1.0
32188 1.0
32213 0.6666666666666666
32214 0.3333333333333333
32536 1.0
32541 0.6666666666666666
32542 0.3333333333333333
32562 1.0
32567 1.0
32662 1.0
32687 0.5
32688 0.5
32692 0.5
32693 0.5
32713 0.9473684210526315
32714 0.05263157894736842
32718 1.0
32812 0.3333333333333333
32813 0.6666666666666666
32838 0.625
32839 0.375
33167 1.0
33187 1.0
33286 1.0
33291 1.0
33312 0.2857142857142857
33313 0.7142857142857143
33318 1.0
33338 1.0
33437 0.2222222222222222
33438 0.7777777777777778
33463 0.8947368421052632
33464 0.10526315789473684
33792 1.0
33817 1.0
33911 0.5
33912 0.5
33937 0.7
33938 0.3
33942 0.3333333333333333
33943 0.6666666666666666
33963 0.9285714285714286
33964 0.07142857142857142
33968 1.0
34062 0.2222222222222222
34063 0.7777777777777778
34088 0.9333333333333333
34089 0.06666666666666667
34093 1.0
34411 0.5
34412 0.5
34416 1.0
34442 1.0
34562 0.8
34563 0.2
34568 1.0
34588 0.46153846153846156
34589 0.5384615384615384
34593 1.0
34614 1.0
34688 1.0
34713 0.7272727272727273
34714 0.2727272727272727
35036 0.5
35037 0.5
35041 1.0
35062 1.0
35067 1.0
35161 0.2
35162 0.8
35187 0.42857142857142855
35188 0.5714285714285714
35193 1.0
35213 0.8333333333333334
35214 0.16666666666666666
35218 1.0
35313 1.0
35338 0.9230769230769231
35339 0.07692307692307693
35343 1.0
35667 1.0
35692 1.0
35786 1.0
35791 1.0
35812 0.7777777777777778
35813 0.2222222222222222
35838 0.7272727272727273
35839 0.2727272727272727
35843 1.0
35938 1.0
35943 1.0
35963 0.8461538461538461
35964 0.15384615384615385
36286 0.5
36287 0.5
36317 1.0
36416 1.0
36437 0.2857142857142857
36438 0.7142857142857143
36442 0.6
36443 0.4
36463 1.0
36562 0.3684210526315789
36563 0.631578947368421
36588 1.0
36916 1.0
37041 1.0
37062 0.4
37063 0.6
37067 1.0
37088 1.0
37187 0.25
37188 0.75
37193 1.0
37213 1.0
37541 1.0
37562 1.0
37567 1.0
37662 1.0
37666 1.0
37687 0.5
37688 0.5
37692 1.0
37713 0.9333333333333333
37714 0.06666666666666667
37718 1.0
37739 1.0
37812 0.2
37813 0.8
37838 0.8333333333333334
37839 0.16666666666666666
38161 1.0
38286 0.3333333333333333
38287 0.6666666666666666
38312 0.7142857142857143
38313 0.2857142857142857
38318 1.0
38338 0.7692307692307693
38339 0.23076923076923078
38343 1.0
38438 1.0
38443 1.0
38463 0.8571428571428571
38464 0.14285714285714285
38911 0.5
38912 0.5
38937 0.5555555555555556
38938 0.4444444444444444
38943 1.0
38963 0.9230769230769231
38964 0.07692307692307693
39062 0.3
39063 0.7
39088 1.0
39536 0.3333333333333333
39537 0.6666666666666666
39562 0.5555555555555556
39563 0.4444444444444444
39567 0.5
39568 0.5
39588 1.0
39687 0.5555555555555556
39688 0.4444444444444444
39692 0.5
39693 0.5
39713 1.0
39718 1.0
40041 1.0
40161 1.0
40166 1.0
40187 0.25
40188 0.75
40192 0.75
40193 0.25
40213 1.0
40312 0.5
40313 0.5
40317 1.0
40338 1.0
40343 1.0
40661 0.5
40662 0.5
40666 0.75
40667 0.25
40792 1.0
40812 0.5
40813 0.5
40817 0.6666666666666666
40818 0.3333333333333333
40838 1.0
40843 1.0
40937 0.16666666666666666
40938 0.8333333333333334
40963 0.875
40964 0.125
41291 1.0
41411 1.0
41416 0.6666666666666666
41417 0.3333333333333333
41437 0.75
41438 0.25
41463 0.8461538461538461
41464 0.15384615384615385
41468 1.0
41562 0.5
41563 0.5
41568 1.0
41588 0.9166666666666666
41589 0.08333333333333333
41911 1.0
41916 0.5
41917 0.5
41937 1.0
41942 1.0
42036 1.0
42041 1.0
42062 0.14285714285714285
42063 0.8571428571428571
42067 0.8
42068 0.2
42088 1.0
42187 0.7142857142857143
42188 0.2857142857142857
42213 0.9230769230769231
42214 0.07692307692307693
42218 1.0
42536 1.0
42661 0.6666666666666666
42662 0.3333333333333333
42687 0.8
42688 0.2
42692 0.2857142857142857
42693 0.7142857142857143
42713 1.0
42812 0.36363636363636365
42813 0.6363636363636364
42817 0.6666666666666666
42818 0.3333333333333333
42838 1.0
42843 1.0
43161 1.0
43167 1.0
43192 1.0
43286 1.0
43291 1.0
43312 0.75
43313 0.25
43317 1.0
43338 1.0
43437 0.6086956521739131
43438 0.391304347826087
43443 1.0
43463 1.0
43468 1.0
43786 1.0
43792 1.0
43911 0.6666666666666666
43912 0.3333333333333333
43937 0.4444444444444444
43938 0.5555555555555556
43942 0.42857142857142855
43943 0.5714285714285714
43963 1.0
43968 1.0
44062 0.5
44063 0.5
44068 1.0
44088 0.8571428571428571
44089 0.14285714285714285
44093 1.0
44416 1.0
44442 1.0
44536 1.0
44562 0.45454545454545453
44563 0.5454545454545454
44567 0.6666666666666666
44568 0.3333333333333333
44588 1.0
44593 1.0
44688 1.0
44693 1.0
44713 1.0
44718 1.0
45161 1.0
45167 1.0
45187 0.4
45188 0.6
45192 1.0
45213 1.0
45218 1.0
45312 0.5
45313 0.5
45318 1.0
45338 1.0
45343 1.0
45786 1.0
45791 1.0
45812 0.75
45813 0.25
45817 1.0
45838 1.0
45843 1.0
45937 0.5
45938 0.5
45942 0.6666666666666666
45943 0.3333333333333333
45963 1.0
45968 1.0
46291 1.0
46411 1.0
46416 1.0
46437 0.625
46438 0.375
46442 1.0
46463 1.0
46562 0.4117647058823529
46563 0.5882352941176471
46567 0.5
46568 0.5
46588 1.0
46912 1.0
46937 1.0
46943 1.0
47063 1.0
47083 0.3333333333333333
47084 0.6666666666666666
47088 0.3103448275862069
47089 0.6896551724137931
47114 1.0
47562 0.75
47563 0.25
47709 1.0
47713 0.5185185185185185
47714 0.48148148148148145
47734 1.0
47739 1.0
48161 0.3333333333333333
48162 0.6666666666666666
48166 1.0
48187 1.0
48192 1.0
48313 1.0
48333 0.75
48334 0.25
48338 0.53125
48339 0.46875
48359 1.0
48364 1.0
48463 1.0
48812 1.0
48817 1.0
48937 1.0
48958 1.0
48963 0.6
48964 0.4
48984 1.0
48989 1.0
49417 1.0
49437 1.0
49537 1.0
49562 0.3
49563 0.7
49583 0.75
49584 0.25
49588 0.7073170731707317
49589 0.2926829268292683
49614 1.0
49708 1.0
49713 1.0
50036 0.5
50037 0.5
50042 1.0
50062 1.0
50067 1.0
50088 1.0
50188 1.0
50208 0.3333333333333333
50209 0.6666666666666666
50213 0.4074074074074074
50214 0.5925925925925926
50239 1.0
50662 1.0
50687 1.0
50812 0.5
50813 0.5
50838 0.5238095238095238
50839 0.47619047619047616
50859 1.0
50864 1.0
51286 1.0
51312 1.0
51317 1.0
51438 1.0
51459 1.0
51463 0.5333333333333333
51464 0.4666666666666667
51489 1.0
51937 1.0
51942 1.0
52058 1.0
52062 0.16666666666666666
52063 0.8333333333333334
52083 1.0
52088 0.8333333333333334
52089 0.16666666666666666
52536 1.0
52541 1.0
52562 1.0
52567 1.0
52687 0.3333333333333333
52688 0.6666666666666666
52708 1.0
52713 0.918918918918919
52714 0.08108108108108109
52739 1.0
52833 1.0
52838 1.0
53167 1.0
53187 1.0
53333 1.0
53338 0.45454545454545453
53339 0.5454545454545454
53364 1.0
53787 1.0
53812 1.0
53938 1.0
53958 1.0
53963 0.6551724137931034
53964 0.3448275862068966
53968 1.0
53984 1.0
53989 1.0
54089 1.0
54411 0.6666666666666666
54412 0.3333333333333333
54437 1.0
54588 0.7142857142857143
54589 0.2857142857142857
54714 1.0
55037 1.0
55062 1.0
55067 1.0
55162 1.0
55183 1.0
55187 0.3333333333333333
55188 0.6666666666666666
55208 1.0
55213 0.9166666666666666
55214 0.08333333333333333
55239 1.0
55338 1.0
55662 1.0
55687 1.0
55812 0.42857142857142855
55813 0.5714285714285714
55833 1.0
55838 0.92
55839 0.08
55958 1.0
55963 1.0
56286 1.0
56313 1.0
56437 0.25
56438 0.75
56463 0.6857142857142857
56464 0.3142857142857143
56489 1.0
56588 1.0
56911 0.3333333333333333
56912 0.6666666666666666
56917 1.0
56937 1.0
56942 1.0
57062 0.2857142857142857
57063 0.7142857142857143
57084 1.0
57088 0.7631578947368421
57089 0.23684210526315788
57093 1.0
57114 1.0
57213 1.0
57537 1.0
57542 1.0
57562 1.0
57567 1.0
57662 1.0
57687 1.0
57713 0.9333333333333333
57714 0.06666666666666667
57739 1.0
57812 1.0
57838 0.6666666666666666
57839 0.3333333333333333
58161 1.0
58166 0.5
58167 0.5
58187 1.0
58192 1.0
58287 1.0
58312 0.6666666666666666
58313 0.3333333333333333
58333 1.0
58338 0.8333333333333334
58339 0.16666666666666666
58364 1.0
58463 1.0
58787 1.0
58812 1.0
58937 0.3333333333333333
58938 0.6666666666666666
58963 0.9130434782608695
58964 0.08695652173913043
59083 1.0
59088 1.0
59437 1.0
59442 1.0
59562 0.5
59563 0.5
59588 0.75
59589 0.25
59614 1.0
60037 1.0
60042 1.0
60062 1.0
60067 1.0
60161 1.0
60187 0.42857142857142855
60188 0.5714285714285714
60213 0.8214285714285714
60214 0.17857142857142858
60218 1.0
60239 1.0
60338 0.5
60339 0.5
60661 1.0
60687 1.0
60692 1.0
60812 0.5
60813 0.5
60838 0.868421052631579
60839 0.13157894736842105
60843 1.0
60864 1.0
60938 1.0
60958 1.0
60963 1.0
61312 1.0
61437 0.5
61438 0.5
61463 0.8846153846153846
61464 0.11538461538461539
61588 0.75
61589 0.25
61911 1.0
61937 1.0
62036 0.5
62037 0.5
62062 0.23076923076923078
62063 0.7692307692307693
62088 0.9545454545454546
62089 0.045454545454545456
62114 1.0
62187 1.0
62213 1.0
62557 1.0
62562 0.8333333333333334
62563 0.16666666666666666
62584 1.0
62588 0.2
62589 0.8
62614 1.0
62709 1.0
62714 1.0
62734 1.0
62739 1.0
63182 1.0
63187 0.8
63188 0.2
63213 0.5
63214 0.5
63239 1.0
63333 0.1111111111111111
63334 0.8888888888888888
63338 0.2222222222222222
63339 0.7777777777777778
63359 1.0
63364 1.0
63787 1.0
63807 1.0
63812 1.0
63838 0.6666666666666666
63839 0.3333333333333333
63864 1.0
63933 1.0
63958 0.36363636363636365
63959 0.6363636363636364
63963 0.4
63964 0.6
63984 1.0
63989 1.0
64432 1.0
64437 1.0
64463 0.6
64464 0.4
64489 1.0
64583 0.6363636363636364
64584 0.36363636363636365
64588 0.5
64589 0.5
64609 1.0
64614 1.0
65036 0.5
65037 0.5
65057 1.0
65062 1.0
65208 0.75
65209 0.25
65213 0.5
65214 0.5
65234 1.0
65239 1.0
65687 0.8333333333333334
65688 0.16666666666666666
65713 0.6
65714 0.4
65739 1.0
65833 0.25
65834 0.75
65838 0.4375
65839 0.5625
65859 1.0
65864 1.0
66287 1.0
66307 1.0
66312 0.75
66313 0.25
66338 1.0
66364 1.0
66458 0.3333333333333333
66459 0.6666666666666666
66463 0.16666666666666666
66464 0.8333333333333334
66484 1.0
66489 1.0
66911 1.0
66932 1.0
66937 1.0
66963 0.6666666666666666
66964 0.3333333333333333
67062 1.0
67083 0.2727272727272727
67084 0.7272727272727273
67088 0.5555555555555556
67089 0.4444444444444444
67109 1.0
67114 1.0
67557 1.0
67562 1.0
67589 1.0
67614 1.0
67708 0.5833333333333334
67709 0.4166666666666667
67713 0.6153846153846154
67714 0.38461538461538464
67734 1.0
67739 1.0
68161 0.5
68162 0.5
68187 0.8333333333333334
68188 0.16666666666666666
68333 0.7777777777777778
68334 0.2222222222222222
68338 0.8
68339 0.2
68359 1.0
68364 1.0
68787 1.0
68812 1.0
68817 1.0
68838 1.0
68864 1.0
68958 0.5
68959 0.5
68963 0.2
68964 0.8
68984 1.0
68989 1.0
69437 1.0
69463 1.0
69489 1.0
69583 0.3333333333333333
69584 0.6666666666666666
69588 0.4375
69589 0.5625
69609 1.0
69614 1.0
70037 1.0
70041 1.0
70062 1.0
70067 1.0
70088 1.0
70114 1.0
70182 1.0
70208 0.6
70209 0.4
70213 0.5263157894736842
70214 0.47368421052631576
70234 1.0
70239 1.0
70682 1.0
70687 1.0
70813 1.0
70833 0.6666666666666666
70834 0.3333333333333333
70838 0.8
70839 0.2
70859 1.0
70864 1.0
71286 0.5
71287 0.5
71312 1.0
71317 1.0
71458 0.7857142857142857
71459 0.21428571428571427
71463 0.8275862068965517
71464 0.1724137931034483
71484 1.0
71489 1.0
71916 1.0
71937 0.75
71938 0.25
71942 1.0
71963 0.6666666666666666
71964 0.3333333333333333
71989 1.0
72083 0.75
72084 0.25
72088 0.4
72089 0.6
72109 1.0
72114 1.0
72562 1.0
72567 1.0
72687 1.0
72708 0.5
72709 0.5
72713 0.68
72714 0.32
72734 1.0
72739 1.0
73187 1.0
73312 1.0
73333 0.5
73334 0.5
73338 0.7142857142857143
73339 0.2857142857142857
73359 1.0
73364 1.0
73786 1.0
73812 1.0
73938 1.0
73958 0.875
73959 0.125
73963 0.8
73964 0.2
73984 1.0
73989 1.0
74411 1.0
74437 1.0
74558 1.0
74583 1.0
74588 0.8846153846153846
74589 0.11538461538461539
74614 1.0
75036 1.0
75041 1.0
75057 1.0
75062 0.75
75063 0.25
75088 0.75
75089 0.25
75188 1.0
75208 0.6
75209 0.4
75213 0.68
75214 0.32
75234 1.0
75239 1.0
75661 1.0
75687 1.0
75714 1.0
75812 1.0
75833 0.3333333333333333
75834 0.6666666666666666
75838 0.7
75839 0.3
75859 1.0
75864 1.0
76286 0.3333333333333333
76287 0.6666666666666666
76291 1.0
76312 1.0
76317 1.0
76338 1.0
76437 1.0
76458 0.625
76459 0.375
76463 0.5652173913043478
76464 0.43478260869565216
76484 1.0
76489 1.0
76911 0.5
76912 0.5
76937 1.0
77063 1.0
77083 1.0
77088 0.9090909090909091
77089 0.09090909090909091
77114 1.0
77562 1.0
77683 1.0
77687 0.6666666666666666
77688 0.3333333333333333
77708 1.0
77713 0.9615384615384616
77714 0.038461538461538464
77734 1.0
77739 1.0
