0 1.0
6 1.0
12 1.0
25 1.0
31 0.9807692307692307
32 0.019230769230769232
37 0.9622641509433962
38 0.03773584905660377
43 0.9814814814814815
44 0.018518518518518517
49 1.0
50 1.0
56 0.9886363636363636
57 0.011363636363636364
62 0.9632352941176471
63 0.03676470588235294
68 0.984375
69 0.015625
74 1.0
75 0.9803921568627451
76 0.0196078431372549
81 1.0
87 1.0
93 1.0
99 1.0
100 0.9848484848484849
101 0.015151515151515152
106 0.9901960784313726
107 0.00980392156862745
112 0.96
113 0.04
125 1.0
131 0.8695652173913043
132 0.13043478260869565
137 1.0
143 0.8947368421052632
144 0.10526315789473684
149 1.0
156 1.0
162 1.0
168 0.9694323144104804
169 0.03056768558951965
174 1.0
187 1.0
193 1.0
199 1.0
250 0.5
251 0.5
256 0.9090909090909091
257 0.09090909090909091
262 0.9032258064516129
263 0.0967741935483871
268 0.9375
269 0.0625
274 1.0
293 0.5
294 0.5
299 1.0
375 1.0
381 1.0
387 1.0
393 0.9411764705882353
394 0.058823529411764705
399 1.0
506 1.0
512 1.0
518 1.0
524 1.0
