0 1.0
6 1.0
12 1.0
25 0.9411764705882353
26 0.058823529411764705
31 1.0
37 0.9411764705882353
38 0.058823529411764705
43 1.0
49 1.0
50 1.0
56 1.0
62 0.9530201342281879
63 0.04697986577181208
68 0.9883040935672515
69 0.011695906432748537
74 1.0
75 1.0
81 0.9649122807017544
82 0.03508771929824561
87 0.9861111111111112
88 0.013888888888888888
93 1.0
99 1.0
100 1.0
106 0.9906542056074766
107 0.009345794392523364
112 0.9666666666666667
113 0.03333333333333333
125 1.0
131 0.96
132 0.04
137 0.9523809523809523
138 0.047619047619047616
143 0.8863636363636364
144 0.11363636363636363
149 1.0
156 1.0
162 0.9433962264150944
163 0.05660377358490566
168 0.9457364341085271
169 0.05426356589147287
174 1.0
187 0.8888888888888888
188 0.1111111111111111
193 0.96875
194 0.03125
199 1.0
250 0.6666666666666666
251 0.3333333333333333
256 0.8461538461538461
257 0.15384615384615385
262 0.9696969696969697
263 0.030303030303030304
268 0.9473684210526315
269 0.05263157894736842
274 1.0
293 1.0
299 1.0
375 1.0
381 1.0
387 1.0
393 1.0
399 1.0
506 1.0
512 1.0
518 1.0
524 1.0
