0 1.0
6 1.0
25 1.0
31 0.9807692307692307
32 0.019230769230769232
37 0.9772727272727273
38 0.022727272727272728
43 1.0
50 1.0
56 0.9636363636363636
57 0.03636363636363636
62 0.9662162162162162
63 0.033783783783783786
68 0.9833333333333333
69 0.016666666666666666
74 1.0
75 0.9827586206896551
76 0.017241379310344827
81 0.9626865671641791
82 0.03731343283582089
87 0.9745222929936306
88 0.025477707006369428
93 1.0
99 1.0
100 0.9873417721518988
101 0.012658227848101266
106 0.9754098360655737
107 0.02459016393442623
112 1.0
125 0.9
126 0.1
131 1.0
137 1.0
143 0.8571428571428571
144 0.14285714285714285
149 1.0
150 1.0
156 0.8461538461538461
157 0.15384615384615385
162 0.9594594594594594
163 0.04054054054054054
168 0.954248366013072
169 0.0457516339869281
174 1.0
187 0.9393939393939394
188 0.06060606060606061
193 0.9470198675496688
194 0.052980132450331126
199 1.0
250 1.0
256 0.9333333333333333
257 0.06666666666666667
262 0.9696969696969697
263 0.030303030303030304
268 0.9661016949152542
269 0.03389830508474576
274 1.0
287 1.0
293 0.9583333333333334
294 0.041666666666666664
299 1.0
375 1.0
381 1.0
387 1.0
393 0.9743589743589743
394 0.02564102564102564
399 1.0
500 1.0
506 1.0
512 0.875
513 0.125
518 0.9230769230769231
519 0.07692307692307693
524 1.0
