0 1.0
6 0.9230769230769231
7 0.07692307692307693
12 1.0
18 1.0
24 1.0
25 1.0
31 0.975
32 0.025
37 0.9411764705882353
38 0.058823529411764705
43 0.9607843137254902
44 0.0392156862745098
49 1.0
50 1.0
56 0.9710144927536232
57 0.028985507246376812
62 0.9514563106796117
63 0.04854368932038835
68 0.9862068965517241
69 0.013793103448275862
74 1.0
75 0.975
76 0.025
81 1.0
87 1.0
93 1.0
100 1.0
106 0.961038961038961
107 0.03896103896103896
112 1.0
118 1.0
125 1.0
131 1.0
137 0.9642857142857143
138 0.03571428571428571
143 0.9824561403508771
144 0.017543859649122806
149 1.0
156 1.0
162 0.8888888888888888
163 0.1111111111111111
168 0.9512195121951219
169 0.04878048780487805
174 1.0
256 1.0
262 0.8947368421052632
263 0.10526315789473684
268 0.9428571428571428
269 0.05714285714285714
274 1.0
375 1.0
381 1.0
387 1.0
393 0.9565217391304348
394 0.043478260869565216
399 1.0
506 1.0
512 1.0
518 1.0
524 1.0
