143 1.0
149 1.0
268 1.0
273 0.29411764705882354
274 0.7058823529411765
293 1.0
298 0.4
299 0.6
393 1.0
398 0.6190476190476191
399 0.38095238095238093
418 1.0
423 0.8387096774193549
424 0.16129032258064516
518 1.0
523 0.19047619047619047
524 0.8095238095238095
543 1.0
548 0.7368421052631579
549 0.2631578947368421
768 1.0
773 0.25
774 0.75
793 1.0
798 0.4
799 0.6
893 1.0
898 0.2916666666666667
899 0.7083333333333334
918 1.0
923 0.5
924 0.5
1018 1.0
1023 0.4583333333333333
1024 0.5416666666666666
1043 1.0
1048 0.7954545454545454
1049 0.20454545454545456
1143 1.0
1148 0.2222222222222222
1149 0.7777777777777778
1168 1.0
1173 0.4090909090909091
1174 0.5909090909090909
1393 1.0
1398 0.5714285714285714
1399 0.42857142857142855
1418 1.0
1424 1.0
1518 1.0
1523 0.18518518518518517
1524 0.8148148148148148
1543 1.0
1548 1.0
1643 1.0
1648 0.5909090909090909
1649 0.4090909090909091
1668 1.0
1673 0.7
1674 0.3
1768 1.0
1773 0.234375
1774 0.765625
1793 1.0
1798 0.38095238095238093
1799 0.6190476190476191
2018 1.0
2023 0.5
2024 0.5
2049 1.0
2143 1.0
2148 0.2222222222222222
2149 0.7777777777777778
2168 1.0
2173 0.5
2174 0.5
2268 1.0
2273 0.45454545454545453
2274 0.5454545454545454
2293 1.0
2298 0.5
2299 0.5
2393 1.0
2398 0.2
2399 0.8
2418 1.0
2423 0.5882352941176471
2424 0.4117647058823529
2643 1.0
2649 1.0
2673 1.0
2768 1.0
2773 0.047619047619047616
2774 0.9523809523809523
2793 1.0
2798 0.6
2799 0.4
2893 1.0
2898 0.4642857142857143
2899 0.5357142857142857
2918 1.0
2923 0.5833333333333334
2924 0.4166666666666667
3018 1.0
3023 0.11267605633802817
3024 0.8873239436619719
3043 1.0
3048 0.4642857142857143
3049 0.5357142857142857
3267 0.14285714285714285
3268 0.8571428571428571
3273 1.0
3292 0.09090909090909091
3293 0.9090909090909091
3298 1.0
3393 1.0
3417 0.45161290322580644
3418 0.5483870967741935
3423 1.0
3442 0.29411764705882354
3443 0.7058823529411765
3448 1.0
3518 1.0
3542 0.3877551020408163
3543 0.6122448979591837
3548 1.0
3567 0.6341463414634146
3568 0.36585365853658536
3573 1.0
3668 1.0
3892 0.1
3893 0.9
3898 1.0
3917 0.09090909090909091
3918 0.9090909090909091
3923 1.0
4017 0.3333333333333333
4018 0.6666666666666666
4023 1.0
4042 0.2857142857142857
4043 0.7142857142857143
4048 1.0
4067 0.25
4068 0.75
4073 1.0
4143 1.0
4167 0.37623762376237624
4168 0.6237623762376238
4173 1.0
4192 0.6388888888888888
4193 0.3611111111111111
4198 1.0
4518 1.0
4523 1.0
4542 0.14285714285714285
4543 0.8571428571428571
4548 1.0
4643 1.0
4667 0.2857142857142857
4668 0.7142857142857143
4673 1.0
4692 0.5
4693 0.5
4792 0.3269230769230769
4793 0.6730769230769231
4798 1.0
4817 0.47368421052631576
4818 0.5263157894736842
4823 1.0
4918 1.0
5143 1.0
5148 0.8
5149 0.2
5168 1.0
5173 1.0
5267 0.4
5268 0.6
5273 1.0
5292 0.1875
5293 0.8125
5298 1.0
5318 1.0
5323 1.0
5393 1.0
5417 0.3739130434782609
5418 0.6260869565217392
5423 1.0
5442 0.375
5443 0.625
5448 1.0
5767 0.2857142857142857
5768 0.7142857142857143
5773 1.0
5792 0.1111111111111111
5793 0.8888888888888888
5798 1.0
5893 1.0
5917 0.375
5918 0.625
5923 1.0
5943 1.0
6018 1.0
6042 0.33653846153846156
6043 0.6634615384615384
6048 1.0
6067 0.37142857142857144
6068 0.6285714285714286
6073 1.0
6167 0.5
6168 0.5
6392 0.75
6393 0.25
6412 1.0
6417 0.7317073170731707
6418 0.2682926829268293
6442 0.75
6443 0.25
6537 1.0
6542 0.9310344827586207
6543 0.06896551724137931
6562 1.0
6567 0.9152542372881356
6568 0.0847457627118644
6592 1.0
6662 1.0
6667 1.0
6687 1.0
6692 1.0
7017 0.6666666666666666
7018 0.3333333333333333
7037 1.0
7042 0.5526315789473685
7043 0.4473684210526316
7162 1.0
7167 0.8518518518518519
7168 0.14814814814814814
7187 1.0
7192 0.8686868686868687
7193 0.13131313131313133
7217 1.0
7287 1.0
7292 1.0
7312 1.0
7317 0.9714285714285714
7318 0.02857142857142857
7642 0.6666666666666666
7643 0.3333333333333333
7662 1.0
7667 0.6538461538461539
7668 0.34615384615384615
7692 0.75
7693 0.25
7787 1.0
7792 0.75
7793 0.25
7812 1.0
7817 0.8865979381443299
7818 0.1134020618556701
7842 1.0
7912 1.0
7917 1.0
7937 1.0
7942 1.0
8267 0.4
8268 0.6
8292 0.4473684210526316
8293 0.5526315789473685
8298 1.0
8317 1.0
8412 1.0
8417 0.8043478260869565
8418 0.1956521739130435
8437 1.0
8442 0.8130841121495327
8443 0.18691588785046728
8467 1.0
8537 1.0
8542 1.0
8562 1.0
8567 0.9666666666666667
8568 0.03333333333333333
8892 1.0
8917 0.5333333333333333
8918 0.4666666666666667
8923 1.0
8942 1.0
9037 1.0
9042 0.7083333333333334
9043 0.2916666666666667
9062 1.0
9067 0.7840909090909091
9068 0.2159090909090909
9162 1.0
9167 1.0
9187 1.0
9192 0.8148148148148148
9193 0.18518518518518517
9537 1.0
9542 0.8095238095238095
9543 0.19047619047619047
9562 1.0
9567 0.9411764705882353
9568 0.058823529411764705
9587 1.0
9592 1.0
9662 1.0
9686 0.19
9687 0.81
9692 1.0
9711 0.2
9712 0.8
9717 1.0
10042 0.5
10043 0.5
10162 1.0
10167 0.6521739130434783
10168 0.34782608695652173
10187 1.0
10192 1.0
10217 1.0
10287 1.0
10311 0.1125
10312 0.8875
10317 1.0
10336 0.2
10337 0.8
10342 1.0
10787 1.0
10792 0.92
10793 0.08
10812 1.0
10817 1.0
10842 1.0
10936 0.08695652173913043
10937 0.9130434782608695
10942 0.9818181818181818
10943 0.01818181818181818
10961 0.125
10962 0.875
10967 1.0
11293 1.0
11412 1.0
11417 0.6666666666666666
11418 0.3333333333333333
11437 1.0
11442 1.0
11467 1.0
11537 1.0
11561 0.047619047619047616
11562 0.9523809523809523
11567 0.9871794871794872
11568 0.01282051282051282
11586 0.08333333333333333
11587 0.9166666666666666
11592 1.0
11687 1.0
11918 1.0
12037 1.0
12042 0.8421052631578947
12043 0.15789473684210525
12062 1.0
12067 0.7142857142857143
12068 0.2857142857142857
12162 1.0
12167 1.0
12186 0.011627906976744186
12187 0.9883720930232558
12192 0.9666666666666667
12193 0.03333333333333333
12212 1.0
12217 1.0
12312 1.0
12537 1.0
12542 1.0
12562 1.0
12567 1.0
12661 0.5
12662 0.5
12667 1.0
12686 0.3125
12687 0.6875
12692 1.0
12711 0.08333333333333333
12712 0.9166666666666666
12717 1.0
12811 0.725
12812 0.275
12836 0.65625
12837 0.34375
12842 1.0
13162 1.0
13167 1.0
13192 1.0
13286 0.2857142857142857
13287 0.7142857142857143
13292 1.0
13311 0.2
13312 0.8
13317 1.0
13336 0.15151515151515152
13337 0.8484848484848485
13342 1.0
13436 0.5384615384615384
13437 0.46153846153846156
13442 1.0
13461 0.5303030303030303
13462 0.4696969696969697
13467 1.0
13792 0.8181818181818182
13793 0.18181818181818182
13817 0.6
13818 0.4
13911 0.16666666666666666
13912 0.8333333333333334
13917 1.0
13936 0.11428571428571428
13937 0.8857142857142857
13942 1.0
13961 0.034482758620689655
13962 0.9655172413793104
13967 1.0
14061 0.4473684210526316
14062 0.5526315789473685
14086 0.4444444444444444
14087 0.5555555555555556
14092 1.0
14412 1.0
14417 0.2
14418 0.8
14442 0.25
14443 0.75
14537 1.0
14542 1.0
14561 0.02857142857142857
14562 0.9714285714285714
14567 1.0
14587 1.0
14592 1.0
14686 0.35714285714285715
14687 0.6428571428571429
14711 0.3269230769230769
14712 0.6730769230769231
14717 1.0
15037 1.0
15042 0.75
15043 0.25
15067 0.6666666666666666
15068 0.3333333333333333
15161 0.16666666666666666
15162 0.8333333333333334
15167 1.0
15187 1.0
15192 1.0
15212 1.0
15217 1.0
15311 0.3404255319148936
15312 0.6595744680851063
15317 1.0
15336 0.2714285714285714
15337 0.7285714285714285
15342 1.0
