31 1.0
37 1.0
56 1.0
61 0.3333333333333333
62 0.6666666666666666
81 1.0
87 1.0
106 1.0
112 1.0
142 1.0
156 1.0
161 0.16666666666666666
162 0.8333333333333334
181 1.0
186 0.16666666666666666
187 0.8333333333333334
206 1.0
211 0.09090909090909091
212 0.9090909090909091
231 1.0
237 1.0
268 1.0
273 0.3333333333333333
274 0.6666666666666666
281 1.0
287 1.0
293 1.0
300 1.0
305 0.06451612903225806
306 0.9354838709677419
312 1.0
318 1.0
331 1.0
336 1.0
393 1.0
399 1.0
406 1.0
412 1.0
417 0.125
418 0.875
425 1.0
430 0.2
431 0.8
437 1.0
442 1.0
518 1.0
524 1.0
537 1.0
543 1.0
662 1.0
668 1.0
687 1.0
712 1.0
768 1.0
781 1.0
786 0.13333333333333333
787 0.8666666666666667
793 1.0
806 1.0
811 0.42857142857142855
812 0.5714285714285714
831 1.0
836 0.15789473684210525
837 0.8421052631578947
856 1.0
862 1.0
887 1.0
899 1.0
906 1.0
912 1.0
918 1.0
931 1.0
936 0.08695652173913043
937 0.9130434782608695
943 1.0
956 1.0
961 0.5
962 0.5
1012 1.0
1018 1.0
1024 1.0
1031 1.0
1037 1.0
1042 0.1
1043 0.9
1050 1.0
1055 0.3333333333333333
1056 0.6666666666666666
1062 1.0
1143 1.0
1149 1.0
1167 0.16666666666666666
1168 0.8333333333333334
1287 1.0
1387 1.0
1393 1.0
1399 1.0
1406 1.0
1412 1.0
1418 1.0
1424 1.0
1431 1.0
1437 1.0
1462 1.0
1518 1.0
1524 1.0
1531 1.0
1537 1.0
1543 1.0
1556 1.0
1561 0.1
1562 0.9
1568 1.0
1581 1.0
1587 1.0
1593 1.0
1643 1.0
1649 1.0
1656 1.0
1661 0.047619047619047616
1662 0.9523809523809523
1667 0.06666666666666667
1668 0.9333333333333333
1674 1.0
1681 1.0
1686 0.1111111111111111
1687 0.8888888888888888
1693 1.0
1768 1.0
1774 1.0
1786 1.0
1793 1.0
1918 1.0
1943 1.0
2012 1.0
2018 1.0
2031 1.0
2037 1.0
2043 1.0
2062 1.0
2068 1.0
2087 1.0
2137 1.0
2143 1.0
2149 1.0
2156 1.0
2161 0.1
2162 0.9
2168 1.0
2181 1.0
2186 0.11428571428571428
2187 0.8857142857142857
2193 1.0
2212 1.0
2268 1.0
2274 1.0
2281 1.0
2286 0.043478260869565216
2287 0.9565217391304348
2292 0.041666666666666664
2293 0.9583333333333334
2299 1.0
2306 1.0
2312 1.0
2317 1.0
2387 1.0
2393 1.0
2399 1.0
2418 1.0
2424 1.0
2637 1.0
2643 1.0
2649 1.0
2662 1.0
2668 1.0
2687 1.0
2693 1.0
2762 1.0
2768 1.0
2773 0.2
2774 0.8
2781 1.0
2787 1.0
2793 1.0
2806 1.0
2811 0.03225806451612903
2812 0.967741935483871
2818 1.0
2837 1.0
2843 1.0
2887 1.0
2893 1.0
2899 1.0
2906 1.0
2911 0.11538461538461539
2912 0.8846153846153846
2917 0.0625
2918 0.9375
2931 1.0
2936 0.25
2937 0.75
2943 1.0
3018 1.0
3024 1.0
3037 1.0
3043 1.0
3049 1.0
3156 1.0
3175 1.0
3181 1.0
3187 1.0
3205 0.06666666666666667
3206 0.9333333333333333
3212 1.0
3225 1.0
3230 0.030303030303030304
3231 0.9696969696969697
3237 1.0
3275 1.0
3280 0.16666666666666666
3281 0.8333333333333334
3300 1.0
3305 0.2222222222222222
3306 0.7777777777777778
3325 1.0
3330 0.1896551724137931
3331 0.8103448275862069
3350 1.0
3355 0.16666666666666666
3356 0.8333333333333334
3400 1.0
3425 1.0
3430 0.42857142857142855
3431 0.5714285714285714
3450 1.0
3456 1.0
3550 1.0
3781 1.0
3786 0.2
3787 0.8
3806 1.0
3812 1.0
3831 1.0
3837 1.0
3856 1.0
3862 1.0
3900 1.0
3905 0.07142857142857142
3906 0.9285714285714286
3925 1.0
3930 0.1111111111111111
3931 0.8888888888888888
3936 1.0
3950 1.0
3955 0.01694915254237288
3956 0.9830508474576272
3962 1.0
3975 1.0
3980 0.1111111111111111
3981 0.8888888888888888
3986 0.5
3987 0.5
4025 1.0
4050 1.0
4055 0.17391304347826086
4056 0.8260869565217391
4075 1.0
4080 0.25
4081 0.75
4150 1.0
4175 1.0
4406 1.0
4412 1.0
4431 1.0
4437 1.0
4456 1.0
4461 0.16666666666666666
4462 0.8333333333333334
4487 1.0
4525 1.0
4531 1.0
4556 1.0
4562 1.0
4581 1.0
4586 0.08333333333333333
4587 0.9166666666666666
4606 1.0
4612 1.0
4650 1.0
4655 0.5
4656 0.5
4675 1.0
4680 0.14285714285714285
4681 0.8571428571428571
4700 1.0
4705 0.1875
4706 0.8125
4775 1.0
4780 1.0
4800 1.0
4806 1.0
5031 1.0
5037 1.0
5043 1.0
5056 1.0
5062 1.0
5150 1.0
5155 0.06666666666666667
5156 0.9333333333333333
5162 1.0
5181 1.0
5186 0.1111111111111111
5187 0.8888888888888888
5206 1.0
5212 1.0
5231 1.0
5237 1.0
5275 1.0
5281 1.0
5300 1.0
5305 0.22388059701492538
5306 0.7761194029850746
5312 1.0
5331 1.0
5337 1.0
5406 1.0
5425 1.0
5431 1.0
5661 0.1111111111111111
5662 0.8888888888888888
5687 1.0
5775 1.0
5781 1.0
5787 1.0
5806 1.0
5811 0.058823529411764705
5812 0.9411764705882353
5831 1.0
5836 0.030303030303030304
5837 0.9696969696969697
5843 1.0
5862 1.0
5900 1.0
5906 1.0
5925 1.0
5930 0.05263157894736842
5931 0.9473684210526315
5937 1.0
5956 1.0
5961 0.1111111111111111
5962 0.8888888888888888
6025 1.0
6031 1.0
6050 1.0
6055 0.26666666666666666
6056 0.7333333333333333
6275 1.0
6280 0.25
6281 0.75
6300 1.0
6305 0.07692307692307693
6306 0.9230769230769231
6312 1.0
6325 1.0
6330 0.14285714285714285
6331 0.8571428571428571
6350 1.0
6355 0.025
6356 0.975
6400 1.0
6425 1.0
6450 1.0
6455 0.6666666666666666
6456 0.3333333333333333
6475 1.0
6480 1.0
6525 1.0
6550 1.0
6575 1.0
6675 1.0
6900 1.0
6905 0.375
6906 0.625
6925 1.0
6931 1.0
6937 1.0
6956 1.0
6962 1.0
6975 1.0
6981 1.0
6987 1.0
7025 1.0
7031 1.0
7050 1.0
7055 1.0
7075 1.0
7080 0.19230769230769232
7081 0.8076923076923077
7100 1.0
7106 1.0
7175 1.0
7200 1.0
7275 1.0
7300 1.0
7531 1.0
7537 1.0
7556 1.0
7562 1.0
7581 1.0
7587 1.0
7606 1.0
7612 1.0
7650 1.0
7655 0.25
7656 0.75
7675 1.0
7680 0.3
7681 0.7
7700 1.0
7705 0.05128205128205128
7706 0.9487179487179487
7731 1.0
7775 1.0
7800 1.0
7825 1.0
7830 1.0
7925 1.0
8156 1.0
8161 0.5
8162 0.5
8181 1.0
8186 0.1111111111111111
8187 0.8888888888888888
8206 1.0
8212 1.0
8231 1.0
8237 1.0
8275 1.0
8280 0.25
8281 0.75
8300 1.0
8305 0.2
8306 0.8
8325 1.0
8330 0.0625
8331 0.9375
8336 0.25
8337 0.75
8356 1.0
8362 1.0
8400 1.0
8425 1.0
8430 0.7272727272727273
8431 0.2727272727272727
8450 1.0
8456 1.0
8525 1.0
8550 1.0
8787 1.0
8806 1.0
8812 1.0
8837 1.0
8862 1.0
8900 1.0
8905 0.15384615384615385
8906 0.8461538461538461
8930 0.05263157894736842
8931 0.9473684210526315
8937 1.0
8956 1.0
8961 0.2
8962 0.8
8981 1.0
8986 0.16666666666666666
8987 0.8333333333333334
9025 1.0
9030 1.0
9050 1.0
9055 0.2777777777777778
9056 0.7222222222222222
9075 1.0
9080 0.06666666666666667
9081 0.9333333333333333
9150 1.0
9175 1.0
9400 1.0
9406 1.0
9425 1.0
9430 0.2
9431 0.8
9437 1.0
9450 1.0
9455 0.125
9456 0.875
9462 1.0
9475 1.0
9480 0.10526315789473684
9481 0.8947368421052632
9487 1.0
9525 1.0
9550 1.0
9575 1.0
9600 1.0
9650 1.0
9675 1.0
9700 1.0
9800 1.0
10025 1.0
10030 0.5
10031 0.5
10050 1.0
10055 0.08333333333333333
10056 0.9166666666666666
10062 1.0
10075 1.0
10080 0.16666666666666666
10081 0.8333333333333334
10100 1.0
10105 0.02631578947368421
10106 0.9736842105263158
10111 0.5
10112 0.5
10150 1.0
10175 1.0
10200 1.0
10205 1.0
10225 1.0
10231 1.0
10300 1.0
10325 1.0
10400 1.0
10425 1.0
10650 1.0
10656 1.0
10681 1.0
10687 1.0
10706 1.0
10731 1.0
10737 1.0
10775 1.0
10800 1.0
10806 1.0
10825 1.0
10830 0.3333333333333333
10831 0.6666666666666666
10850 1.0
10855 0.25
10856 0.75
10900 1.0
10925 1.0
10950 1.0
11025 1.0
11050 1.0
11275 1.0
11281 1.0
11300 1.0
11306 1.0
11311 0.3333333333333333
11312 0.6666666666666666
11331 1.0
11337 1.0
11356 1.0
11361 0.16666666666666666
11362 0.8333333333333334
11400 1.0
11425 1.0
11430 0.5
11431 0.5
11450 1.0
11455 0.14634146341463414
11456 0.8536585365853658
11475 1.0
11481 1.0
11525 1.0
11550 1.0
11575 1.0
11650 1.0
11675 1.0
11906 1.0
11931 1.0
11936 0.25
11937 0.75
11956 1.0
11962 1.0
11981 1.0
12025 1.0
12030 0.5
12031 0.5
12050 1.0
12056 1.0
12075 1.0
12080 0.03773584905660377
12081 0.9622641509433962
12106 1.0
12112 1.0
12150 1.0
12175 1.0
12200 1.0
12205 1.0
12300 1.0
12525 1.0
12550 1.0
12555 0.1
12556 0.9
12562 1.0
12575 1.0
12581 1.0
12600 1.0
12605 0.06666666666666667
12606 0.9333333333333333
12650 1.0
12675 1.0
12700 1.0
12725 1.0
12775 1.0
12800 1.0
12825 1.0
12900 1.0
12925 1.0
13150 1.0
13156 1.0
13175 1.0
13180 0.16666666666666666
13181 0.8333333333333334
13186 0.5
13187 0.5
13200 1.0
13206 1.0
13225 1.0
13230 0.14583333333333334
13231 0.8541666666666666
13237 1.0
13275 1.0
13300 1.0
13325 1.0
13350 1.0
13400 1.0
13425 1.0
13450 1.0
13525 1.0
13550 1.0
13775 1.0
13781 1.0
13800 1.0
13805 0.15384615384615385
13806 0.8461538461538461
13812 1.0
13825 1.0
13830 0.2857142857142857
13831 0.7142857142857143
13837 1.0
13850 1.0
13856 1.0
13861 0.5
13862 0.5
13900 1.0
13925 1.0
13950 1.0
13955 0.4
13956 0.6
13975 1.0
13980 0.5
13981 0.5
14025 1.0
14050 1.0
14075 1.0
14150 1.0
14175 1.0
14400 1.0
14412 1.0
14425 1.0
14430 0.2727272727272727
14431 0.7272727272727273
14436 0.16666666666666666
14437 0.8333333333333334
14456 1.0
14462 1.0
14481 1.0
14487 1.0
14525 1.0
14550 1.0
14575 1.0
14580 0.36363636363636365
14581 0.6363636363636364
14600 1.0
14605 0.09090909090909091
14606 0.9090909090909091
14650 1.0
14675 1.0
14700 1.0
14775 1.0
14800 1.0
15031 1.0
15037 1.0
15055 0.07692307692307693
15056 0.9230769230769231
15062 1.0
15081 1.0
15087 1.0
15106 1.0
15112 1.0
15150 1.0
15175 1.0
15180 1.0
15200 1.0
15205 0.15151515151515152
15206 0.8484848484848485
15225 1.0
15231 1.0
15275 1.0
15300 1.0
15325 1.0
15400 1.0
15425 1.0
