0 1.0
6 1.0
25 1.0
31 0.9803921568627451
32 0.0196078431372549
37 1.0
50 0.9710144927536232
51 0.028985507246376812
56 0.9577464788732394
57 0.04225352112676056
62 1.0
75 0.96875
76 0.03125
81 0.9820627802690582
82 0.017937219730941704
87 0.9937888198757764
88 0.006211180124223602
93 1.0
100 0.9925373134328358
101 0.007462686567164179
106 0.9644970414201184
107 0.03550295857988166
112 0.9545454545454546
113 0.045454545454545456
118 1.0
125 1.0
131 1.0
150 1.0
156 0.9833333333333333
157 0.016666666666666666
162 0.9719626168224299
163 0.028037383177570093
168 0.9625
169 0.0375
174 1.0
181 0.8387096774193549
182 0.16129032258064516
187 0.9192307692307692
188 0.08076923076923077
193 0.9807692307692307
194 0.019230769230769232
199 1.0
206 0.6666666666666666
207 0.3333333333333333
212 0.9154929577464789
213 0.08450704225352113
218 0.9868421052631579
219 0.013157894736842105
237 1.0
250 0.8571428571428571
251 0.14285714285714285
256 0.9615384615384616
257 0.038461538461538464
262 1.0
268 0.95
269 0.05
274 1.0
281 0.9375
282 0.0625
287 0.8904109589041096
288 0.1095890410958904
293 0.918848167539267
294 0.08115183246073299
299 1.0
312 0.5
313 0.5
318 0.9444444444444444
319 0.05555555555555555
324 1.0
375 1.0
381 0.95
382 0.05
387 1.0
393 0.84375
394 0.15625
399 1.0
406 1.0
412 1.0
418 0.9105691056910569
419 0.08943089430894309
424 1.0
500 1.0
506 1.0
512 0.9183673469387755
513 0.08163265306122448
518 0.9054054054054054
519 0.0945945945945946
524 1.0
537 1.0
543 1.0
549 1.0
