55 1.0
60 1.0
80 1.0
85 1.0
105 1.0
110 1.0
186 1.0
206 1.0
211 1.0
231 1.0
236 1.0
267 1.0
292 1.0
311 0.3333333333333333
312 0.6666666666666666
398 1.0
418 1.0
660 1.0
680 1.0
781 1.0
786 1.0
806 1.0
831 1.0
836 1.0
912 1.0
917 1.0
932 1.0
937 1.0
957 1.0
1038 1.0
1043 1.0
1063 1.0
1149 1.0
1169 1.0
1280 1.0
1406 1.0
1411 1.0
1431 1.0
1456 1.0
1537 1.0
1557 1.0
1562 1.0
1577 1.0
1582 1.0
1663 1.0
1683 1.0
1688 1.0
1769 1.0
1774 1.0
2011 1.0
2031 1.0
2157 1.0
2162 1.0
2177 1.0
2182 0.9090909090909091
2183 0.09090909090909091
2202 1.0
2268 1.0
2288 1.0
2293 1.0
2303 1.0
2308 1.0
2399 1.0
2414 1.0
2419 1.0
2656 1.0
2767 1.0
2772 1.0
2777 1.0
2782 1.0
2802 1.0
2807 1.0
2888 1.0
2893 1.0
2903 1.0
2908 1.0
2913 1.0
2928 1.0
2933 1.0
3019 1.0
3024 1.0
3039 1.0
3044 1.0
3160 1.0
3165 1.0
3185 1.0
3210 1.0
3286 1.0
3291 1.0
3306 1.0
3311 1.0
3331 1.0
3336 1.0
3356 1.0
3361 1.0
3417 1.0
3437 1.0
3442 1.0
3457 1.0
3523 1.0
3543 1.0
3785 1.0
3810 1.0
3911 1.0
3931 1.0
3936 1.0
3956 1.0
3961 1.0
4022 1.0
4057 1.0
4062 1.0
4082 1.0
4087 1.0
4148 1.0
4163 1.0
4168 1.0
4274 1.0
4531 1.0
4536 1.0
4541 1.0
4556 0.5
4557 0.5
4682 1.0
4687 1.0
4707 1.0
4788 1.0
4793 1.0
4808 1.0
4894 1.0
4899 1.0
5156 1.0
5161 1.0
5282 1.0
5287 0.6666666666666666
5288 0.3333333333333333
5307 0.8571428571428571
5308 0.14285714285714285
5393 1.0
5408 1.0
5413 1.0
5418 1.0
5428 1.0
5433 1.0
5438 1.0
5519 1.0
5524 1.0
5544 1.0
5761 1.0
5777 1.0
5781 1.0
5786 1.0
5887 1.0
5897 1.0
5907 1.0
5912 1.0
5932 1.0
6013 1.0
6018 1.0
6028 1.0
6033 1.0
6038 1.0
6053 1.0
6058 1.0
6144 1.0
6149 1.0
6164 1.0
6169 1.0
6285 1.0
6396 1.0
6411 1.0
6416 1.0
6421 1.0
6431 1.0
6436 1.0
6461 1.0
6517 1.0
6537 1.0
6542 1.0
6562 1.0
6567 1.0
6582 1.0
6587 1.0
6592 1.0
6648 1.0
6663 1.0
6668 1.0
6693 1.0
6774 1.0
7016 1.0
7036 1.0
7056 1.0
7061 1.0
7142 1.0
7167 1.0
7182 1.0
7187 1.0
7207 1.0
7212 1.0
7268 1.0
7273 1.0
7288 1.0
7293 1.0
7298 1.0
7313 1.0
7394 1.0
7399 1.0
7656 1.0
7661 1.0
7767 1.0
7772 1.0
7782 1.0
7787 1.0
7792 1.0
7807 1.0
7812 0.75
7813 0.25
7893 1.0
7898 1.0
7913 1.0
7918 1.0
7938 1.0
8019 1.0
8044 1.0
8266 1.0
8281 1.0
8286 1.0
8392 1.0
8407 1.0
8412 1.0
8417 1.0
8432 1.0
8437 1.0
8518 1.0
8533 1.0
8538 1.0
8543 1.0
8558 1.0
8563 1.0
8644 1.0
8649 1.0
8669 1.0
8886 1.0
8891 1.0
8906 1.0
9012 1.0
9017 1.0
9032 1.0
9037 1.0
9143 1.0
9153 1.0
9158 1.0
9163 1.0
9168 1.0
9269 1.0
9274 1.0
9284 1.0
9294 1.0
9415 1.0
9516 1.0
9541 1.0
9561 1.0
9566 1.0
9586 1.0
9667 1.0
9687 1.0
9692 1.0
9712 1.0
9773 1.0
9788 1.0
9793 1.0
9798 1.0
9899 1.0
9919 1.0
10161 1.0
10166 1.0
10186 1.0
10211 1.0
10267 1.0
10272 1.0
10287 1.0
10307 0.6666666666666666
10308 0.3333333333333333
10312 1.0
10317 1.0
10337 1.0
10393 1.0
10398 1.0
10413 1.0
10418 1.0
10438 1.0
10519 1.0
10524 1.0
10544 1.0
10761 1.0
10766 1.0
10786 1.0
10791 1.0
10892 1.0
10907 1.0
10912 1.0
10932 1.0
10937 1.0
11038 1.0
11043 1.0
11058 1.0
11063 1.0
11144 1.0
11149 1.0
11174 1.0
11411 1.0
11512 1.0
11522 1.0
11532 1.0
11537 0.8333333333333334
11538 0.16666666666666666
11557 1.0
11643 1.0
11658 1.0
11663 1.0
11668 1.0
11683 1.0
11764 1.0
11774 1.0
12011 1.0
12031 1.0
12142 1.0
12157 0.5
12158 0.5
12268 1.0
12283 1.0
12288 1.0
12308 1.0
12394 1.0
12399 1.0
12409 1.0
12414 1.0
12646 1.0
12661 1.0
12666 1.0
12686 1.0
12691 1.0
12711 1.0
12772 1.0
12792 1.0
12812 1.0
12817 1.0
12837 1.0
12842 1.0
12893 1.0
12918 1.0
12938 1.0
12943 1.0
13024 1.0
13266 1.0
13286 1.0
13291 1.0
13311 1.0
13392 1.0
13397 1.0
13412 1.0
13432 1.0
13437 1.0
13518 1.0
13523 1.0
13538 1.0
13543 1.0
13563 1.0
13649 1.0
13669 1.0
13674 1.0
13886 1.0
13891 1.0
13911 0.6666666666666666
13912 0.3333333333333333
14017 1.0
14032 1.0
14037 1.0
14057 0.8
14058 0.2
14062 0.6
14063 0.4
14143 1.0
14148 1.0
14163 1.0
14168 1.0
14183 1.0
14188 1.0
14269 1.0
14274 1.0
14289 1.0
14294 1.0
14516 1.0
14642 1.0
14657 0.6666666666666666
14658 0.3333333333333333
14662 1.0
14667 1.0
14683 1.0
14768 1.0
14773 1.0
14783 1.0
14788 1.0
14793 1.0
14808 1.0
14894 1.0
14899 1.0
14914 1.0
14919 1.0
15136 1.0
15262 1.0
15267 1.0
15282 0.75
15283 0.25
15388 1.0
15393 1.0
15408 1.0
15413 0.8571428571428571
15414 0.14285714285714285
15418 1.0
15519 1.0
15524 1.0
15539 1.0
15544 1.0
15680 1.0
15685 1.0
15705 1.0
15710 1.0
15725 1.0
15730 1.0
15735 1.0
15826 1.0
15831 1.0
15851 1.0
15856 1.0
16280 1.0
16300 1.0
16305 1.0
16325 1.0
16330 1.0
16355 1.0
16426 1.0
16451 0.9444444444444444
16452 0.05555555555555555
16456 1.0
16476 1.0
16481 1.0
16577 1.0
16905 1.0
16930 1.0
17026 1.0
17051 0.9285714285714286
17052 0.07142857142857142
17056 1.0
17076 0.8823529411764706
17077 0.11764705882352941
17081 1.0
17177 1.0
17202 1.0
17651 0.8
17652 0.2
17656 1.0
17676 0.8571428571428571
17677 0.14285714285714285
17682 1.0
17802 0.9318181818181818
17803 0.06818181818181818
17807 1.0
17928 1.0
18276 1.0
18402 0.8
18403 0.2
18427 0.84
18428 0.16
18528 1.0
18553 1.0
18785 1.0
18805 1.0
18810 1.0
18830 1.0
18835 1.0
18855 1.0
18860 1.0
18956 1.0
18961 1.0
18976 1.0
18981 1.0
18986 1.0
19405 1.0
19410 1.0
19430 1.0
19456 1.0
19556 1.0
19576 1.0
19581 0.9615384615384616
19582 0.038461538461538464
19601 1.0
19606 1.0
19707 1.0
20030 1.0
20056 1.0
20156 1.0
20176 1.0
20181 1.0
20201 1.0
20206 0.8461538461538461
20207 0.15384615384615385
20302 1.0
20307 1.0
20327 1.0
20332 1.0
20655 1.0
20776 1.0
20781 1.0
20806 1.0
20902 1.0
20927 0.9130434782608695
20928 0.08695652173913043
20932 1.0
21053 1.0
21401 1.0
21406 1.0
21527 0.5
21528 0.5
21552 0.875
21553 0.125
21557 1.0
21653 0.8571428571428571
21654 0.14285714285714285
21678 1.0
21910 1.0
21930 1.0
21935 1.0
21955 1.0
21960 1.0
21985 1.0
22081 1.0
22086 1.0
22106 1.0
22111 1.0
22555 1.0
22560 1.0
22656 1.0
22681 1.0
22686 1.0
22701 1.0
22706 0.8636363636363636
22707 0.13636363636363635
22807 1.0
22832 1.0
23155 1.0
23281 1.0
23302 1.0
23306 0.75
23307 0.25
23331 1.0
23427 1.0
23432 1.0
23452 1.0
23457 1.0
23906 1.0
23932 1.0
24027 1.0
24052 1.0
24057 1.0
24153 1.0
24178 1.0
24526 1.0
24531 1.0
24652 1.0
24657 1.0
24677 0.8333333333333334
24678 0.16666666666666666
24682 1.0
24778 0.9090909090909091
24779 0.09090909090909091
24783 1.0
24803 1.0
24808 1.0
25035 1.0
25040 1.0
25060 1.0
25181 1.0
25186 1.0
25206 1.0
25211 1.0
25231 1.0
25236 1.0
25332 1.0
25660 1.0
25680 0.5
25681 0.5
25685 1.0
25781 1.0
25806 1.0
25811 1.0
25831 1.0
25932 1.0
25957 1.0
25962 1.0
26285 1.0
26406 1.0
26431 0.5714285714285714
26432 0.42857142857142855
26456 1.0
26552 0.75
26553 0.25
26557 1.0
26562 1.0
26582 1.0
26678 1.0
27031 0.8
27032 0.2
27056 1.0
27157 1.0
27177 0.8571428571428571
27178 0.14285714285714285
27182 1.0
27278 1.0
27303 1.0
27651 1.0
27656 1.0
27777 1.0
27782 1.0
27802 0.8
27803 0.2
27807 0.6666666666666666
27808 0.3333333333333333
27903 1.0
27908 1.0
27928 1.0
27933 1.0
28160 1.0
28286 1.0
28306 1.0
28311 1.0
28331 1.0
28336 0.9523809523809523
28337 0.047619047619047616
28341 1.0
28361 1.0
28437 1.0
28457 1.0
28462 1.0
28780 1.0
28785 1.0
28810 1.0
28906 1.0
28911 1.0
28931 1.0
28936 1.0
28956 0.9
28957 0.1
28961 1.0
29057 1.0
29062 1.0
29082 1.0
29087 1.0
29183 1.0
29531 1.0
29536 1.0
29557 1.0
29677 1.0
29682 0.9
29683 0.1
29687 1.0
29707 1.0
29808 1.0
30156 1.0
30277 1.0
30282 1.0
30302 1.0
30307 0.9
30308 0.1
30403 1.0
30408 1.0
30428 1.0
30433 1.0
30776 1.0
30781 1.0
30902 0.3333333333333333
30903 0.6666666666666666
30907 1.0
30932 0.5
30933 0.5
31028 0.9090909090909091
31029 0.09090909090909091
31033 1.0
31053 1.0
31058 1.0
31280 1.0
31305 1.0
31310 1.0
31325 1.0
31330 1.0
31350 1.0
31355 1.0
31925 1.0
31930 1.0
31950 1.0
31955 1.0
31975 0.75
31976 0.25
31980 1.0
32051 1.0
32076 1.0
32101 1.0
32530 1.0
32550 0.5
32551 0.5
32555 1.0
32676 0.8333333333333334
32677 0.16666666666666666
32701 0.8888888888888888
32702 0.1111111111111111
32802 1.0
32827 1.0
33151 1.0
33276 0.75
33277 0.25
33301 0.6666666666666666
33302 0.3333333333333333
33427 0.8709677419354839
33428 0.12903225806451613
33553 1.0
33901 1.0
33926 0.5
33927 0.5
34027 0.7272727272727273
34028 0.2727272727272727
34052 0.9285714285714286
34053 0.07142857142857142
34153 1.0
34178 0.875
34179 0.125
34430 1.0
34435 1.0
34455 1.0
34460 1.0
34475 0.5
34476 0.5
34480 1.0
34485 1.0
34581 1.0
34601 1.0
34606 1.0
35030 1.0
35055 0.9166666666666666
35056 0.08333333333333333
35080 0.5
35081 0.5
35105 1.0
35201 0.9523809523809523
35202 0.047619047619047616
35206 1.0
35226 1.0
35231 1.0
35327 1.0
35655 1.0
35680 1.0
35776 1.0
35801 1.0
35826 0.875
35827 0.125
35831 1.0
35927 1.0
35952 1.0
36276 1.0
36401 1.0
36426 0.8571428571428571
36427 0.14285714285714285
36451 0.5
36452 0.5
36552 0.8285714285714286
36553 0.17142857142857143
36678 1.0
37026 1.0
37152 0.5
37153 0.5
37177 0.3333333333333333
37178 0.6666666666666666
37278 1.0
37303 1.0
37535 1.0
37555 1.0
37560 1.0
37580 0.8
37581 0.2
37585 1.0
37605 1.0
37610 1.0
37706 1.0
37731 1.0
38155 1.0
38180 1.0
38205 1.0
38301 1.0
38306 1.0
38326 1.0
38331 1.0
38356 1.0
38452 1.0
38780 1.0
38901 1.0
38906 1.0
38926 0.8
38927 0.2
38931 1.0
38951 0.8571428571428571
38952 0.14285714285714285
38956 1.0
39052 1.0
39077 1.0
39526 0.75
39527 0.25
39531 1.0
39551 0.3333333333333333
39552 0.6666666666666666
39677 0.896551724137931
39678 0.10344827586206896
39702 1.0
39803 1.0
40151 1.0
40156 1.0
40277 0.6666666666666666
40278 0.3333333333333333
40302 0.7857142857142857
40303 0.21428571428571427
40403 1.0
40428 0.8888888888888888
40429 0.1111111111111111
40529 1.0
40660 1.0
40680 1.0
40685 1.0
40705 1.0
40710 1.0
40730 1.0
40735 1.0
40806 1.0
40831 1.0
40836 1.0
40856 1.0
40861 1.0
41280 1.0
41305 1.0
41427 1.0
41431 1.0
41456 1.0
41481 1.0
41577 1.0
41582 1.0
41905 0.8
41906 0.2
42026 1.0
42031 1.0
42051 0.8
42052 0.2
42056 1.0
42076 1.0
42081 1.0
42177 1.0
42182 1.0
42202 1.0
42207 1.0
42651 1.0
42676 0.75
42677 0.25
42681 1.0
42777 1.0
42802 0.9166666666666666
42803 0.08333333333333333
42807 1.0
42928 1.0
43276 1.0
43281 1.0
43402 0.8888888888888888
43403 0.1111111111111111
43427 0.9230769230769231
43428 0.07692307692307693
43528 0.9444444444444444
43529 0.05555555555555555
43553 1.0
43805 1.0
43810 1.0
43835 1.0
43860 1.0
43956 1.0
43961 1.0
43981 1.0
43986 1.0
44410 1.0
44430 1.0
44531 1.0
44556 1.0
44581 0.8888888888888888
44582 0.1111111111111111
44586 1.0
44606 1.0
44707 1.0
45156 1.0
45177 1.0
45181 1.0
45186 1.0
45206 1.0
45302 0.9090909090909091
45303 0.09090909090909091
45307 1.0
45327 1.0
45332 1.0
45428 1.0
45776 1.0
45781 1.0
45801 1.0
45927 1.0
45932 1.0
46053 1.0
46401 1.0
46406 1.0
46527 0.875
46528 0.125
46552 0.8333333333333334
46553 0.16666666666666666
46557 1.0
46653 0.8333333333333334
46654 0.16666666666666666
46678 1.0
46779 1.0
46930 1.0
46935 1.0
46955 1.0
46960 1.0
46975 1.0
46980 1.0
46985 1.0
47101 1.0
47550 1.0
47555 1.0
47575 1.0
47600 1.0
47605 1.0
47701 0.9090909090909091
47702 0.09090909090909091
47726 1.0
48150 1.0
48175 1.0
48301 1.0
48326 0.88
48327 0.12
48427 1.0
48452 1.0
48775 1.0
48800 1.0
48901 0.7142857142857143
48902 0.2857142857142857
48926 0.75
48927 0.25
48951 1.0
49052 0.8387096774193549
49053 0.16129032258064516
49077 1.0
49178 1.0
49526 1.0
49652 0.7
49653 0.3
49677 0.75
49678 0.25
49778 0.95
49779 0.05
49803 1.0
49904 1.0
50055 1.0
50060 1.0
50080 1.0
50100 1.0
50105 1.0
50110 1.0
50201 1.0
50226 1.0
50680 1.0
50700 1.0
50705 1.0
50725 0.5
50726 0.5
50801 1.0
50826 1.0
50851 1.0
50952 1.0
51280 1.0
51300 0.6666666666666666
51301 0.3333333333333333
51326 1.0
51401 1.0
51426 1.0
51451 0.9130434782608695
51452 0.08695652173913043
51552 1.0
51577 1.0
51900 1.0
51930 1.0
52026 1.0
52051 0.42857142857142855
52052 0.5714285714285714
52076 1.0
52177 0.9545454545454546
52178 0.045454545454545456
52202 1.0
52303 1.0
52525 1.0
52651 1.0
52777 0.75
52778 0.25
52802 0.75
52803 0.25
52903 0.9090909090909091
52904 0.09090909090909091
52928 0.9230769230769231
52929 0.07692307692307693
53180 1.0
53185 1.0
53205 1.0
53230 1.0
53235 1.0
53326 1.0
53331 1.0
53356 1.0
53800 1.0
53805 1.0
53830 1.0
53951 1.0
53956 1.0
53976 1.0
53981 1.0
54400 1.0
54405 1.0
54425 1.0
54430 1.0
54551 0.5
54552 0.5
54576 0.7333333333333333
54577 0.26666666666666666
54677 1.0
54702 1.0
55151 1.0
55176 1.0
55277 0.5
55278 0.5
55302 0.9285714285714286
55303 0.07142857142857142
55428 1.0
55776 0.8571428571428571
55777 0.14285714285714285
55902 0.8
55903 0.2
55927 0.8461538461538461
55928 0.15384615384615385
56028 0.9166666666666666
56029 0.08333333333333333
56053 1.0
56305 1.0
56310 1.0
56330 1.0
56335 1.0
56355 0.9
56356 0.1
56360 1.0
56456 1.0
56481 1.0
56905 1.0
56930 0.8571428571428571
56931 0.14285714285714285
56935 1.0
56955 0.6666666666666666
56956 0.3333333333333333
56981 1.0
57051 1.0
57056 1.0
57076 1.0
57081 1.0
57106 1.0
57202 1.0
57525 1.0
57530 1.0
57555 1.0
57651 1.0
57676 0.625
57677 0.375
57681 1.0
57701 0.8333333333333334
57702 0.16666666666666666
57706 1.0
57802 0.9166666666666666
57803 0.08333333333333333
57827 1.0
58151 1.0
58155 1.0
58276 1.0
58301 0.5
58302 0.5
58402 1.0
58427 0.9142857142857143
58428 0.08571428571428572
58452 1.0
58553 1.0
58901 1.0
59027 0.7777777777777778
59028 0.2222222222222222
59052 0.7142857142857143
59053 0.2857142857142857
59153 0.9333333333333333
59154 0.06666666666666667
59178 1.0
59279 1.0
59430 1.0
59435 1.0
59455 1.0
59460 1.0
59581 1.0
59606 1.0
59611 1.0
60030 1.0
60055 1.0
60060 1.0
60181 1.0
60201 0.6
60202 0.4
60206 0.9583333333333334
60207 0.041666666666666664
60231 1.0
60327 1.0
60332 1.0
60655 1.0
60680 1.0
60776 1.0
60801 1.0
60806 1.0
60826 1.0
60831 0.9
60832 0.1
60927 0.9444444444444444
60928 0.05555555555555555
60952 1.0
60957 1.0
61053 1.0
61401 1.0
61426 1.0
61552 0.8888888888888888
61553 0.1111111111111111
61678 1.0
62026 1.0
62152 0.9090909090909091
62153 0.09090909090909091
62177 0.6666666666666666
62178 0.3333333333333333
62278 1.0
62303 1.0
62550 1.0
62555 1.0
62560 1.0
62580 1.0
62600 1.0
62605 1.0
63175 1.0
63180 1.0
63200 0.75
63201 0.25
63205 1.0
63225 0.95
63226 0.05
63230 1.0
63326 1.0
63351 1.0
63452 1.0
63775 1.0
63800 0.8
63801 0.2
63805 1.0
63926 1.0
63951 0.9523809523809523
63952 0.047619047619047616
63976 1.0
64052 0.8
64053 0.2
64077 1.0
64526 0.8571428571428571
64527 0.14285714285714285
64551 0.7777777777777778
64552 0.2222222222222222
64577 1.0
64677 0.9
64678 0.1
64702 1.0
64803 1.0
65025 1.0
65151 0.75
65152 0.25
65277 0.75
65278 0.25
65302 1.0
65403 0.8
65404 0.2
65428 1.0
65529 1.0
65680 1.0
65685 1.0
65700 1.0
65705 1.0
65725 1.0
65730 1.0
65735 1.0
66300 1.0
66305 1.0
66325 1.0
66350 0.8333333333333334
66351 0.16666666666666666
66355 1.0
66451 0.9230769230769231
66452 0.07692307692307693
66476 0.9444444444444444
66477 0.05555555555555555
66900 1.0
66905 1.0
66925 0.75
66926 0.25
66930 1.0
67026 1.0
67051 1.0
67076 0.8181818181818182
67077 0.18181818181818182
67101 1.0
67177 1.0
67202 1.0
67525 1.0
67651 1.0
67676 0.6
67677 0.4
67701 0.3333333333333333
67702 0.6666666666666666
67802 0.9411764705882353
67803 0.058823529411764705
67827 1.0
67928 1.0
68150 1.0
68276 1.0
68402 1.0
68427 1.0
68528 0.9230769230769231
68529 0.07692307692307693
68553 1.0
68654 1.0
68805 1.0
68810 1.0
68830 1.0
68835 1.0
68855 0.9642857142857143
68856 0.03571428571428571
68860 1.0
68976 1.0
69430 1.0
69450 1.0
69455 1.0
69476 1.0
69480 0.5
69481 0.5
69551 1.0
69576 1.0
69581 1.0
69601 1.0
69606 1.0
70025 1.0
70030 1.0
70050 0.75
70051 0.25
70151 1.0
70176 1.0
70201 0.9411764705882353
70202 0.058823529411764705
70302 1.0
70327 1.0
70650 1.0
70776 1.0
70801 0.6666666666666666
70802 0.3333333333333333
70827 1.0
70902 1.0
70927 0.8571428571428571
70928 0.14285714285714285
70952 1.0
71028 1.0
71053 1.0
71275 1.0
71401 1.0
71527 0.8333333333333334
71528 0.16666666666666666
71552 0.8125
71553 0.1875
71653 0.95
71654 0.05
71678 1.0
71779 1.0
71910 1.0
71930 1.0
71935 1.0
71955 1.0
71960 1.0
71980 1.0
71985 1.0
72076 1.0
72081 1.0
72101 1.0
72106 1.0
72551 1.0
72555 1.0
72580 0.75
72581 0.25
72676 1.0
72701 0.9523809523809523
72702 0.047619047619047616
72706 1.0
72731 1.0
72827 1.0
73180 1.0
73276 1.0
73301 0.8888888888888888
73302 0.1111111111111111
73326 0.9
73327 0.1
73427 1.0
73452 1.0
73901 1.0
73926 0.4
73927 0.6
74052 0.8333333333333334
74053 0.16666666666666666
74077 1.0
74153 1.0
74178 1.0
74526 1.0
74652 0.42857142857142855
74653 0.5714285714285714
74677 1.0
74778 0.9333333333333333
74779 0.06666666666666667
74803 1.0
75035 1.0
75055 1.0
75060 1.0
75080 0.9230769230769231
75081 0.07692307692307693
75085 1.0
75105 0.875
75106 0.125
75110 1.0
75206 1.0
75231 1.0
75655 1.0
75680 0.75
75681 0.25
75801 1.0
75826 0.9333333333333333
75827 0.06666666666666667
75831 1.0
75851 1.0
75856 1.0
75952 1.0
76275 1.0
76280 1.0
76305 0.5
76306 0.5
76401 1.0
76426 1.0
76451 0.7
76452 0.3
76456 1.0
76552 0.9411764705882353
76553 0.058823529411764705
76577 1.0
76900 1.0
77026 1.0
77052 1.0
77177 0.8636363636363636
77178 0.13636363636363635
77202 1.0
77303 1.0
77651 0.6666666666666666
77652 0.3333333333333333
77777 0.7777777777777778
77778 0.2222222222222222
77802 0.42857142857142855
77803 0.5714285714285714
77903 1.0
77928 1.0
78029 1.0
