166 0.6
167 0.4
187 1.0
192 1.0
218 1.0
270 1.0
291 0.5
292 0.5
312 1.0
317 1.0
338 1.0
343 1.0
395 1.0
416 0.8333333333333334
417 0.16666666666666666
421 1.0
515 1.0
520 1.0
766 1.0
786 1.0
791 1.0
916 0.8333333333333334
917 0.16666666666666666
937 0.75
938 0.25
942 1.0
968 1.0
1020 1.0
1041 0.9
1042 0.1
1046 1.0
1067 1.0
1140 1.0
1145 1.0
1166 1.0
1171 1.0
1411 1.0
1416 1.0
1442 1.0
1541 0.6666666666666666
1542 0.3333333333333333
1546 1.0
1562 0.8333333333333334
1563 0.16666666666666666
1567 0.8571428571428571
1568 0.14285714285714285
1593 1.0
1662 1.0
1666 0.8181818181818182
1667 0.18181818181818182
1671 1.0
1692 1.0
1765 1.0
1770 1.0
1796 1.0
2016 1.0
2041 1.0
2140 1.0
2166 1.0
2171 1.0
2187 1.0
2192 1.0
2218 1.0
2270 1.0
2291 0.8571428571428571
2292 0.14285714285714285
2296 1.0
2312 1.0
2317 1.0
2395 0.8333333333333334
2396 0.16666666666666666
2421 1.0
2661 1.0
2666 1.0
2770 1.0
2786 1.0
2791 0.5
2792 0.5
2812 0.8
2813 0.2
2817 1.0
2890 0.6
2891 0.4
2895 0.75
2896 0.25
2912 1.0
2916 1.0
2921 1.0
2937 1.0
2942 1.0
3015 1.0
3020 1.0
3041 1.0
3046 1.0
3266 1.0
3291 1.0
3296 1.0
3318 1.0
3395 1.0
3412 1.0
3417 1.0
3421 1.0
3437 0.3333333333333333
3438 0.6666666666666666
3442 0.8181818181818182
3443 0.18181818181818182
3463 1.0
3468 1.0
3520 1.0
3541 0.875
3542 0.125
3547 1.0
3562 1.0
3645 1.0
3890 1.0
3916 1.0
3968 1.0
4020 1.0
4041 0.3333333333333333
4042 0.6666666666666666
4062 1.0
4067 1.0
4093 1.0
4145 0.5
4146 0.5
4166 0.625
4167 0.375
4171 1.0
4192 1.0
4266 1.0
4270 1.0
4296 1.0
4541 0.5
4542 0.5
4645 1.0
4662 1.0
4666 1.0
4687 1.0
4692 1.0
4791 0.5
4792 0.5
4796 1.0
4817 1.0
4895 1.0
4916 1.0
5145 1.0
5166 1.0
5286 1.0
5291 0.8
5292 0.2
5312 1.0
5317 1.0
5390 1.0
5395 1.0
5411 1.0
5416 0.75
5417 0.25
5421 1.0
5437 1.0
5442 1.0
5515 1.0
5520 1.0
5546 1.0
5766 1.0
5770 1.0
5786 1.0
5791 1.0
5890 1.0
5895 1.0
5916 1.0
5942 1.0
6015 1.0
6020 1.0
6036 1.0
6041 0.9230769230769231
6042 0.07692307692307693
6062 1.0
6067 1.0
6140 1.0
6145 1.0
6166 1.0
6171 1.0
6390 0.5
6391 0.5
6395 1.0
6411 1.0
6416 1.0
6421 1.0
6515 1.0
6520 1.0
6537 1.0
6541 1.0
6546 1.0
6562 0.6666666666666666
6563 0.3333333333333333
6567 0.625
6568 0.375
6641 1.0
6666 1.0
6671 1.0
6687 1.0
6692 1.0
6770 1.0
6796 1.0
7020 1.0
7041 0.8333333333333334
7042 0.16666666666666666
7145 1.0
7187 1.0
7192 0.8571428571428571
7193 0.14285714285714285
7218 1.0
7270 1.0
7291 0.5555555555555556
7292 0.4444444444444444
7296 1.0
7317 1.0
7390 1.0
7395 1.0
7641 1.0
7666 1.0
7770 1.0
7786 1.0
7791 0.5
7792 0.5
7812 1.0
7817 0.6666666666666666
7818 0.3333333333333333
7890 0.4
7891 0.6
7895 1.0
7916 0.7777777777777778
7917 0.2222222222222222
7921 1.0
7942 1.0
8015 1.0
8020 1.0
8266 1.0
8286 1.0
8291 1.0
8395 1.0
8416 0.8
8417 0.2
8421 1.0
8437 1.0
8442 1.0
8515 0.5
8516 0.5
8536 0.5
8537 0.5
8541 1.0
8546 1.0
8567 1.0
8640 1.0
8645 1.0
8671 1.0
8890 1.0
8895 1.0
8916 1.0
9015 0.6666666666666666
9016 0.3333333333333333
9020 1.0
9041 0.8571428571428571
9042 0.14285714285714285
9062 1.0
9067 1.0
9145 1.0
9161 0.5
9162 0.5
9166 0.75
9167 0.25
9171 1.0
9187 1.0
9192 1.0
9265 1.0
9270 0.8571428571428571
9271 0.14285714285714285
9291 1.0
9296 1.0
9515 1.0
9541 1.0
9567 1.0
9640 0.5
9641 0.5
9662 1.0
9666 0.6666666666666666
9667 0.3333333333333333
9687 1.0
9692 1.0
9791 0.8571428571428571
9792 0.14285714285714285
9796 0.75
9797 0.25
9812 1.0
9817 1.0
9891 1.0
9895 1.0
9916 1.0
10140 1.0
10166 1.0
10171 1.0
10270 1.0
10291 0.7142857142857143
10292 0.2857142857142857
10312 1.0
10317 1.0
10343 1.0
10390 1.0
10395 1.0
10416 0.8181818181818182
10417 0.18181818181818182
10421 1.0
10437 1.0
10442 1.0
10515 1.0
10520 0.8571428571428571
10521 0.14285714285714285
10541 1.0
10546 1.0
10771 1.0
10791 1.0
10890 1.0
10895 1.0
10916 1.0
10937 1.0
10942 1.0
11016 1.0
11020 1.0
11036 1.0
11041 0.8
11042 0.2
11046 1.0
11062 1.0
11067 1.0
11140 1.0
11145 1.0
11166 1.0
11416 1.0
11515 1.0
11520 1.0
11541 0.6
11542 0.4
11567 1.0
11640 0.5
11641 0.5
11646 1.0
11662 1.0
11666 1.0
11687 1.0
11692 1.0
11765 1.0
11770 1.0
12015 1.0
12036 1.0
12041 1.0
12145 1.0
12161 1.0
12166 1.0
12192 1.0
12270 1.0
12287 1.0
12291 1.0
12296 1.0
12312 1.0
12395 1.0
12421 1.0
12640 0.5
12641 0.5
12666 1.0
12766 1.0
12770 1.0
12791 0.75
12792 0.25
12812 1.0
12817 1.0
12895 0.5
12896 0.5
12916 0.8181818181818182
12917 0.18181818181818182
12921 1.0
12942 1.0
13015 1.0
13020 1.0
13265 1.0
13270 1.0
13291 1.0
13390 1.0
13395 1.0
13412 1.0
13416 0.5
13417 0.5
13437 1.0
13442 1.0
13521 1.0
13541 1.0
13546 1.0
13562 1.0
13567 1.0
13640 1.0
13645 0.8333333333333334
13646 0.16666666666666666
13666 1.0
13671 1.0
13890 1.0
13916 1.0
14020 1.0
14041 0.75
14042 0.25
14046 1.0
14062 1.0
14067 1.0
14141 1.0
14145 0.6666666666666666
14146 0.3333333333333333
14166 0.75
14167 0.25
14171 1.0
14192 1.0
14270 1.0
14291 1.0
14296 1.0
14520 1.0
14541 1.0
14640 1.0
14645 1.0
14662 1.0
14666 1.0
14692 1.0
14765 1.0
14770 1.0
14791 0.8181818181818182
14792 0.18181818181818182
14796 1.0
14817 1.0
14890 1.0
14895 1.0
14916 1.0
14921 1.0
15145 1.0
15270 1.0
15287 1.0
15291 1.0
15317 1.0
15390 0.5
15391 0.5
15395 1.0
15416 0.9090909090909091
15417 0.09090909090909091
15421 1.0
15437 1.0
15442 1.0
15515 1.0
15520 0.8571428571428571
15521 0.14285714285714285
15541 1.0
15546 1.0
15662 1.0
15666 1.0
15687 1.0
15692 1.0
15713 1.0
15739 1.0
15812 0.625
15813 0.375
15818 1.0
15833 1.0
15838 0.76
15839 0.24
15843 1.0
15859 1.0
15864 1.0
15937 0.4
15938 0.6
15963 1.0
16286 1.0
16312 1.0
16317 1.0
16412 1.0
16437 0.6
16438 0.4
16442 1.0
16458 0.25
16459 0.75
16463 0.8666666666666667
16464 0.13333333333333333
16468 1.0
16489 1.0
16562 0.6
16563 0.4
16588 1.0
16911 1.0
16937 1.0
17036 1.0
17058 1.0
17062 0.8
17063 0.2
17083 1.0
17088 0.8695652173913043
17089 0.13043478260869565
17114 1.0
17187 0.625
17188 0.375
17192 1.0
17213 1.0
17661 1.0
17666 1.0
17682 1.0
17687 0.5714285714285714
17688 0.42857142857142855
17708 1.0
17713 1.0
17808 1.0
17812 0.6153846153846154
17813 0.38461538461538464
17817 0.5
17818 0.5
17833 1.0
17838 1.0
18286 1.0
18312 0.8333333333333334
18313 0.16666666666666666
18333 1.0
18338 1.0
18437 0.75
18438 0.25
18458 1.0
18463 1.0
18786 0.5
18787 0.5
18791 1.0
18812 1.0
18817 1.0
18911 1.0
18937 0.3333333333333333
18938 0.6666666666666666
18942 0.75
18943 0.25
18959 1.0
18963 0.8461538461538461
18964 0.15384615384615385
18968 1.0
19062 0.5
19063 0.5
19088 0.8333333333333334
19089 0.16666666666666666
19416 1.0
19536 0.5
19537 0.5
19542 1.0
19562 0.6666666666666666
19563 0.3333333333333333
19583 1.0
19588 0.9473684210526315
19589 0.05263157894736842
19593 1.0
19614 1.0
19687 0.75
19688 0.25
19692 1.0
19713 1.0
20062 1.0
20161 1.0
20166 1.0
20187 0.6666666666666666
20188 0.3333333333333333
20192 1.0
20208 1.0
20213 1.0
20218 1.0
20312 0.7777777777777778
20313 0.2222222222222222
20317 1.0
20333 1.0
20338 1.0
20661 0.5
20662 0.5
20666 1.0
20786 0.6666666666666666
20787 0.3333333333333333
20791 1.0
20807 1.0
20812 0.8888888888888888
20813 0.1111111111111111
20838 1.0
20937 0.7
20938 0.3
20942 1.0
20958 1.0
20963 1.0
21286 1.0
21291 1.0
21411 1.0
21416 1.0
21433 1.0
21437 0.8571428571428571
21438 0.14285714285714285
21442 1.0
21463 1.0
21557 0.6666666666666666
21558 0.3333333333333333
21562 1.0
21583 1.0
21588 1.0
21911 1.0
21916 1.0
21937 1.0
21942 1.0
22036 0.6666666666666666
22037 0.3333333333333333
22062 0.5555555555555556
22063 0.4444444444444444
22067 1.0
22083 1.0
22088 0.8846153846153846
22089 0.11538461538461539
22093 1.0
22187 0.5
22188 0.5
22213 1.0
22218 1.0
22542 1.0
22562 1.0
22661 1.0
22687 0.5555555555555556
22688 0.4444444444444444
22693 1.0
22713 0.9333333333333333
22714 0.06666666666666667
22812 0.5714285714285714
22813 0.42857142857142855
22817 1.0
22838 1.0
22843 1.0
23161 1.0
23286 0.8
23287 0.2
23291 1.0
23312 0.625
23313 0.375
23317 1.0
23338 1.0
23437 0.8666666666666667
23438 0.13333333333333333
23458 1.0
23463 1.0
23468 1.0
23791 1.0
23812 1.0
23817 1.0
23911 0.5
23912 0.5
23916 1.0
23932 1.0
23937 1.0
23942 1.0
23963 1.0
24062 1.0
24067 0.6666666666666666
24068 0.3333333333333333
24083 1.0
24088 1.0
24536 1.0
24541 1.0
24562 0.8181818181818182
24563 0.18181818181818182
24588 1.0
24687 1.0
24692 1.0
24708 1.0
24713 1.0
25036 1.0
25041 1.0
25062 1.0
25161 1.0
25166 1.0
25187 0.5
25188 0.5
25192 1.0
25213 0.9285714285714286
25214 0.07142857142857142
25218 1.0
25312 0.7142857142857143
25313 0.2857142857142857
25317 0.5
25318 0.5
25338 1.0
25343 1.0
25661 1.0
25687 1.0
25692 1.0
25786 1.0
25812 1.0
25817 1.0
25838 1.0
25937 0.7692307692307693
25938 0.23076923076923078
25942 1.0
25963 1.0
25968 1.0
26291 1.0
26416 1.0
26437 1.0
26442 0.6666666666666666
26443 0.3333333333333333
26463 1.0
26562 0.9230769230769231
26563 0.07692307692307693
26567 1.0
26583 1.0
26588 1.0
26916 1.0
27041 1.0
27062 1.0
27088 1.0
27187 0.8333333333333334
27188 0.16666666666666666
27192 1.0
27208 1.0
27213 1.0
27661 1.0
27666 1.0
27687 0.8333333333333334
27688 0.16666666666666666
27692 1.0
27713 1.0
27787 1.0
27812 1.0
27817 1.0
27838 1.0
28161 1.0
28166 1.0
28291 1.0
28312 1.0
28317 0.6666666666666666
28318 0.3333333333333333
28338 0.9411764705882353
28339 0.058823529411764705
28343 1.0
28437 0.2
28438 0.8
28443 1.0
28463 1.0
28468 1.0
28786 0.5
28787 0.5
28791 1.0
28817 1.0
28916 1.0
28937 1.0
28963 0.9230769230769231
28964 0.07692307692307693
28968 1.0
29062 0.6
29063 0.4
29067 0.8333333333333334
29068 0.16666666666666666
29088 1.0
29093 1.0
29442 1.0
29536 1.0
29542 1.0
29562 0.75
29563 0.25
29588 1.0
29687 0.8571428571428571
29688 0.14285714285714285
29692 1.0
29713 1.0
29718 1.0
30161 1.0
30187 1.0
30287 1.0
30312 0.9375
30313 0.0625
30317 0.7142857142857143
30318 0.2857142857142857
30338 1.0
30786 1.0
30791 0.75
30792 0.25
30911 1.0
30932 1.0
30937 1.0
30942 1.0
30963 1.0
31062 1.0
31286 0.25
31287 0.75
31307 1.0
31312 1.0
31334 1.0
31338 0.7272727272727273
31339 0.2727272727272727
31359 1.0
31364 1.0
31458 0.75
31459 0.25
31463 0.75
31464 0.25
31484 1.0
31932 1.0
31937 0.875
31938 0.125
31963 1.0
31984 1.0
31989 1.0
32062 1.0
32083 0.6923076923076923
32084 0.3076923076923077
32088 0.4444444444444444
32089 0.5555555555555556
32109 1.0
32114 1.0
32536 1.0
32557 1.0
32562 1.0
32588 0.8
32589 0.2
32609 1.0
32614 1.0
32682 1.0
32708 0.9230769230769231
32709 0.07692307692307693
32713 0.8
32714 0.2
32734 1.0
32739 1.0
33161 1.0
33187 1.0
33213 1.0
33312 1.0
33333 1.0
33338 1.0
33359 1.0
33364 1.0
33781 1.0
33786 1.0
33807 1.0
33812 1.0
33838 1.0
33932 1.0
33937 1.0
33958 0.9583333333333334
33959 0.041666666666666664
33963 1.0
33984 1.0
34083 1.0
34411 1.0
34432 1.0
34437 1.0
34463 0.75
34464 0.25
34489 1.0
34583 0.6666666666666666
34584 0.3333333333333333
34588 0.5
34589 0.5
34609 1.0
34614 1.0
35036 1.0
35062 1.0
35088 1.0
35114 1.0
35208 0.9230769230769231
35209 0.07692307692307693
35213 0.6071428571428571
35214 0.39285714285714285
35234 1.0
35239 1.0
35661 0.6666666666666666
35662 0.3333333333333333
35682 1.0
35687 1.0
35812 1.0
35833 0.8
35834 0.2
35838 0.9411764705882353
35839 0.058823529411764705
35859 1.0
35864 1.0
36286 1.0
36312 1.0
36433 1.0
36437 0.6666666666666666
36438 0.3333333333333333
36458 1.0
36463 1.0
36484 1.0
36583 1.0
36911 1.0
36937 1.0
37058 1.0
37062 1.0
37083 1.0
37088 1.0
37114 1.0
37208 1.0
37537 1.0
37541 0.5
37542 0.5
37562 1.0
37567 1.0
37588 1.0
37708 0.3333333333333333
37709 0.6666666666666666
37713 0.9375
37714 0.0625
37734 1.0
37739 1.0
38161 1.0
38182 1.0
38187 1.0
38213 1.0
38239 1.0
38333 0.7142857142857143
38334 0.2857142857142857
38338 1.0
38364 1.0
38786 1.0
38812 1.0
38838 1.0
38933 1.0
38958 0.9375
38959 0.0625
38963 0.8695652173913043
38964 0.13043478260869565
38984 1.0
38989 1.0
39411 1.0
39437 1.0
39557 1.0
39562 0.6
39563 0.4
39583 1.0
39588 1.0
39614 1.0
39708 1.0
39713 1.0
40036 1.0
40182 1.0
40187 1.0
40208 1.0
40213 1.0
40333 1.0
40662 1.0
40666 1.0
40687 1.0
40692 1.0
40714 1.0
40812 0.5
40813 0.5
40833 1.0
40838 0.8333333333333334
40839 0.16666666666666666
40859 1.0
40864 1.0
41286 1.0
41312 1.0
41437 0.6666666666666666
41438 0.3333333333333333
41458 1.0
41463 0.875
41464 0.125
41489 1.0
41911 0.8
41912 0.2
41937 1.0
41942 1.0
42062 0.6
42063 0.4
42083 0.9230769230769231
42084 0.07692307692307693
42088 1.0
42114 1.0
42208 1.0
42536 1.0
42682 1.0
42687 0.625
42688 0.375
42708 1.0
42713 1.0
42807 1.0
42833 1.0
43161 1.0
43187 1.0
43286 1.0
43307 1.0
43312 1.0
43333 1.0
43338 1.0
43432 1.0
43458 1.0
43463 1.0
43786 1.0
43812 1.0
43838 1.0
43937 1.0
43958 1.0
43963 0.9354838709677419
43964 0.06451612903225806
43989 1.0
44411 1.0
44437 1.0
44562 1.0
44583 1.0
44588 1.0
44614 1.0
44713 1.0
45036 1.0
45062 1.0
45067 1.0
45183 1.0
45187 0.75
45188 0.25
45208 1.0
45213 1.0
45333 1.0
45338 1.0
45661 1.0
45687 1.0
45692 1.0
45786 1.0
45807 1.0
45812 0.6666666666666666
45813 0.3333333333333333
45833 1.0
45838 1.0
45937 1.0
45958 1.0
45963 1.0
46286 1.0
46291 1.0
46312 1.0
46411 1.0
46432 1.0
46437 1.0
46458 1.0
46463 1.0
46562 1.0
46583 1.0
46588 1.0
46932 0.3333333333333333
46933 0.6666666666666666
46937 1.0
46958 0.6666666666666666
46959 0.3333333333333333
46963 1.0
46984 1.0
46989 1.0
47109 1.0
47562 1.0
47583 0.42857142857142855
47584 0.5714285714285714
47588 1.0
47609 1.0
47614 1.0
47708 0.6666666666666666
47709 0.3333333333333333
47734 1.0
48182 1.0
48187 1.0
48208 0.7142857142857143
48209 0.2857142857142857
48214 1.0
48234 1.0
48239 1.0
48333 0.8888888888888888
48334 0.1111111111111111
48359 1.0
48364 1.0
48807 1.0
48812 1.0
48833 1.0
48838 1.0
48859 1.0
48864 1.0
48958 0.9166666666666666
48959 0.08333333333333333
48963 1.0
48984 1.0
49432 1.0
49437 1.0
49458 1.0
49484 1.0
49557 1.0
49583 1.0
49608 0.05
49609 0.95
50057 1.0
50062 1.0
50083 1.0
50088 0.6
50089 0.4
50109 1.0
50114 1.0
50209 1.0
50234 1.0
50682 1.0
50687 1.0
50708 1.0
50713 1.0
50734 1.0
50739 1.0
50833 1.0
50859 1.0
50864 1.0
51287 1.0
51307 1.0
51312 1.0
51333 1.0
51338 1.0
51359 1.0
51364 1.0
51458 0.7142857142857143
51459 0.2857142857142857
51463 1.0
51484 1.0
51489 1.0
51932 1.0
51937 1.0
51958 1.0
51963 1.0
52083 1.0
52088 1.0
52109 1.0
52536 1.0
52557 1.0
52562 1.0
52583 1.0
52588 1.0
52708 1.0
52713 1.0
52733 0.1
52734 0.9
52739 1.0
53182 1.0
53187 1.0
53208 1.0
53213 0.8
53214 0.2
53234 1.0
53239 1.0
53333 0.5
53334 0.5
53359 1.0
53364 1.0
53807 1.0
53812 1.0
53833 0.5
53834 0.5
53838 1.0
53859 1.0
53864 1.0
53958 1.0
53963 1.0
53984 1.0
53989 1.0
54411 1.0
54437 1.0
54489 1.0
54583 1.0
54588 1.0
54609 1.0
54614 1.0
55057 1.0
55062 1.0
55088 1.0
55208 0.9473684210526315
55209 0.05263157894736842
55213 1.0
55234 1.0
55239 1.0
55682 1.0
55687 1.0
55833 1.0
55838 1.0
55858 0.3333333333333333
55859 0.6666666666666666
56312 1.0
56333 1.0
56338 0.9
56339 0.1
56359 1.0
56364 1.0
56458 0.7272727272727273
56459 0.2727272727272727
56463 1.0
56484 1.0
56489 1.0
56911 1.0
56932 1.0
56937 1.0
56958 1.0
56963 0.8888888888888888
56964 0.1111111111111111
56989 1.0
57083 0.9230769230769231
57084 0.07692307692307693
57088 0.8571428571428571
57089 0.14285714285714285
57109 1.0
57114 1.0
57557 1.0
57562 1.0
57583 1.0
57588 1.0
57708 1.0
57713 0.8571428571428571
57714 0.14285714285714285
57734 1.0
57739 1.0
58161 1.0
58182 1.0
58187 1.0
58213 1.0
58307 1.0
58333 1.0
58338 1.0
58358 0.25
58359 0.75
58364 1.0
58807 1.0
58812 1.0
58932 1.0
58958 1.0
58963 1.0
58984 1.0
59083 1.0
59432 1.0
59437 1.0
59463 1.0
59489 1.0
59583 1.0
59588 0.6666666666666666
59589 0.3333333333333333
59609 1.0
59614 1.0
60032 1.0
60057 1.0
60062 1.0
60088 1.0
60208 0.875
60209 0.125
60213 0.9090909090909091
60214 0.09090909090909091
60234 1.0
60239 1.0
60661 1.0
60687 1.0
60713 1.0
60833 1.0
60838 1.0
60859 1.0
60864 1.0
61307 1.0
61312 1.0
61432 1.0
61438 1.0
61458 1.0
61463 1.0
61484 1.0
61583 1.0
61932 1.0
61936 0.3333333333333333
61937 0.6666666666666666
62057 1.0
62062 1.0
62083 1.0
62088 1.0
62109 1.0
62208 1.0
62557 1.0
62562 0.75
62563 0.25
62583 1.0
62609 1.0
62614 1.0
63187 1.0
63208 0.75
63209 0.25
63213 1.0
63234 1.0
63239 1.0
63359 1.0
63807 1.0
63812 1.0
63833 0.8
63834 0.2
63838 1.0
63859 1.0
63864 1.0
63984 1.0
64432 1.0
64458 0.8888888888888888
64459 0.1111111111111111
64463 1.0
64484 1.0
64583 1.0
64604 1.0
64609 1.0
65036 1.0
65057 1.0
65062 1.0
65083 1.0
65088 1.0
65109 1.0
65203 1.0
65208 1.0
65229 1.0
65234 1.0
65687 1.0
65708 0.75
65709 0.25
65734 1.0
65739 1.0
66307 1.0
66312 1.0
66333 0.8
66334 0.2
66359 1.0
66364 1.0
66484 1.0
66932 1.0
66937 1.0
66958 1.0
66984 1.0
66989 1.0
67083 1.0
67109 1.0
67557 1.0
67562 1.0
67583 1.0
67609 1.0
67614 1.0
67708 1.0
67734 1.0
68161 1.0
68182 1.0
68187 1.0
68208 1.0
68213 1.0
68234 1.0
68333 1.0
68358 0.21052631578947367
68359 0.7894736842105263
68807 1.0
68812 1.0
68833 0.6666666666666666
68834 0.3333333333333333
68838 0.75
68839 0.25
68859 1.0
68864 1.0
68984 1.0
69432 1.0
69437 1.0
69458 0.8333333333333334
69459 0.16666666666666666
69463 1.0
69484 1.0
69489 1.0
69609 1.0
70036 1.0
70057 1.0
70062 1.0
70083 1.0
70088 1.0
70109 1.0
70114 1.0
70208 1.0
70234 1.0
70682 1.0
70687 1.0
70708 1.0
70713 1.0
70734 1.0
70833 1.0
70858 0.07692307692307693
70859 0.9230769230769231
71286 1.0
71307 1.0
71312 1.0
71333 1.0
71359 1.0
71458 1.0
71463 1.0
71483 0.14285714285714285
71484 0.8571428571428571
71911 1.0
71932 1.0
71937 1.0
71958 1.0
71963 1.0
71984 1.0
71989 1.0
72109 1.0
72557 1.0
72562 1.0
72583 1.0
72588 1.0
72609 1.0
72614 1.0
72708 1.0
72734 1.0
73182 1.0
73187 1.0
73208 1.0
73213 1.0
73234 1.0
73239 1.0
73333 1.0
73359 1.0
73364 1.0
73807 1.0
73812 1.0
73833 1.0
73838 1.0
73958 1.0
73963 1.0
73984 1.0
74411 1.0
74432 1.0
74437 1.0
74583 1.0
74588 1.0
74608 0.3333333333333333
74609 0.6666666666666666
75036 0.5
75037 0.5
75057 1.0
75062 1.0
75083 0.8888888888888888
75084 0.1111111111111111
75088 1.0
75109 1.0
75114 1.0
75208 0.5
75209 0.5
75213 1.0
75234 1.0
75239 1.0
75661 1.0
75682 1.0
75687 1.0
75708 1.0
75713 0.75
75714 0.25
75734 1.0
75739 1.0
75833 0.8333333333333334
75834 0.16666666666666666
75859 1.0
75864 1.0
76286 1.0
76307 1.0
76312 1.0
76333 1.0
76338 1.0
76364 1.0
76458 1.0
76463 1.0
76483 0.07142857142857142
76484 0.9285714285714286
76489 1.0
76911 1.0
76932 1.0
76937 1.0
76958 1.0
76963 1.0
77083 1.0
77088 1.0
77109 1.0
77114 1.0
77557 1.0
77562 1.0
77682 1.0
77708 1.0
77713 1.0
77733 0.2
77734 0.8
