62 1.0
88 1.0
114 1.0
161 1.0
187 0.8
188 0.2
192 1.0
208 1.0
213 1.0
239 1.0
270 1.0
312 1.0
317 1.0
395 1.0
416 0.6666666666666666
417 0.3333333333333333
421 1.0
515 1.0
661 1.0
682 1.0
786 1.0
791 1.0
812 0.8333333333333334
813 0.16666666666666666
833 1.0
838 0.8
839 0.2
916 1.0
937 1.0
942 1.0
958 1.0
963 1.0
1041 1.0
1062 1.0
1067 1.0
1140 1.0
1145 1.0
1171 1.0
1286 0.5
1287 0.5
1406 1.0
1411 1.0
1416 1.0
1432 1.0
1437 1.0
1458 1.0
1463 1.0
1541 1.0
1557 0.75
1558 0.25
1562 1.0
1567 1.0
1588 1.0
1661 0.6666666666666666
1662 0.3333333333333333
1666 1.0
1692 1.0
1765 1.0
1770 1.0
2015 1.0
2036 1.0
2057 1.0
2062 1.0
2161 1.0
2166 1.0
2182 1.0
2187 1.0
2208 1.0
2213 1.0
2270 1.0
2291 1.0
2312 1.0
2395 1.0
2416 1.0
2656 1.0
2661 1.0
2770 1.0
2786 1.0
2807 1.0
2812 1.0
2832 1.0
2890 1.0
2911 1.0
2916 1.0
3015 1.0
3020 1.0
3041 1.0
3166 0.6666666666666666
3167 0.3333333333333333
3187 1.0
3192 1.0
3286 1.0
3291 1.0
3312 0.6
3313 0.4
3338 1.0
3364 1.0
3411 1.0
3416 1.0
3437 1.0
3442 1.0
3463 1.0
3520 1.0
3542 1.0
3645 1.0
3791 1.0
3812 1.0
3817 1.0
3891 1.0
3911 1.0
3916 1.0
3932 1.0
3937 1.0
3963 1.0
3968 1.0
4020 1.0
4062 0.9166666666666666
4063 0.08333333333333333
4067 1.0
4083 1.0
4088 1.0
4145 1.0
4166 1.0
4171 1.0
4270 1.0
4296 1.0
4562 1.0
4588 1.0
4671 1.0
4682 1.0
4687 1.0
4692 1.0
4713 1.0
4766 1.0
4786 1.0
4791 1.0
4890 1.0
4895 1.0
4916 1.0
5161 1.0
5166 1.0
5286 1.0
5291 1.0
5307 1.0
5312 1.0
5390 1.0
5411 1.0
5416 1.0
5442 1.0
5515 1.0
5520 1.0
5541 1.0
5546 1.0
5765 1.0
5781 1.0
5786 1.0
5791 1.0
5890 1.0
5895 1.0
5911 1.0
5916 1.0
5932 1.0
5937 1.0
6015 0.75
6016 0.25
6036 1.0
6041 1.0
6057 1.0
6062 1.0
6140 1.0
6145 1.0
6166 1.0
6286 1.0
6395 1.0
6411 1.0
6416 1.0
6421 1.0
6437 0.6666666666666666
6438 0.3333333333333333
6442 1.0
6463 1.0
6515 1.0
6520 1.0
6536 1.0
6542 1.0
6562 0.8333333333333334
6563 0.16666666666666666
6567 1.0
6588 1.0
6661 1.0
6666 0.75
6667 0.25
6671 1.0
6687 1.0
6692 1.0
6770 1.0
7020 1.0
7036 1.0
7041 1.0
7062 1.0
7088 1.0
7140 1.0
7145 1.0
7187 1.0
7192 1.0
7213 1.0
7218 1.0
7265 1.0
7270 1.0
7291 1.0
7296 1.0
7312 1.0
7390 1.0
7395 1.0
7661 1.0
7666 1.0
7687 1.0
7770 1.0
7786 1.0
7791 1.0
7807 1.0
7812 1.0
7817 1.0
7838 1.0
7890 1.0
7895 1.0
7916 1.0
7937 1.0
7942 1.0
8015 1.0
8020 1.0
8041 1.0
8286 1.0
8291 1.0
8395 1.0
8411 1.0
8416 1.0
8421 1.0
8432 1.0
8437 1.0
8515 1.0
8536 1.0
8541 1.0
8546 1.0
8557 1.0
8562 1.0
8640 1.0
8645 1.0
8666 1.0
8890 1.0
8895 1.0
8911 1.0
8916 1.0
9015 1.0
9036 1.0
9041 1.0
9057 1.0
9062 1.0
9140 1.0
9145 1.0
9161 1.0
9166 1.0
9182 1.0
9187 1.0
9265 1.0
9270 1.0
9286 1.0
9291 1.0
9416 1.0
9515 1.0
9541 1.0
9562 1.0
9567 1.0
9666 0.5
9667 0.5
9687 1.0
9692 1.0
9713 1.0
9765 1.0
9770 1.0
9791 1.0
9796 1.0
9817 1.0
9895 1.0
9916 1.0
10161 1.0
10166 1.0
10187 1.0
10213 1.0
10265 1.0
10270 1.0
10287 1.0
10291 1.0
10312 1.0
10317 1.0
10338 1.0
10390 1.0
10395 1.0
10416 0.8
10417 0.2
10437 1.0
10442 1.0
10515 1.0
10520 1.0
10541 1.0
10546 1.0
10765 1.0
10786 1.0
10791 1.0
10895 1.0
10911 1.0
10916 1.0
10937 1.0
10942 1.0
11036 1.0
11041 1.0
11046 1.0
11062 1.0
11067 1.0
11140 1.0
11145 1.0
11390 1.0
11416 1.0
11510 1.0
11515 1.0
11520 1.0
11541 1.0
11561 0.125
11562 0.875
11640 1.0
11661 1.0
11666 1.0
11671 1.0
11682 1.0
11687 1.0
11765 1.0
11770 1.0
12010 1.0
12031 1.0
12036 1.0
12145 1.0
12156 1.0
12161 1.0
12187 1.0
12270 1.0
12286 1.0
12291 1.0
12306 1.0
12312 1.0
12390 1.0
12395 1.0
12640 1.0
12645 1.0
12661 1.0
12666 1.0
12692 1.0
12770 1.0
12791 1.0
12812 1.0
12817 1.0
12838 1.0
12843 1.0
12890 1.0
12895 1.0
12911 1.0
12916 1.0
12921 1.0
12937 1.0
12942 1.0
13020 1.0
13265 1.0
13270 1.0
13286 1.0
13291 1.0
13312 1.0
13390 1.0
13395 1.0
13411 1.0
13437 1.0
13442 1.0
13463 1.0
13515 1.0
13520 1.0
13536 1.0
13541 1.0
13546 1.0
13645 1.0
13666 1.0
13671 1.0
13890 1.0
13895 1.0
13911 1.0
13916 1.0
13937 1.0
14020 1.0
14036 1.0
14041 1.0
14062 1.0
14067 1.0
14140 1.0
14145 1.0
14161 1.0
14166 1.0
14171 1.0
14187 1.0
14192 1.0
14270 1.0
14291 1.0
14296 1.0
14515 1.0
14536 1.0
14640 1.0
14645 1.0
14661 1.0
14666 1.0
14687 1.0
14691 1.0
14765 1.0
14770 1.0
14786 1.0
14791 1.0
14812 1.0
14817 1.0
14890 1.0
14895 1.0
14911 1.0
14916 1.0
15140 1.0
15265 1.0
15286 1.0
15291 1.0
15311 0.14285714285714285
15312 0.8571428571428571
15390 1.0
15395 1.0
15411 1.0
15416 1.0
15437 1.0
15515 1.0
15520 1.0
15541 1.0
15687 1.0
15708 1.0
15713 0.8571428571428571
15714 0.14285714285714285
15734 1.0
15739 1.0
15833 1.0
15838 1.0
15859 1.0
15864 1.0
16286 0.5
16287 0.5
16307 1.0
16312 1.0
16333 1.0
16338 1.0
16359 1.0
16458 1.0
16463 1.0
16484 1.0
16906 1.0
16911 1.0
16932 1.0
17057 1.0
17083 1.0
17088 1.0
17109 1.0
17208 1.0
17531 1.0
17656 1.0
17682 1.0
17687 1.0
17702 0.5
17703 0.5
17707 0.0625
17708 0.9375
17807 1.0
17827 0.5
17828 0.5
17832 0.1111111111111111
17833 0.8888888888888888
18281 1.0
18302 1.0
18307 1.0
18328 1.0
18332 0.16666666666666666
18333 0.8333333333333334
18427 1.0
18432 1.0
18452 0.14285714285714285
18453 0.8571428571428571
18457 0.36363636363636365
18458 0.6363636363636364
18786 1.0
18791 1.0
18807 1.0
18812 1.0
18833 1.0
18838 0.5
18839 0.5
18859 1.0
18864 1.0
18958 1.0
18963 1.0
18984 1.0
18989 1.0
19406 1.0
19411 1.0
19432 1.0
19437 1.0
19458 1.0
19484 1.0
19558 1.0
19562 1.0
19583 1.0
19588 1.0
19609 1.0
19614 1.0
20036 1.0
20062 1.0
20161 1.0
20182 1.0
20208 1.0
20213 1.0
20307 1.0
20333 1.0
20656 1.0
20661 1.0
20781 1.0
20786 1.0
20807 1.0
20812 1.0
20833 1.0
20837 1.0
20932 1.0
20937 1.0
20957 0.25
20958 0.75
20962 1.0
21281 1.0
21286 1.0
21406 1.0
21411 1.0
21432 1.0
21458 1.0
21552 1.0
21557 1.0
21582 0.2222222222222222
21583 0.7777777777777778
21911 1.0
21916 1.0
21937 1.0
21942 1.0
21963 1.0
21989 1.0
22062 1.0
22083 1.0
22088 1.0
22109 1.0
22114 1.0
22557 1.0
22562 1.0
22567 1.0
22661 1.0
22682 1.0
22687 1.0
22708 1.0
22713 1.0
22734 1.0
22739 1.0
22833 1.0
23156 1.0
23161 1.0
23182 1.0
23187 1.0
23281 1.0
23286 1.0
23307 1.0
23312 1.0
23332 0.0625
23333 0.9375
23338 1.0
23432 1.0
23458 1.0
23463 1.0
23786 1.0
23807 1.0
23811 0.5
23812 0.5
23906 1.0
23911 1.0
23932 1.0
23937 1.0
23957 0.16666666666666666
23958 0.8333333333333334
24057 1.0
24062 1.0
24082 0.1
24083 0.9
24088 1.0
24531 1.0
24536 1.0
24556 0.25
24557 0.75
24562 1.0
24583 1.0
24682 1.0
24687 1.0
24708 1.0
25036 1.0
25041 1.0
25062 1.0
25182 1.0
25187 1.0
25208 1.0
25213 1.0
25234 1.0
25239 1.0
25338 1.0
25661 1.0
25687 1.0
25781 1.0
25786 1.0
25807 1.0
25811 0.125
25812 0.875
25833 1.0
25837 0.14285714285714285
25838 0.8571428571428571
25932 1.0
25958 1.0
25963 1.0
26286 1.0
26312 1.0
26411 1.0
26432 1.0
26437 1.0
26458 1.0
26462 0.3333333333333333
26463 0.6666666666666666
26557 1.0
26562 1.0
26583 1.0
26911 1.0
27036 1.0
27057 1.0
27062 1.0
27083 1.0
27087 1.0
27182 1.0
27187 1.0
27207 0.375
27208 0.625
27656 1.0
27661 1.0
27682 1.0
27687 1.0
27707 1.0
27807 1.0
27812 1.0
27832 1.0
27932 1.0
28161 1.0
28166 1.0
28291 1.0
28307 1.0
28312 1.0
28317 1.0
28333 1.0
28338 1.0
28343 1.0
28364 1.0
28463 1.0
28786 1.0
28812 1.0
28911 1.0
28932 1.0
28937 1.0
28958 1.0
28963 1.0
28989 1.0
29057 1.0
29062 1.0
29083 1.0
29088 1.0
29411 1.0
29437 1.0
29531 1.0
29536 1.0
29557 1.0
29562 1.0
29583 1.0
29588 1.0
29682 1.0
29687 1.0
29707 0.14285714285714285
29708 0.8571428571428571
29713 1.0
30156 1.0
30182 1.0
30187 1.0
30307 1.0
30312 1.0
30332 0.6
30333 0.4
30338 1.0
30432 1.0
30781 1.0
30786 1.0
30906 1.0
30931 0.0625
30932 0.9375
30937 1.0
31057 1.0
31286 1.0
31307 1.0
31312 1.0
31333 1.0
31338 1.0
31359 1.0
31932 1.0
31958 1.0
31979 1.0
31984 1.0
32083 1.0
32104 1.0
32109 1.0
32531 1.0
32552 1.0
32557 1.0
32582 0.1
32583 0.9
32609 1.0
32677 1.0
32703 1.0
32708 1.0
32728 0.5
32729 0.5
32734 1.0
33156 1.0
33182 1.0
33208 1.0
33307 1.0
33328 1.0
33332 0.0625
33333 0.9375
33353 1.0
33453 1.0
33458 1.0
33781 1.0
33806 0.5
33807 0.5
33901 1.0
33927 1.0
33932 1.0
33952 0.15789473684210525
33953 0.8421052631578947
33958 1.0
34052 1.0
34077 0.14285714285714285
34078 0.8571428571428571
34432 1.0
34437 1.0
34458 1.0
34463 1.0
34484 1.0
34489 1.0
34583 1.0
34609 1.0
35031 1.0
35036 1.0
35057 1.0
35062 1.0
35083 1.0
35109 1.0
35114 1.0
35203 1.0
35208 1.0
35229 1.0
35234 1.0
35656 1.0
35677 1.0
35682 1.0
35687 1.0
35708 1.0
35807 1.0
35828 1.0
35833 1.0
35853 1.0
35859 1.0
36281 1.0
36307 1.0
36427 1.0
36432 1.0
36452 0.2222222222222222
36453 0.7777777777777778
36457 0.07142857142857142
36458 0.9285714285714286
36578 1.0
36906 1.0
36931 1.0
37052 1.0
37057 1.0
37077 0.25
37078 0.75
37082 0.2857142857142857
37083 0.7142857142857143
37177 1.0
37202 0.1111111111111111
37203 0.8888888888888888
37207 0.3333333333333333
37208 0.6666666666666666
37536 1.0
37557 1.0
37562 1.0
37583 1.0
37588 1.0
37608 0.1
37609 0.9
37614 1.0
37708 1.0
37713 1.0
37734 1.0
38156 1.0
38182 1.0
38208 1.0
38213 1.0
38234 1.0
38238 1.0
38333 1.0
38338 1.0
38359 1.0
38781 1.0
38807 1.0
38833 1.0
38932 1.0
38953 1.0
38958 1.0
38983 0.5
38984 0.5
39078 1.0
39083 1.0
39406 1.0
39431 0.5
39432 0.5
39556 0.14285714285714285
39557 0.8571428571428571
39577 1.0
39582 0.08
39583 0.92
39703 1.0
39708 1.0
40031 1.0
40036 1.0
40151 1.0
40177 1.0
40182 1.0
40203 1.0
40207 0.3333333333333333
40208 0.6666666666666666
40302 1.0
40307 1.0
40327 0.4444444444444444
40328 0.5555555555555556
40333 1.0
40661 1.0
40682 1.0
40687 1.0
40708 1.0
40713 1.0
40739 1.0
40833 1.0
40838 1.0
40859 1.0
40864 1.0
41286 1.0
41307 1.0
41312 1.0
41333 1.0
41432 1.0
41457 0.07692307692307693
41458 0.9230769230769231
41463 1.0
41483 0.25
41484 0.75
41489 1.0
41906 1.0
41911 1.0
41932 1.0
41937 1.0
42057 1.0
42082 0.029411764705882353
42083 0.9705882352941176
42088 1.0
42109 1.0
42182 1.0
42208 1.0
42531 1.0
42681 0.07692307692307693
42682 0.9230769230769231
42702 1.0
42707 0.04
42708 0.96
42807 1.0
42828 1.0
42832 0.16666666666666666
42833 0.8333333333333334
43156 1.0
43161 1.0
43276 1.0
43281 1.0
43307 1.0
43333 1.0
43427 1.0
43432 1.0
43452 0.75
43453 0.25
43457 0.42857142857142855
43458 0.5714285714285714
43807 1.0
43812 1.0
43838 1.0
43864 1.0
43958 1.0
43963 1.0
43984 1.0
43989 1.0
44411 1.0
44432 1.0
44437 1.0
44583 1.0
44588 1.0
44614 1.0
44708 1.0
45031 1.0
45062 1.0
45156 1.0
45182 1.0
45207 0.037037037037037035
45208 0.9629629629629629
45213 1.0
45333 1.0
45656 1.0
45686 1.0
45781 1.0
45807 1.0
45833 1.0
45838 1.0
45932 1.0
45958 1.0
46281 1.0
46406 1.0
46411 1.0
46432 1.0
46457 1.0
46552 1.0
46557 1.0
46582 0.5
46583 0.5
46677 1.0
46937 1.0
46958 1.0
46963 1.0
46979 1.0
46984 1.0
46989 1.0
47557 1.0
47578 1.0
47583 1.0
47604 1.0
47609 1.0
47703 1.0
47729 1.0
48177 1.0
48182 1.0
48208 1.0
48229 1.0
48233 0.125
48234 0.875
48328 1.0
48333 1.0
48353 0.18181818181818182
48354 0.8181818181818182
48359 1.0
48802 1.0
48807 1.0
48828 1.0
48833 1.0
48858 1.0
48927 1.0
48953 1.0
48958 1.0
48978 0.5
48979 0.5
49427 1.0
49432 1.0
49526 1.0
49552 1.0
49577 0.07142857142857142
49578 0.9285714285714286
49677 1.0
49702 0.2857142857142857
49703 0.7142857142857143
50057 1.0
50062 1.0
50083 1.0
50088 1.0
50104 1.0
50109 1.0
50114 1.0
50677 1.0
50682 1.0
50708 1.0
50729 1.0
50734 1.0
50854 1.0
50859 1.0
51281 1.0
51307 1.0
51333 1.0
51359 1.0
51453 1.0
51458 1.0
51478 0.3
51479 0.7
51484 1.0
51932 1.0
52052 1.0
52078 1.0
52083 1.0
52108 1.0
52531 1.0
52557 1.0
52677 1.0
52682 1.0
52702 0.21212121212121213
52703 0.7878787878787878
52708 1.0
52802 1.0
52827 0.16666666666666666
52828 0.8333333333333334
53182 1.0
53187 1.0
53208 1.0
53213 1.0
53233 0.043478260869565216
53234 0.9565217391304348
53239 1.0
53359 1.0
53807 1.0
53812 1.0
53833 1.0
53838 1.0
53858 0.09090909090909091
53859 0.9090909090909091
53953 1.0
53958 1.0
53978 0.3333333333333333
53979 0.6666666666666666
53984 1.0
54406 1.0
54432 1.0
54484 1.0
54578 1.0
54583 1.0
54604 1.0
54608 0.25
54609 0.75
55031 1.0
55057 1.0
55177 1.0
55182 1.0
55202 0.07692307692307693
55203 0.9230769230769231
55207 0.06666666666666667
55208 0.9333333333333333
55328 1.0
55656 1.0
55681 0.25
55682 0.75
55801 0.125
55802 0.875
55807 1.0
55827 0.125
55828 0.875
55833 1.0
55927 1.0
55952 0.2222222222222222
55953 0.7777777777777778
56307 1.0
56312 1.0
56333 1.0
56338 1.0
56359 1.0
56364 1.0
56458 1.0
56484 1.0
56906 1.0
56932 1.0
56937 1.0
56958 1.0
56963 1.0
56984 1.0
56989 1.0
57083 1.0
57088 1.0
57108 0.08333333333333333
57109 0.9166666666666666
57557 1.0
57562 1.0
57583 1.0
57703 1.0
57707 0.034482758620689655
57708 0.9655172413793104
57734 1.0
57828 1.0
58156 1.0
58182 1.0
58186 1.0
58302 1.0
58307 1.0
58328 1.0
58333 1.0
58453 1.0
58458 1.0
58781 1.0
58806 1.0
58927 1.0
58932 1.0
58952 0.3333333333333333
58953 0.6666666666666666
58958 1.0
59052 1.0
59077 0.2727272727272727
59078 0.7272727272727273
59083 1.0
59432 1.0
59437 1.0
59458 1.0
59463 1.0
59484 1.0
59583 1.0
59609 1.0
59614 1.0
60057 1.0
60062 1.0
60083 1.0
60088 1.0
60208 1.0
60213 1.0
60233 0.36363636363636365
60234 0.6363636363636364
60239 1.0
60656 1.0
60682 1.0
60687 1.0
60807 1.0
60833 1.0
60838 1.0
60858 0.3333333333333333
60859 0.6666666666666666
60952 0.3333333333333333
60953 0.6666666666666666
61432 1.0
61453 1.0
61457 0.2
61458 0.8
61577 0.6666666666666666
61578 0.3333333333333333
61583 1.0
61906 1.0
62031 1.0
62052 1.0
62057 1.0
62077 1.0
62082 0.25
62083 0.75
62177 1.0
62182 1.0
62202 0.5555555555555556
62203 0.4444444444444444
62207 0.5
62208 0.5
62557 1.0
62562 1.0
62583 1.0
62588 1.0
62604 1.0
62609 1.0
62614 1.0
63182 1.0
63203 1.0
63208 1.0
63229 1.0
63234 1.0
63354 1.0
63802 1.0
63807 1.0
63828 1.0
63833 1.0
63853 0.13333333333333333
63854 0.8666666666666667
63859 1.0
63953 1.0
63978 0.25
63979 0.75
64427 1.0
64432 1.0
64453 1.0
64458 1.0
64478 0.5
64479 0.5
64552 1.0
64578 1.0
64603 0.3125
64604 0.6875
65031 1.0
65052 1.0
65057 1.0
65078 1.0
65177 1.0
65202 0.18181818181818182
65203 0.8181818181818182
65327 0.2222222222222222
65328 0.7777777777777778
65682 1.0
65687 1.0
65708 1.0
65729 1.0
65734 1.0
65739 1.0
66307 1.0
66328 1.0
66333 1.0
66353 0.14285714285714285
66354 0.8571428571428571
66359 1.0
66479 1.0
66484 1.0
66927 1.0
66932 1.0
66953 1.0
66958 1.0
66979 1.0
66984 1.0
67052 1.0
67078 1.0
67103 0.2857142857142857
67104 0.7142857142857143
67109 1.0
67552 1.0
67557 1.0
67583 1.0
67609 1.0
67677 1.0
67703 1.0
67728 0.3333333333333333
67729 0.6666666666666666
67828 1.0
68156 1.0
68176 0.3333333333333333
68177 0.6666666666666666
68182 1.0
68302 1.0
68327 0.13333333333333333
68328 0.8666666666666667
68333 1.0
68452 0.23076923076923078
68453 0.7692307692307693
68807 1.0
68812 1.0
68833 1.0
68838 1.0
68859 1.0
68864 1.0
68984 1.0
69432 1.0
69437 1.0
69458 1.0
69484 1.0
69583 1.0
69609 1.0
70036 1.0
70052 1.0
70057 1.0
70083 1.0
70108 0.2
70109 0.8
70203 1.0
70208 1.0
70229 1.0
70234 1.0
70677 1.0
70682 1.0
70708 1.0
70802 1.0
70827 0.05
70828 0.95
70833 1.0
70853 0.6666666666666666
70854 0.3333333333333333
70952 0.3333333333333333
70953 0.6666666666666666
71281 1.0
71301 1.0
71307 1.0
71427 1.0
71452 0.25
71453 0.75
71457 0.3333333333333333
71458 0.6666666666666666
71552 1.0
71577 0.2857142857142857
71578 0.7142857142857143
71911 1.0
71932 1.0
71937 1.0
71958 1.0
71963 1.0
71984 1.0
71989 1.0
72109 1.0
72557 1.0
72562 1.0
72583 1.0
72608 0.16666666666666666
72609 0.8333333333333334
72708 1.0
72733 0.07692307692307693
72734 0.9230769230769231
73177 1.0
73182 1.0
73208 1.0
73302 1.0
73307 1.0
73328 1.0
73333 1.0
73353 0.5
73354 0.5
73358 0.125
73359 0.875
73781 1.0
73802 1.0
73807 1.0
73927 1.0
73931 0.3333333333333333
73932 0.6666666666666666
73952 0.1
73953 0.9
73958 1.0
73979 1.0
74052 1.0
74078 1.0
74406 1.0
74431 0.5
74432 0.5
74551 0.125
74552 0.875
74557 1.0
74577 0.2777777777777778
74578 0.7222222222222222
74582 0.5
74583 0.5
74677 1.0
74702 0.5555555555555556
74703 0.4444444444444444
75036 1.0
75057 1.0
75061 0.3333333333333333
75062 0.6666666666666666
75083 1.0
75088 1.0
75108 0.05
75109 0.95
75114 1.0
75208 1.0
75234 1.0
75656 1.0
75682 1.0
75708 1.0
75734 1.0
75828 1.0
75833 1.0
75858 0.15
75859 0.85
76281 1.0
76286 1.0
76307 1.0
76333 1.0
76432 1.0
76453 1.0
76458 1.0
76484 1.0
76578 1.0
76906 1.0
76931 0.5
76932 0.5
77052 1.0
77057 1.0
77078 1.0
77083 1.0
77202 0.4
77203 0.6
77557 1.0
77677 1.0
77682 1.0
77702 0.4166666666666667
77703 0.5833333333333334
77708 1.0
77802 1.0
77827 0.4166666666666667
77828 0.5833333333333334
