62 1.0
166 1.0
187 0.75
188 0.25
192 1.0
213 1.0
218 1.0
239 1.0
270 1.0
292 1.0
312 1.0
317 1.0
338 1.0
395 1.0
416 1.0
421 1.0
515 1.0
520 1.0
541 1.0
786 0.75
787 0.25
791 1.0
812 0.6666666666666666
813 0.3333333333333333
817 1.0
833 1.0
838 1.0
911 0.5
912 0.5
916 0.5
917 0.5
937 1.0
942 1.0
963 1.0
1016 1.0
1037 1.0
1041 0.8
1042 0.2
1067 1.0
1140 1.0
1145 1.0
1171 1.0
1411 1.0
1416 1.0
1437 1.0
1463 1.0
1536 0.5
1537 0.5
1541 1.0
1562 0.6666666666666666
1563 0.3333333333333333
1567 1.0
1588 1.0
1661 0.5
1662 0.5
1666 1.0
1687 1.0
1692 1.0
1770 1.0
2015 1.0
2036 1.0
2041 1.0
2062 1.0
2161 0.75
2162 0.25
2166 1.0
2182 1.0
2187 1.0
2213 1.0
2270 1.0
2291 1.0
2312 1.0
2395 1.0
2416 1.0
2421 1.0
2661 1.0
2666 1.0
2770 1.0
2786 1.0
2812 1.0
2838 1.0
2890 1.0
2916 1.0
2937 1.0
3015 1.0
3020 1.0
3041 1.0
3167 1.0
3192 1.0
3271 1.0
3286 1.0
3291 1.0
3312 1.0
3317 1.0
3338 1.0
3416 1.0
3437 1.0
3442 1.0
3463 1.0
3468 1.0
3541 0.75
3542 0.25
3645 1.0
3791 1.0
3817 1.0
3890 1.0
3911 1.0
3916 1.0
3937 1.0
3963 1.0
4020 1.0
4062 1.0
4067 1.0
4088 1.0
4145 1.0
4166 1.0
4171 1.0
4192 1.0
4270 1.0
4291 1.0
4296 1.0
4562 0.75
4563 0.25
4567 1.0
4588 1.0
4646 1.0
4687 0.9230769230769231
4688 0.07692307692307693
4692 1.0
4713 1.0
4765 1.0
4786 1.0
4791 1.0
4817 1.0
4895 1.0
4916 1.0
5140 1.0
5161 1.0
5166 1.0
5286 1.0
5291 1.0
5307 1.0
5312 1.0
5317 1.0
5390 1.0
5411 1.0
5416 0.8
5417 0.2
5421 1.0
5515 0.5
5516 0.5
5520 1.0
5546 1.0
5765 1.0
5786 1.0
5791 1.0
5890 1.0
5895 1.0
5911 1.0
5916 1.0
5932 1.0
5937 1.0
5942 1.0
6015 1.0
6036 0.8
6037 0.2
6041 1.0
6062 1.0
6140 1.0
6145 1.0
6166 1.0
6286 1.0
6291 1.0
6395 1.0
6411 0.6666666666666666
6412 0.3333333333333333
6416 1.0
6421 1.0
6437 1.0
6463 1.0
6468 1.0
6515 1.0
6520 1.0
6541 0.6666666666666666
6542 0.3333333333333333
6562 1.0
6567 1.0
6588 1.0
6593 1.0
6666 0.5714285714285714
6667 0.42857142857142855
6671 1.0
6692 1.0
6770 1.0
7020 1.0
7036 1.0
7041 1.0
7062 1.0
7140 1.0
7145 1.0
7187 1.0
7192 1.0
7213 1.0
7265 1.0
7270 1.0
7291 0.8
7292 0.2
7296 1.0
7317 1.0
7390 1.0
7395 1.0
7661 1.0
7666 1.0
7687 1.0
7770 0.75
7771 0.25
7786 1.0
7791 1.0
7812 1.0
7817 1.0
7838 1.0
7890 0.6666666666666666
7891 0.3333333333333333
7895 1.0
7916 1.0
7921 1.0
7942 1.0
8015 1.0
8020 1.0
8046 1.0
8286 1.0
8291 1.0
8395 1.0
8411 1.0
8416 1.0
8421 1.0
8437 1.0
8442 1.0
8515 1.0
8536 0.5
8537 0.5
8541 1.0
8546 1.0
8562 1.0
8567 1.0
8640 1.0
8645 1.0
8666 1.0
8890 1.0
8911 1.0
8916 1.0
9015 1.0
9020 1.0
9036 1.0
9041 1.0
9062 1.0
9067 1.0
9140 1.0
9161 1.0
9166 1.0
9187 1.0
9192 1.0
9265 1.0
9270 1.0
9286 1.0
9291 1.0
9416 1.0
9515 1.0
9541 1.0
9562 1.0
9567 1.0
9666 1.0
9687 1.0
9692 0.8571428571428571
9693 0.14285714285714285
9713 1.0
9770 1.0
9791 1.0
9796 1.0
9817 1.0
9895 1.0
9916 1.0
10161 1.0
10166 1.0
10192 1.0
10218 1.0
10265 1.0
10270 1.0
10286 1.0
10291 0.5
10292 0.5
10312 1.0
10317 1.0
10338 1.0
10390 1.0
10395 1.0
10411 1.0
10416 0.8888888888888888
10417 0.1111111111111111
10421 1.0
10437 1.0
10442 1.0
10515 0.8
10516 0.2
10520 1.0
10541 1.0
10546 1.0
10765 1.0
10791 1.0
10895 1.0
10911 1.0
10916 1.0
10937 1.0
10942 1.0
11020 1.0
11036 1.0
11041 1.0
11046 1.0
11062 1.0
11067 1.0
11140 1.0
11145 1.0
11166 1.0
11390 1.0
11416 1.0
11515 1.0
11520 1.0
11537 1.0
11541 1.0
11562 1.0
11567 1.0
11640 0.5
11641 0.5
11645 1.0
11661 1.0
11666 1.0
11687 1.0
11692 1.0
11765 1.0
11770 1.0
12015 1.0
12036 1.0
12041 1.0
12145 1.0
12161 1.0
12187 1.0
12192 1.0
12270 1.0
12286 1.0
12291 1.0
12312 1.0
12390 1.0
12395 1.0
12416 1.0
12640 1.0
12661 1.0
12666 1.0
12770 1.0
12791 1.0
12812 0.75
12813 0.25
12817 0.9230769230769231
12818 0.07692307692307693
12838 1.0
12890 1.0
12895 1.0
12916 0.8333333333333334
12917 0.16666666666666666
12921 1.0
12937 1.0
12942 1.0
13020 1.0
13265 1.0
13270 1.0
13286 1.0
13291 1.0
13317 1.0
13390 1.0
13395 1.0
13416 1.0
13437 1.0
13442 1.0
13463 1.0
13515 1.0
13541 1.0
13546 1.0
13562 1.0
13645 1.0
13666 1.0
13671 1.0
13890 1.0
13911 1.0
13916 1.0
13942 1.0
14020 1.0
14041 1.0
14062 1.0
14067 1.0
14145 1.0
14161 1.0
14166 1.0
14171 1.0
14192 1.0
14270 1.0
14291 1.0
14296 1.0
14515 1.0
14536 1.0
14640 1.0
14645 1.0
14661 1.0
14666 1.0
14687 1.0
14765 1.0
14770 1.0
14786 1.0
14791 1.0
14796 1.0
14812 1.0
14817 1.0
14895 1.0
14916 1.0
14921 1.0
15140 1.0
15166 1.0
15270 1.0
15286 1.0
15291 1.0
15312 1.0
15317 1.0
15390 1.0
15395 1.0
15411 1.0
15416 1.0
15421 1.0
15437 1.0
15515 1.0
15520 1.0
15541 1.0
15546 1.0
15662 1.0
15687 0.8
15688 0.2
15708 0.5
15709 0.5
15713 0.6
15714 0.4
15734 1.0
15739 1.0
15813 1.0
15833 1.0
15838 0.7333333333333333
15839 0.26666666666666666
15859 1.0
15864 1.0
16286 1.0
16307 1.0
16312 1.0
16333 1.0
16338 1.0
16359 1.0
16364 1.0
16458 1.0
16463 1.0
16484 1.0
16489 1.0
16583 1.0
16911 1.0
16937 1.0
17057 0.5
17058 0.5
17062 0.75
17063 0.25
17083 1.0
17088 1.0
17109 1.0
17114 1.0
17208 1.0
17536 1.0
17661 1.0
17682 1.0
17687 0.875
17688 0.125
17708 1.0
17713 1.0
17812 1.0
17833 1.0
17838 1.0
18281 1.0
18307 1.0
18312 1.0
18333 1.0
18432 1.0
18437 1.0
18458 1.0
18463 1.0
18786 1.0
18791 1.0
18807 1.0
18812 1.0
18833 1.0
18859 1.0
18864 1.0
18937 1.0
18958 1.0
18963 0.9444444444444444
18964 0.05555555555555555
18984 1.0
18989 1.0
19411 1.0
19416 1.0
19437 1.0
19458 1.0
19463 1.0
19562 1.0
19583 1.0
19588 1.0
19609 1.0
19614 1.0
20036 1.0
20062 1.0
20161 1.0
20187 1.0
20208 1.0
20213 1.0
20307 1.0
20333 1.0
20338 1.0
20661 1.0
20687 1.0
20781 1.0
20786 1.0
20807 1.0
20812 1.0
20832 0.2
20833 0.8
20838 1.0
20932 1.0
20937 1.0
20958 1.0
20963 1.0
21286 1.0
21406 1.0
21411 1.0
21432 1.0
21437 1.0
21457 0.1111111111111111
21458 0.8888888888888888
21462 0.3333333333333333
21463 0.6666666666666666
21557 1.0
21562 1.0
21583 1.0
21911 0.5
21912 0.5
21916 1.0
21937 1.0
21942 1.0
21963 0.6666666666666666
21964 0.3333333333333333
22062 0.6666666666666666
22063 0.3333333333333333
22083 0.6
22084 0.4
22088 1.0
22109 1.0
22114 1.0
22213 1.0
22562 1.0
22567 1.0
22661 1.0
22682 1.0
22687 1.0
22708 1.0
22713 0.95
22714 0.05
22739 1.0
22812 1.0
22833 1.0
22838 1.0
23161 1.0
23187 1.0
23286 1.0
23307 1.0
23312 1.0
23333 1.0
23338 1.0
23432 1.0
23437 1.0
23458 1.0
23463 1.0
23786 1.0
23812 1.0
23911 1.0
23932 1.0
23937 1.0
23958 1.0
23963 1.0
24057 1.0
24062 1.0
24083 1.0
24088 1.0
24411 1.0
24536 1.0
24557 1.0
24562 1.0
24583 1.0
24682 1.0
24687 1.0
24708 1.0
24712 0.3333333333333333
24713 0.6666666666666666
25036 1.0
25041 1.0
25062 1.0
25161 1.0
25187 0.6666666666666666
25188 0.3333333333333333
25192 1.0
25208 1.0
25213 1.0
25239 1.0
25338 1.0
25661 1.0
25687 1.0
25786 1.0
25812 1.0
25833 1.0
25838 1.0
25932 1.0
25938 1.0
25958 1.0
25963 1.0
26286 1.0
26312 1.0
26411 1.0
26432 1.0
26437 1.0
26458 1.0
26463 1.0
26557 1.0
26562 1.0
26583 1.0
26588 1.0
26911 1.0
27036 1.0
27057 1.0
27062 1.0
27083 1.0
27088 1.0
27182 1.0
27187 1.0
27207 0.3333333333333333
27208 0.6666666666666666
27213 1.0
27536 1.0
27656 1.0
27661 1.0
27681 1.0
27687 1.0
27713 1.0
27807 1.0
27812 1.0
27832 0.25
27833 0.75
27837 0.5
27838 0.5
28161 1.0
28166 1.0
28286 1.0
28291 1.0
28312 1.0
28317 1.0
28338 0.9310344827586207
28339 0.06896551724137931
28343 1.0
28364 1.0
28437 1.0
28458 1.0
28463 1.0
28786 1.0
28812 1.0
28916 1.0
28937 0.9230769230769231
28938 0.07692307692307693
28958 1.0
28963 1.0
28968 1.0
28989 1.0
29057 1.0
29062 1.0
29088 1.0
29411 1.0
29437 1.0
29536 1.0
29562 1.0
29583 1.0
29588 1.0
29687 1.0
29708 1.0
29713 1.0
30161 1.0
30182 1.0
30187 1.0
30307 1.0
30312 1.0
30332 0.14285714285714285
30333 0.8571428571428571
30337 0.14285714285714285
30338 0.8571428571428571
30781 1.0
30786 1.0
30911 1.0
30932 1.0
30937 1.0
30957 1.0
30962 0.3333333333333333
30963 0.6666666666666666
31057 1.0
31286 1.0
31307 1.0
31312 1.0
31333 0.8
31334 0.2
31338 1.0
31359 1.0
31364 1.0
31932 1.0
31937 1.0
31958 0.875
31959 0.125
31963 1.0
31984 1.0
31989 1.0
32083 1.0
32109 1.0
32536 1.0
32557 1.0
32562 1.0
32583 1.0
32588 1.0
32609 1.0
32708 1.0
32734 1.0
33161 1.0
33182 1.0
33208 1.0
33307 1.0
33328 1.0
33333 1.0
33354 1.0
33358 0.1111111111111111
33359 0.8888888888888888
33781 1.0
33807 1.0
33833 1.0
33932 1.0
33953 1.0
33958 1.0
33979 1.0
33984 1.0
34078 1.0
34083 1.0
34432 0.75
34433 0.25
34437 0.5
34438 0.5
34458 1.0
34463 1.0
34484 1.0
34489 1.0
34583 0.5
34584 0.5
34609 1.0
35036 1.0
35057 1.0
35062 1.0
35083 1.0
35088 1.0
35109 1.0
35114 1.0
35208 0.8181818181818182
35209 0.18181818181818182
35213 1.0
35234 1.0
35239 1.0
35661 1.0
35682 1.0
35687 1.0
35708 1.0
35734 1.0
35807 1.0
35833 1.0
35838 1.0
35858 0.07692307692307693
35859 0.9230769230769231
36281 1.0
36307 1.0
36312 1.0
36432 1.0
36458 1.0
36463 1.0
36483 0.5
36484 0.5
36583 1.0
36911 1.0
36932 1.0
36937 1.0
37057 1.0
37083 1.0
37203 1.0
37208 1.0
37536 1.0
37557 1.0
37562 1.0
37583 1.0
37588 0.6666666666666666
37589 0.3333333333333333
37609 1.0
37614 1.0
37708 1.0
37713 1.0
37734 1.0
38156 1.0
38182 1.0
38187 1.0
38208 1.0
38213 0.75
38214 0.25
38234 1.0
38239 1.0
38333 1.0
38338 1.0
38359 1.0
38364 1.0
38781 1.0
38786 1.0
38807 1.0
38838 1.0
38958 1.0
38963 1.0
38983 0.42857142857142855
38984 0.5714285714285714
39411 1.0
39432 1.0
39437 1.0
39557 1.0
39582 0.037037037037037035
39583 0.9629629629629629
39588 1.0
39608 1.0
39708 1.0
40036 1.0
40156 1.0
40182 1.0
40187 1.0
40207 0.07407407407407407
40208 0.9259259259259259
40307 1.0
40332 0.2
40333 0.8
40661 1.0
40687 0.9
40688 0.1
40713 1.0
40739 1.0
40833 0.75
40834 0.25
40838 1.0
40859 1.0
40864 1.0
41286 1.0
41312 1.0
41338 1.0
41364 1.0
41458 1.0
41463 1.0
41484 1.0
41489 1.0
41911 1.0
41932 1.0
41937 1.0
42057 1.0
42083 1.0
42088 1.0
42109 1.0
42208 1.0
42531 1.0
42682 1.0
42687 1.0
42707 0.0625
42708 0.9375
42713 1.0
42807 1.0
42833 1.0
43156 1.0
43161 1.0
43187 1.0
43281 1.0
43286 1.0
43307 1.0
43312 1.0
43332 0.045454545454545456
43333 0.9545454545454546
43432 1.0
43458 1.0
43807 1.0
43812 1.0
43838 0.8
43839 0.2
43864 1.0
43958 1.0
43963 1.0
43984 1.0
43989 1.0
44411 1.0
44432 1.0
44437 1.0
44583 1.0
44588 1.0
44614 1.0
44708 1.0
45036 1.0
45062 1.0
45182 1.0
45187 1.0
45207 0.05
45208 0.95
45213 1.0
45333 1.0
45661 1.0
45687 1.0
45781 1.0
45807 1.0
45812 1.0
45832 0.18181818181818182
45833 0.8181818181818182
45837 0.25
45838 0.75
45932 1.0
45958 1.0
45963 1.0
46286 1.0
46406 1.0
46432 1.0
46437 1.0
46457 0.4444444444444444
46458 0.5555555555555556
46557 1.0
46582 0.2
46583 0.8
46588 1.0
46937 1.0
46958 0.8571428571428571
46959 0.14285714285714285
46963 1.0
46984 1.0
46989 1.0
47557 1.0
47562 1.0
47583 1.0
47604 1.0
47609 1.0
47729 1.0
47734 1.0
48182 1.0
48187 1.0
48203 1.0
48208 1.0
48229 1.0
48234 1.0
48328 1.0
48333 1.0
48353 0.1
48354 0.9
48359 1.0
48807 1.0
48828 1.0
48833 1.0
48859 1.0
48953 1.0
48958 1.0
48978 0.1111111111111111
48979 0.8888888888888888
48984 1.0
49427 1.0
49432 1.0
49458 1.0
49552 1.0
49577 0.045454545454545456
49578 0.9545454545454546
49583 1.0
49603 0.5
49604 0.5
49608 0.6666666666666666
49609 0.3333333333333333
50057 1.0
50062 1.0
50083 1.0
50088 1.0
50109 1.0
50114 1.0
50682 1.0
50687 1.0
50708 1.0
50734 1.0
50859 1.0
51307 1.0
51312 1.0
51333 1.0
51359 1.0
51458 1.0
51479 1.0
51483 0.1875
51484 0.8125
51932 1.0
51937 1.0
51958 1.0
52078 1.0
52083 1.0
52109 1.0
52531 1.0
52536 1.0
52556 0.3333333333333333
52557 0.6666666666666666
52682 1.0
52703 1.0
52707 0.05128205128205128
52708 0.9487179487179487
52733 0.5
52734 0.5
53182 1.0
53187 1.0
53208 1.0
53213 1.0
53234 1.0
53239 1.0
53359 1.0
53807 1.0
53812 1.0
53833 1.0
53838 1.0
53859 1.0
53864 1.0
53958 1.0
53983 0.08333333333333333
53984 0.9166666666666666
54406 1.0
54432 1.0
54437 1.0
54458 1.0
54484 1.0
54583 1.0
54608 0.08333333333333333
54609 0.9166666666666666
55057 1.0
55062 1.0
55083 1.0
55182 1.0
55203 1.0
55208 1.0
55228 1.0
55233 0.4
55234 0.6
55682 1.0
55807 1.0
55828 1.0
55833 1.0
55953 1.0
56312 1.0
56333 1.0
56338 1.0
56359 1.0
56364 1.0
56458 0.75
56459 0.25
56484 1.0
56489 1.0
56906 1.0
56932 1.0
56937 1.0
56958 1.0
56963 1.0
56984 1.0
56989 1.0
57083 1.0
57088 1.0
57109 1.0
57114 1.0
57557 1.0
57562 1.0
57583 1.0
57588 1.0
57708 1.0
57733 0.375
57734 0.625
57739 1.0
58156 1.0
58161 1.0
58182 1.0
58187 1.0
58208 1.0
58307 1.0
58328 1.0
58332 0.02702702702702703
58333 0.972972972972973
58358 0.4
58359 0.6
58807 1.0
58932 1.0
58953 1.0
58957 0.14814814814814814
58958 0.8518518518518519
59078 1.0
59083 1.0
59432 1.0
59437 1.0
59458 1.0
59463 1.0
59484 1.0
59489 1.0
59583 1.0
59609 1.0
59614 1.0
60057 1.0
60062 1.0
60083 1.0
60088 1.0
60208 1.0
60213 1.0
60233 0.06666666666666667
60234 0.9333333333333333
60239 1.0
60656 1.0
60682 1.0
60687 1.0
60708 1.0
60833 1.0
60838 1.0
60859 1.0
61307 1.0
61432 1.0
61458 1.0
61483 1.0
61583 1.0
61906 1.0
61911 1.0
61932 1.0
62057 1.0
62082 0.2222222222222222
62083 0.7777777777777778
62108 1.0
62207 0.1111111111111111
62208 0.8888888888888888
62557 1.0
62562 1.0
62583 1.0
62588 1.0
62604 1.0
62609 1.0
62614 1.0
63182 1.0
63208 1.0
63213 1.0
63229 1.0
63234 1.0
63354 1.0
63807 1.0
63833 1.0
63853 0.2222222222222222
63854 0.7777777777777778
63858 0.043478260869565216
63859 0.9565217391304348
63979 1.0
64427 1.0
64432 1.0
64458 1.0
64478 1.0
64483 0.07142857142857142
64484 0.9285714285714286
64578 1.0
64603 0.058823529411764705
64604 0.9411764705882353
64609 1.0
65031 1.0
65052 1.0
65057 1.0
65083 1.0
65103 1.0
65203 1.0
65208 1.0
65228 0.4444444444444444
65229 0.5555555555555556
65233 0.5
65234 0.5
65682 1.0
65687 1.0
65708 1.0
65734 1.0
65739 1.0
66307 1.0
66333 1.0
66354 1.0
66359 1.0
66479 1.0
66484 1.0
66932 1.0
66937 1.0
66958 1.0
66983 0.15384615384615385
66984 0.8461538461538461
67078 1.0
67103 0.125
67104 0.875
67109 1.0
67552 1.0
67557 1.0
67583 1.0
67608 0.2222222222222222
67609 0.7777777777777778
67703 1.0
67708 1.0
67728 0.6
67729 0.4
67734 1.0
68156 1.0
68181 0.14285714285714285
68182 0.8571428571428571
68208 1.0
68328 1.0
68333 1.0
68353 0.75
68354 0.25
68358 0.5
68359 0.5
68807 1.0
68812 1.0
68833 1.0
68838 1.0
68859 1.0
68864 1.0
68984 1.0
69432 1.0
69437 1.0
69458 1.0
69483 0.04
69484 0.96
69609 1.0
70036 1.0
70057 1.0
70062 1.0
70082 0.1
70083 0.9
70109 1.0
70208 1.0
70233 0.18181818181818182
70234 0.8181818181818182
70682 1.0
70708 1.0
70734 1.0
70802 1.0
70828 1.0
70833 1.0
70853 1.0
70858 0.14285714285714285
70859 0.8571428571428571
71281 1.0
71306 0.14285714285714285
71307 0.8571428571428571
71333 1.0
71432 1.0
71453 1.0
71458 1.0
71478 1.0
71483 1.0
71578 1.0
71911 1.0
71932 1.0
71937 1.0
71958 1.0
71963 1.0
71984 1.0
71989 1.0
72109 1.0
72557 1.0
72562 1.0
72583 1.0
72588 1.0
72609 1.0
72708 1.0
72734 1.0
73182 1.0
73187 1.0
73208 1.0
73234 1.0
73333 1.0
73358 0.2
73359 0.8
73781 1.0
73807 1.0
73812 1.0
73833 1.0
73953 1.0
73958 1.0
73979 1.0
73983 0.125
73984 0.875
74406 1.0
74432 1.0
74552 1.0
74578 1.0
74583 1.0
74608 1.0
74703 1.0
75036 1.0
75057 1.0
75062 1.0
75083 1.0
75088 1.0
75109 1.0
75114 1.0
75208 1.0
75234 1.0
75239 1.0
75656 1.0
75682 1.0
75687 1.0
75708 1.0
75713 1.0
75733 0.14285714285714285
75734 0.8571428571428571
75739 1.0
75833 1.0
75859 1.0
76281 1.0
76286 1.0
76307 1.0
76312 1.0
76333 1.0
76364 1.0
76458 1.0
76483 0.375
76484 0.625
76906 1.0
76932 1.0
77078 1.0
77083 1.0
77108 0.8
77109 0.2
77203 1.0
77557 1.0
77682 1.0
77703 1.0
77707 0.034482758620689655
77708 0.9655172413793104
77827 0.25
77828 0.75
