0 1.0
25 0.9782608695652174
26 0.021739130434782608
31 1.0
50 0.9803921568627451
51 0.0196078431372549
56 1.0
75 0.9634551495016611
76 0.036544850498338874
81 1.0
100 0.9656019656019657
101 0.0343980343980344
106 1.0
125 1.0
131 1.0
150 0.9634146341463414
151 0.036585365853658534
156 1.0
175 0.9155844155844156
176 0.08441558441558442
181 1.0
200 0.8738738738738738
201 0.12612612612612611
206 1.0
225 0.8430493273542601
226 0.15695067264573992
231 1.0
250 0.9705882352941176
251 0.029411764705882353
256 1.0
275 0.8591549295774648
276 0.14084507042253522
281 1.0
300 0.75
301 0.25
306 0.9757575757575757
307 0.024242424242424242
325 0.5419847328244275
326 0.4580152671755725
331 0.9912790697674418
332 0.00872093023255814
337 1.0
350 0.4
351 0.6
356 0.958904109589041
357 0.0410958904109589
362 1.0
375 0.96875
376 0.03125
381 1.0
400 0.8064516129032258
401 0.1935483870967742
406 1.0
425 0.5616438356164384
426 0.4383561643835616
431 0.9246861924686193
432 0.07531380753138076
437 1.0
450 0.125
451 0.875
456 0.8803921568627451
457 0.11960784313725491
462 1.0
481 0.6788990825688074
482 0.3211009174311927
487 1.0
500 0.9523809523809523
501 0.047619047619047616
506 1.0
525 0.86
526 0.14
531 0.9469026548672567
532 0.05309734513274336
537 1.0
550 0.20689655172413793
551 0.7931034482758621
556 0.862453531598513
557 0.137546468401487
562 1.0
581 0.6990049751243781
582 0.3009950248756219
587 1.0
606 0.29411764705882354
607 0.7058823529411765
612 1.0
