60 1.0
65 1.0
80 1.0
85 1.0
110 1.0
161 1.0
185 0.16666666666666666
186 0.8333333333333334
205 0.2
206 0.8
211 1.0
231 1.0
236 1.0
272 1.0
311 0.3333333333333333
312 0.6666666666666666
317 1.0
398 1.0
417 0.3333333333333333
418 0.6666666666666666
423 1.0
519 1.0
660 1.0
680 1.0
786 1.0
806 1.0
811 1.0
831 1.0
836 1.0
856 1.0
917 1.0
937 1.0
942 1.0
957 1.0
962 1.0
1043 1.0
1063 1.0
1068 1.0
1144 1.0
1149 1.0
1174 1.0
1285 1.0
1310 1.0
1406 1.0
1411 1.0
1431 1.0
1436 1.0
1456 1.0
1537 1.0
1542 1.0
1557 1.0
1562 1.0
1582 1.0
1587 1.0
1663 1.0
1668 1.0
1687 0.5
1688 0.5
1769 1.0
1774 1.0
2016 1.0
2031 1.0
2036 1.0
2056 1.0
2157 1.0
2162 1.0
2167 1.0
2182 1.0
2187 1.0
2207 1.0
2268 1.0
2273 1.0
2288 1.0
2293 1.0
2313 1.0
2399 1.0
2419 1.0
2656 1.0
2661 1.0
2772 1.0
2782 1.0
2807 1.0
2812 1.0
2893 1.0
2913 1.0
2918 1.0
2933 1.0
3019 1.0
3024 1.0
3039 1.0
3044 1.0
3165 1.0
3185 1.0
3286 1.0
3291 1.0
3311 1.0
3331 1.0
3336 1.0
3356 1.0
3361 1.0
3417 1.0
3437 1.0
3442 1.0
3462 1.0
3518 1.0
3523 1.0
3790 1.0
3810 1.0
3911 1.0
3916 1.0
3931 1.0
3936 1.0
3961 1.0
4022 1.0
4057 1.0
4062 1.0
4067 1.0
4082 1.0
4087 1.0
4148 1.0
4168 1.0
4274 1.0
4541 1.0
4556 1.0
4561 1.0
4586 1.0
4682 1.0
4687 1.0
4692 1.0
4707 1.0
4712 1.0
4788 1.0
4793 1.0
4894 1.0
4899 1.0
4919 1.0
5156 1.0
5161 1.0
5166 1.0
5282 1.0
5287 1.0
5307 1.0
5312 1.0
5317 1.0
5393 1.0
5413 1.0
5418 1.0
5519 1.0
5524 1.0
5544 1.0
5766 1.0
5781 1.0
5786 1.0
5892 1.0
5897 1.0
5907 1.0
5912 0.8888888888888888
5913 0.1111111111111111
5932 1.0
5937 1.0
6018 1.0
6033 1.0
6038 1.0
6043 1.0
6058 1.0
6063 1.0
6144 1.0
6149 1.0
6169 1.0
6285 1.0
6396 1.0
6411 1.0
6416 1.0
6421 1.0
6436 1.0
6461 1.0
6517 1.0
6522 1.0
6537 1.0
6542 1.0
6562 1.0
6567 1.0
6587 1.0
6592 1.0
6668 1.0
6687 1.0
6693 1.0
6774 1.0
7021 1.0
7036 1.0
7061 1.0
7086 1.0
7142 1.0
7167 1.0
7187 1.0
7212 1.0
7268 1.0
7273 1.0
7293 1.0
7298 1.0
7313 1.0
7394 1.0
7399 1.0
7661 1.0
7686 1.0
7767 1.0
7772 1.0
7787 1.0
7792 1.0
7807 1.0
7812 1.0
7837 1.0
7893 1.0
7898 1.0
7913 1.0
7918 1.0
7938 1.0
8019 1.0
8024 1.0
8044 1.0
8266 1.0
8281 1.0
8286 1.0
8392 1.0
8407 1.0
8412 1.0
8417 1.0
8432 1.0
8437 1.0
8518 1.0
8533 1.0
8538 1.0
8543 1.0
8548 1.0
8558 1.0
8563 1.0
8644 1.0
8649 1.0
8669 1.0
8891 1.0
8906 1.0
8911 1.0
9017 1.0
9037 1.0
9057 0.6666666666666666
9058 0.3333333333333333
9062 1.0
9143 1.0
9158 1.0
9163 1.0
9168 1.0
9183 1.0
9188 1.0
9269 1.0
9274 1.0
9289 1.0
9294 1.0
9415 1.0
9440 1.0
9516 1.0
9541 1.0
9561 1.0
9566 1.0
9586 1.0
9687 1.0
9692 1.0
9712 1.0
9768 1.0
9773 1.0
9793 1.0
9798 1.0
9899 1.0
9919 1.0
10161 1.0
10166 1.0
10186 1.0
10211 1.0
10267 1.0
10272 1.0
10287 1.0
10312 1.0
10317 1.0
10337 1.0
10393 1.0
10398 1.0
10413 1.0
10418 1.0
10438 1.0
10443 1.0
10519 1.0
10524 1.0
10544 1.0
10549 1.0
10761 1.0
10766 1.0
10786 1.0
10791 1.0
10892 1.0
10912 1.0
10917 1.0
10932 1.0
10937 1.0
11038 1.0
11043 1.0
11048 1.0
11063 1.0
11144 1.0
11149 1.0
11387 1.0
11411 1.0
11512 1.0
11522 1.0
11537 1.0
11542 1.0
11557 1.0
11562 1.0
11643 1.0
11663 1.0
11668 1.0
11683 1.0
11688 1.0
11769 1.0
11774 1.0
12011 1.0
12031 1.0
12036 1.0
12142 1.0
12157 1.0
12162 1.0
12182 1.0
12187 1.0
12273 1.0
12283 1.0
12288 1.0
12293 1.0
12308 1.0
12394 1.0
12399 1.0
12419 1.0
12646 1.0
12661 1.0
12666 1.0
12691 1.0
12772 1.0
12792 1.0
12812 1.0
12816 0.125
12817 0.875
12837 1.0
12842 1.0
12893 1.0
12918 1.0
12923 1.0
12937 0.6666666666666666
12938 0.3333333333333333
12943 1.0
13024 1.0
13266 1.0
13286 1.0
13291 1.0
13311 1.0
13392 1.0
13397 1.0
13412 1.0
13437 1.0
13442 1.0
13462 1.0
13518 1.0
13523 1.0
13538 1.0
13543 1.0
13548 1.0
13563 1.0
13649 1.0
13669 1.0
13674 1.0
13886 1.0
13896 1.0
13911 1.0
13936 1.0
14022 1.0
14037 1.0
14042 1.0
14057 1.0
14062 0.9333333333333333
14063 0.06666666666666667
14143 1.0
14148 1.0
14163 1.0
14168 0.9285714285714286
14169 0.07142857142857142
14188 1.0
14269 1.0
14274 1.0
14294 1.0
14516 1.0
14537 1.0
14642 1.0
14647 1.0
14662 1.0
14667 1.0
14687 1.0
14768 1.0
14773 1.0
14788 1.0
14793 0.8
14794 0.2
14813 1.0
14894 1.0
14899 1.0
14914 1.0
14919 1.0
15141 1.0
15262 1.0
15267 1.0
15282 1.0
15287 0.75
15288 0.25
15308 1.0
15312 0.5
15313 0.5
15388 1.0
15393 1.0
15413 1.0
15418 1.0
15433 1.0
15438 1.0
15519 1.0
15524 1.0
15544 1.0
15680 1.0
15685 1.0
15705 1.0
15710 1.0
15725 1.0
15730 1.0
15735 1.0
15830 0.16666666666666666
15831 0.8333333333333334
15856 1.0
16285 1.0
16305 1.0
16310 1.0
16330 0.8571428571428571
16331 0.14285714285714285
16355 1.0
16451 1.0
16456 1.0
16461 1.0
16476 1.0
16481 1.0
16582 1.0
16905 1.0
16930 1.0
17056 1.0
17076 1.0
17081 1.0
17106 1.0
17202 1.0
17530 1.0
17656 1.0
17676 0.8333333333333334
17677 0.16666666666666666
17681 0.9
17682 0.1
17701 0.625
17702 0.375
17706 0.8571428571428571
17707 0.14285714285714285
17802 1.0
17807 1.0
17827 0.8
17828 0.2
17832 1.0
18276 1.0
18281 1.0
18301 1.0
18306 0.8
18307 0.2
18326 1.0
18332 1.0
18427 0.9166666666666666
18428 0.08333333333333333
18432 1.0
18452 1.0
18553 1.0
18558 1.0
18785 1.0
18805 1.0
18810 1.0
18830 1.0
18835 1.0
18855 1.0
18860 1.0
18956 1.0
18961 1.0
18980 0.16666666666666666
18981 0.8333333333333334
18986 1.0
19405 1.0
19410 1.0
19430 1.0
19455 1.0
19561 1.0
19581 1.0
19586 1.0
19606 1.0
20030 1.0
20035 1.0
20055 1.0
20156 1.0
20181 1.0
20201 1.0
20206 0.9583333333333334
20207 0.041666666666666664
20307 1.0
20327 1.0
20332 1.0
20655 1.0
20660 1.0
20781 1.0
20786 1.0
20801 1.0
20806 0.8888888888888888
20807 0.1111111111111111
20832 1.0
20927 1.0
20932 1.0
20952 1.0
20957 1.0
21280 1.0
21406 1.0
21431 0.7142857142857143
21432 0.2857142857142857
21552 1.0
21557 1.0
21577 1.0
21582 1.0
21678 1.0
21910 1.0
21935 1.0
21955 1.0
21960 1.0
21985 1.0
22081 1.0
22086 1.0
22106 1.0
22111 1.0
22555 1.0
22560 1.0
22656 1.0
22681 1.0
22686 1.0
22706 1.0
22711 1.0
22731 1.0
22832 1.0
23155 1.0
23160 1.0
23180 1.0
23281 1.0
23306 0.9090909090909091
23307 0.09090909090909091
23331 0.9166666666666666
23332 0.08333333333333333
23432 1.0
23457 1.0
23462 1.0
23785 1.0
23906 1.0
23911 1.0
23931 0.75
23932 0.25
23936 1.0
23956 1.0
24052 1.0
24057 1.0
24062 1.0
24077 1.0
24082 1.0
24178 1.0
24526 1.0
24531 1.0
24556 0.75
24557 0.25
24677 0.8571428571428571
24678 0.14285714285714285
24682 0.96
24683 0.04
24702 1.0
24803 1.0
24808 1.0
25035 1.0
25040 1.0
25060 1.0
25181 1.0
25186 1.0
25206 1.0
25211 1.0
25231 1.0
25236 1.0
25332 1.0
25660 1.0
25685 1.0
25781 1.0
25786 1.0
25806 1.0
25811 1.0
25831 1.0
25836 1.0
25932 1.0
25957 1.0
25962 1.0
26285 1.0
26411 1.0
26431 1.0
26436 1.0
26456 1.0
26461 1.0
26557 1.0
26562 1.0
26582 1.0
26910 1.0
27031 1.0
27036 1.0
27056 0.8
27057 0.2
27177 1.0
27182 1.0
27187 1.0
27207 1.0
27656 0.875
27657 0.125
27661 1.0
27681 1.0
27802 1.0
27807 0.9375
27808 0.0625
27812 1.0
27928 1.0
27933 1.0
28160 1.0
28286 1.0
28306 1.0
28311 1.0
28331 1.0
28336 1.0
28341 1.0
28361 1.0
28457 1.0
28462 1.0
28785 1.0
28810 1.0
28911 1.0
28931 0.6666666666666666
28932 0.3333333333333333
28936 1.0
28956 1.0
28961 1.0
28986 1.0
29057 1.0
29062 1.0
29082 1.0
29087 1.0
29410 1.0
29436 1.0
29531 1.0
29536 1.0
29556 1.0
29581 0.8333333333333334
29582 0.16666666666666666
29682 1.0
29687 1.0
29707 1.0
29712 1.0
30156 1.0
30181 1.0
30307 0.9318181818181818
30308 0.06818181818181818
30312 1.0
30433 1.0
30781 1.0
30786 1.0
30907 1.0
30932 1.0
30937 1.0
31053 1.0
31058 1.0
31280 1.0
31305 1.0
31310 1.0
31330 1.0
31350 1.0
31355 1.0
31925 1.0
31930 1.0
31950 0.5
31951 0.5
31955 1.0
31975 1.0
31980 1.0
32076 1.0
32101 1.0
32106 1.0
32530 1.0
32550 1.0
32555 1.0
32576 1.0
32580 0.875
32581 0.125
32600 1.0
32676 1.0
32701 0.9523809523809523
32702 0.047619047619047616
32706 1.0
32726 1.0
33155 1.0
33175 1.0
33180 1.0
33301 0.8
33302 0.2
33326 0.76
33327 0.24
33331 1.0
33427 1.0
33452 1.0
33775 0.5
33776 0.5
33901 1.0
33926 0.9166666666666666
33927 0.08333333333333333
33951 0.5
33952 0.5
34052 0.9047619047619048
34053 0.09523809523809523
34077 1.0
34430 1.0
34435 1.0
34455 1.0
34460 1.0
34480 0.9565217391304348
34481 0.043478260869565216
34485 1.0
34581 1.0
34606 1.0
35030 1.0
35035 1.0
35055 1.0
35080 0.9
35081 0.1
35105 0.8
35106 0.2
35110 1.0
35201 1.0
35206 1.0
35226 1.0
35231 1.0
35655 1.0
35680 1.0
35701 1.0
35801 1.0
35806 1.0
35826 1.0
35831 0.9285714285714286
35832 0.07142857142857142
35851 1.0
35856 1.0
35952 1.0
36280 1.0
36305 0.75
36306 0.25
36426 1.0
36431 1.0
36451 0.8181818181818182
36452 0.18181818181818182
36456 1.0
36552 1.0
36577 1.0
36905 0.6666666666666666
36906 0.3333333333333333
37026 1.0
37051 1.0
37056 1.0
37177 0.85
37178 0.15
37202 1.0
37535 1.0
37555 1.0
37560 1.0
37580 1.0
37585 1.0
37605 0.8181818181818182
37606 0.18181818181818182
37610 1.0
37706 1.0
37731 1.0
38155 1.0
38180 1.0
38205 1.0
38210 1.0
38230 1.0
38306 1.0
38326 1.0
38331 1.0
38356 1.0
38780 1.0
38805 0.75
38806 0.25
38830 1.0
38926 1.0
38931 1.0
38951 0.75
38952 0.25
38956 1.0
38981 1.0
39077 1.0
39082 1.0
39405 1.0
39526 1.0
39551 0.25
39552 0.75
39556 0.9230769230769231
39557 0.07692307692307693
39576 1.0
39581 0.8
39582 0.2
39677 1.0
39702 1.0
39707 1.0
40030 0.5
40031 0.5
40151 1.0
40156 1.0
40176 1.0
40181 0.8
40182 0.2
40302 0.96
40303 0.04
40307 1.0
40327 1.0
40428 1.0
40660 1.0
40680 1.0
40685 1.0
40705 1.0
40710 1.0
40730 1.0
40735 1.0
40831 1.0
40836 1.0
40856 1.0
40861 1.0
41280 1.0
41305 1.0
41310 1.0
41431 1.0
41456 0.967741935483871
41457 0.03225806451612903
41481 1.0
41905 0.8
41906 0.2
41910 1.0
41930 1.0
41935 1.0
42031 1.0
42051 1.0
42056 1.0
42076 1.0
42081 0.9615384615384616
42082 0.038461538461538464
42106 1.0
42182 1.0
42202 1.0
42207 1.0
42530 0.6666666666666666
42531 0.3333333333333333
42651 1.0
42656 1.0
42676 0.5
42677 0.5
42681 0.8571428571428571
42682 0.14285714285714285
42706 0.8333333333333334
42707 0.16666666666666666
42802 1.0
42807 1.0
42827 1.0
42832 1.0
43155 1.0
43276 1.0
43281 1.0
43302 1.0
43306 1.0
43427 0.8974358974358975
43428 0.10256410256410256
43432 1.0
43457 1.0
43553 1.0
43805 1.0
43810 1.0
43835 0.75
43836 0.25
43860 1.0
43956 1.0
43961 1.0
43981 1.0
43986 1.0
44410 1.0
44430 1.0
44435 1.0
44556 1.0
44581 1.0
44586 1.0
44606 1.0
44611 1.0
44707 1.0
45031 1.0
45060 1.0
45156 1.0
45181 1.0
45206 0.9047619047619048
45207 0.09523809523809523
45307 1.0
45332 1.0
45660 1.0
45781 1.0
45806 0.8333333333333334
45807 0.16666666666666666
45831 1.0
45927 0.8
45928 0.2
45932 1.0
45952 1.0
45957 1.0
46401 1.0
46406 1.0
46431 0.3333333333333333
46432 0.6666666666666666
46552 0.8571428571428571
46553 0.14285714285714285
46557 1.0
46678 1.0
46930 1.0
46935 1.0
46955 1.0
46960 1.0
46975 1.0
46980 1.0
46985 1.0
47555 1.0
47575 0.5
47576 0.5
47580 1.0
47600 0.8
47601 0.2
47605 1.0
47701 1.0
47726 1.0
48155 1.0
48175 1.0
48180 1.0
48201 1.0
48205 1.0
48225 0.5
48226 0.5
48326 0.9090909090909091
48327 0.09090909090909091
48351 1.0
48800 0.8
48801 0.2
48805 1.0
48926 1.0
48951 0.7948717948717948
48952 0.20512820512820512
48976 1.0
49077 1.0
49400 1.0
49426 1.0
49526 0.6666666666666666
49527 0.3333333333333333
49551 0.6666666666666666
49552 0.3333333333333333
49576 0.46153846153846156
49577 0.5384615384615384
49677 0.9545454545454546
49678 0.045454545454545456
49702 1.0
49803 1.0
50055 1.0
50060 1.0
50080 1.0
50085 1.0
50100 0.75
50101 0.25
50105 1.0
50110 1.0
50680 1.0
50700 0.3333333333333333
50701 0.6666666666666666
50705 1.0
50725 1.0
50730 1.0
50801 1.0
50826 1.0
50831 1.0
50851 1.0
50856 1.0
51280 1.0
51300 1.0
51305 1.0
51330 0.5
51331 0.5
51355 1.0
51451 1.0
51456 1.0
51476 1.0
51481 1.0
51577 1.0
51925 1.0
51930 1.0
52051 1.0
52076 0.9047619047619048
52077 0.09523809523809523
52081 1.0
52202 1.0
52525 1.0
52530 1.0
52555 1.0
52651 1.0
52676 0.8
52677 0.2
52701 0.6
52702 0.4
52802 0.9565217391304348
52803 0.043478260869565216
52827 0.8888888888888888
52828 0.1111111111111111
53180 1.0
53185 1.0
53205 0.8333333333333334
53206 0.16666666666666666
53230 1.0
53235 1.0
53356 1.0
53805 1.0
53810 1.0
53830 0.7272727272727273
53831 0.2727272727272727
53855 1.0
53951 1.0
53956 1.0
53976 1.0
53981 1.0
54405 1.0
54430 1.0
54576 0.9333333333333333
54577 0.06666666666666667
54581 1.0
54606 1.0
54702 1.0
55030 0.5
55031 0.5
55055 1.0
55151 1.0
55156 1.0
55176 0.875
55177 0.125
55181 1.0
55201 0.7333333333333333
55202 0.26666666666666666
55206 1.0
55302 1.0
55327 1.0
55651 1.0
55776 1.0
55781 1.0
55801 0.6
55802 0.4
55827 1.0
55831 1.0
55927 0.9411764705882353
55928 0.058823529411764705
55952 1.0
56053 1.0
56305 1.0
56310 1.0
56330 0.875
56331 0.125
56335 1.0
56355 1.0
56360 1.0
56456 1.0
56481 1.0
56905 1.0
56930 1.0
56935 1.0
56955 0.8181818181818182
56956 0.18181818181818182
56960 1.0
56980 1.0
57056 1.0
57076 1.0
57081 1.0
57101 1.0
57106 1.0
57555 1.0
57651 1.0
57676 1.0
57701 0.75
57702 0.25
57706 1.0
57731 1.0
57827 1.0
57832 1.0
58155 1.0
58281 1.0
58301 0.9
58302 0.1
58306 1.0
58326 0.6
58327 0.4
58331 1.0
58427 1.0
58452 1.0
58901 1.0
58906 1.0
58927 1.0
59052 0.75
59053 0.25
59077 1.0
59178 1.0
59430 1.0
59435 1.0
59455 0.6666666666666666
59456 0.3333333333333333
59460 1.0
59480 0.5
59481 0.5
59581 1.0
59606 1.0
59611 1.0
60030 1.0
60055 0.8571428571428571
60056 0.14285714285714285
60060 1.0
60080 1.0
60202 1.0
60206 1.0
60211 1.0
60231 1.0
60655 1.0
60680 1.0
60801 1.0
60806 1.0
60826 0.8
60827 0.2
60831 0.9
60832 0.1
60856 1.0
60927 1.0
60952 1.0
60957 1.0
61401 1.0
61406 1.0
61426 1.0
61431 0.875
61432 0.125
61451 1.0
61456 0.5
61457 0.5
61552 1.0
61557 1.0
61577 1.0
61582 1.0
61906 1.0
62026 1.0
62031 1.0
62051 0.6
62052 0.4
62177 0.8529411764705882
62178 0.14705882352941177
62182 1.0
62202 1.0
62303 1.0
62555 1.0
62560 1.0
62580 1.0
62585 1.0
62600 1.0
62605 1.0
63175 1.0
63180 1.0
63200 1.0
63205 1.0
63225 0.9
63226 0.1
63230 1.0
63351 1.0
63800 1.0
63805 1.0
63825 1.0
63850 0.7272727272727273
63851 0.2727272727272727
63951 0.9411764705882353
63952 0.058823529411764705
63976 1.0
64425 1.0
64451 1.0
64551 1.0
64576 0.8461538461538461
64577 0.15384615384615385
64601 1.0
64702 1.0
65025 1.0
65151 1.0
65177 1.0
65201 1.0
65302 0.8235294117647058
65303 0.17647058823529413
65327 0.9
65328 0.1
65428 1.0
65680 1.0
65685 1.0
65705 1.0
65725 1.0
65730 1.0
65735 1.0
66300 1.0
66305 1.0
66325 1.0
66330 1.0
66350 0.6842105263157895
66351 0.3157894736842105
66355 1.0
66451 1.0
66476 1.0
66905 1.0
66925 0.75
66926 0.25
66930 1.0
66950 0.75
66951 0.25
66980 1.0
67051 1.0
67076 0.92
67077 0.08
67101 1.0
67550 1.0
67555 1.0
67676 0.8333333333333334
67677 0.16666666666666666
67701 0.9047619047619048
67702 0.09523809523809523
67726 1.0
67802 1.0
67827 1.0
68150 0.6666666666666666
68151 0.3333333333333333
68155 1.0
68175 1.0
68301 0.7272727272727273
68302 0.2727272727272727
68326 1.0
68427 0.8846153846153846
68428 0.11538461538461539
68452 0.9
68453 0.1
68553 1.0
68805 1.0
68810 1.0
68830 1.0
68835 1.0
68850 1.0
68855 1.0
68860 1.0
68976 1.0
69425 1.0
69430 1.0
69435 1.0
69455 1.0
69480 0.9375
69481 0.0625
69576 1.0
69601 1.0
69606 1.0
70030 1.0
70050 1.0
70055 1.0
70076 1.0
70080 1.0
70176 1.0
70201 0.9523809523809523
70202 0.047619047619047616
70206 1.0
70226 1.0
70231 1.0
70675 0.5
70676 0.5
70680 1.0
70801 0.8571428571428571
70802 0.14285714285714285
70826 0.85
70827 0.15
70831 1.0
70927 1.0
70952 1.0
71275 0.5
71276 0.5
71280 1.0
71306 1.0
71401 1.0
71426 0.8571428571428571
71427 0.14285714285714285
71451 0.3333333333333333
71452 0.6666666666666666
71552 0.9130434782608695
71553 0.08695652173913043
71577 1.0
71678 1.0
71910 1.0
71930 1.0
71935 1.0
71955 0.8333333333333334
71956 0.16666666666666666
71960 1.0
71980 1.0
71985 1.0
72081 1.0
72106 1.0
72555 1.0
72560 1.0
72580 0.6666666666666666
72581 0.3333333333333333
72605 1.0
72701 1.0
72706 1.0
72726 1.0
72731 1.0
73176 1.0
73180 1.0
73301 1.0
73306 1.0
73326 1.0
73331 1.0
73351 1.0
73356 1.0
73452 1.0
73780 1.0
73801 1.0
73805 1.0
73901 1.0
73926 0.8888888888888888
73927 0.1111111111111111
73951 0.8823529411764706
73952 0.11764705882352941
73956 1.0
74052 0.8
74053 0.2
74077 1.0
74400 1.0
74406 1.0
74426 1.0
74526 1.0
74551 0.7142857142857143
74552 0.2857142857142857
74677 0.9629629629629629
74678 0.037037037037037035
74702 1.0
74803 1.0
75035 1.0
75055 1.0
75060 1.0
75080 1.0
75085 1.0
75105 1.0
75110 1.0
75206 1.0
75231 1.0
75655 1.0
75680 1.0
75705 0.8
75706 0.2
75730 1.0
75826 1.0
75831 1.0
75851 1.0
75856 1.0
76280 1.0
76305 1.0
76431 1.0
76451 0.8235294117647058
76452 0.17647058823529413
76456 1.0
76481 1.0
76577 1.0
76905 1.0
77026 1.0
77051 1.0
77076 0.7272727272727273
77077 0.2727272727272727
77081 1.0
77177 1.0
77202 1.0
77651 1.0
77656 1.0
77676 1.0
77701 1.0
77802 0.9655172413793104
77803 0.034482758620689655
77827 1.0
77928 1.0
