55 1.0
60 1.0
80 1.0
85 1.0
100 1.0
105 1.0
110 1.0
181 1.0
186 1.0
201 1.0
206 1.0
211 1.0
231 1.0
236 1.0
267 1.0
307 1.0
312 1.0
317 1.0
398 1.0
418 1.0
438 1.0
655 1.0
776 1.0
781 0.6666666666666666
782 0.3333333333333333
806 1.0
826 1.0
831 1.0
912 1.0
917 1.0
927 1.0
932 1.0
937 1.0
952 1.0
957 1.0
1038 1.0
1058 1.0
1144 1.0
1149 1.0
1169 1.0
1401 1.0
1406 1.0
1527 0.75
1528 0.25
1532 1.0
1552 0.8888888888888888
1553 0.1111111111111111
1557 0.8
1558 0.2
1653 1.0
1658 1.0
1663 1.0
1678 1.0
1683 1.0
1769 1.0
2001 1.0
2011 1.0
2026 1.0
2132 1.0
2152 0.75
2153 0.25
2157 1.0
2268 1.0
2278 0.8823529411764706
2279 0.11764705882352941
2283 1.0
2288 1.0
2394 1.0
2399 1.0
2404 1.0
2409 1.0
2414 1.0
2627 1.0
2752 1.0
2767 1.0
2772 1.0
2878 1.0
2888 1.0
2903 1.0
2908 1.0
3004 1.0
3009 1.0
3014 1.0
3019 1.0
3024 1.0
3029 1.0
3034 1.0
3039 1.0
3160 1.0
3185 1.0
3210 1.0
3281 1.0
3286 1.0
3291 1.0
3306 1.0
3311 1.0
3331 1.0
3336 1.0
3356 1.0
3361 1.0
3412 1.0
3417 1.0
3437 1.0
3457 1.0
3523 1.0
3543 1.0
3785 1.0
3810 1.0
3906 1.0
3911 1.0
3931 0.5
3932 0.5
3937 1.0
3956 1.0
4017 1.0
4022 1.0
4052 1.0
4057 0.9130434782608695
4058 0.08695652173913043
4062 1.0
4082 1.0
4143 1.0
4163 1.0
4168 1.0
4183 1.0
4274 1.0
4531 1.0
4652 1.0
4657 1.0
4667 1.0
4677 1.0
4682 1.0
4778 1.0
4783 1.0
4788 1.0
4803 1.0
4894 1.0
4899 1.0
4914 1.0
4919 1.0
5127 1.0
5131 1.0
5136 1.0
5151 1.0
5257 1.0
5277 0.75
5278 0.25
5282 1.0
5388 1.0
5403 0.9333333333333333
5404 0.06666666666666667
5408 0.8333333333333334
5409 0.16666666666666666
5413 1.0
5514 1.0
5524 1.0
5529 1.0
5539 1.0
5751 1.0
5756 1.0
5761 1.0
5877 1.0
5882 1.0
5887 1.0
5897 1.0
5907 1.0
6003 1.0
6008 1.0
6013 1.0
6018 1.0
6028 1.0
6033 1.0
6129 1.0
6139 1.0
6144 1.0
6149 1.0
6154 1.0
6159 1.0
6285 1.0
6391 1.0
6411 1.0
6416 1.0
6431 1.0
6436 1.0
6461 1.0
6517 1.0
6537 1.0
6557 1.0
6562 1.0
6567 1.0
6582 1.0
6587 1.0
6648 1.0
6663 1.0
6668 1.0
6693 1.0
6774 1.0
7016 1.0
7031 1.0
7036 1.0
7142 1.0
7162 1.0
7167 1.0
7182 0.8571428571428571
7183 0.14285714285714285
7187 1.0
7207 1.0
7268 1.0
7273 1.0
7283 1.0
7288 1.0
7293 1.0
7308 1.0
7394 1.0
7399 1.0
7631 1.0
7656 1.0
7762 1.0
7767 1.0
7772 1.0
7782 1.0
7787 1.0
7888 1.0
7893 1.0
7898 1.0
7903 1.0
7908 1.0
7913 1.0
7933 1.0
8019 1.0
8044 1.0
8251 1.0
8256 1.0
8382 1.0
8387 1.0
8392 1.0
8407 1.0
8513 1.0
8528 1.0
8533 1.0
8538 1.0
8644 1.0
8649 1.0
8654 1.0
8659 1.0
8664 1.0
8669 1.0
8877 1.0
8886 1.0
9002 1.0
9007 1.0
9012 1.0
9017 1.0
9128 1.0
9133 1.0
9138 1.0
9153 0.8888888888888888
9154 0.1111111111111111
9158 0.8571428571428571
9159 0.14285714285714285
9254 1.0
9259 1.0
9264 1.0
9269 1.0
9274 1.0
9279 1.0
9284 1.0
9289 1.0
9415 1.0
9516 1.0
9536 1.0
9541 1.0
9561 1.0
9586 1.0
9667 1.0
9682 1.0
9687 1.0
9692 1.0
9712 1.0
9773 1.0
9788 1.0
9793 1.0
9798 1.0
9899 1.0
9919 1.0
10156 1.0
10161 1.0
10267 1.0
10272 1.0
10282 1.0
10287 1.0
10307 1.0
10312 1.0
10332 1.0
10393 1.0
10408 1.0
10413 1.0
10418 1.0
10433 1.0
10519 1.0
10524 1.0
10544 1.0
10756 1.0
10761 1.0
10781 1.0
10786 1.0
10892 1.0
10907 1.0
10932 1.0
11033 1.0
11038 1.0
11043 1.0
11058 1.0
11144 1.0
11149 1.0
11406 1.0
11507 1.0
11517 1.0
11638 0.6666666666666666
11639 0.3333333333333333
11643 1.0
11653 1.0
11658 1.0
11663 1.0
11764 1.0
11774 1.0
11779 1.0
11784 1.0
12006 1.0
12127 1.0
12132 1.0
12137 1.0
12157 1.0
12253 1.0
12258 1.0
12268 1.0
12278 1.0
12283 1.0
12379 1.0
12384 1.0
12394 1.0
12399 1.0
12404 1.0
12409 1.0
12414 1.0
12641 1.0
12646 1.0
12661 1.0
12666 1.0
12686 1.0
12691 1.0
12711 1.0
12767 1.0
12772 1.0
12792 1.0
12807 1.0
12812 1.0
12817 1.0
12837 1.0
12893 1.0
12918 1.0
12938 1.0
13024 1.0
13266 1.0
13286 1.0
13392 1.0
13407 1.0
13412 1.0
13432 0.5
13433 0.5
13437 1.0
13518 1.0
13523 1.0
13533 1.0
13538 1.0
13543 1.0
13558 1.0
13644 1.0
13649 1.0
13664 1.0
13669 1.0
13886 1.0
13891 1.0
14017 1.0
14032 1.0
14037 1.0
14143 1.0
14153 1.0
14158 1.0
14163 1.0
14168 1.0
14183 1.0
14269 1.0
14274 1.0
14284 1.0
14289 1.0
14294 1.0
14511 1.0
14632 1.0
14637 1.0
14642 1.0
14657 1.0
14763 1.0
14768 1.0
14778 1.0
14783 1.0
14889 1.0
14894 1.0
14899 1.0
14904 1.0
14909 1.0
14914 1.0
15131 1.0
15257 1.0
15262 1.0
15378 1.0
15383 1.0
15388 1.0
15403 1.0
15408 0.8333333333333334
15409 0.16666666666666666
15504 1.0
15509 1.0
15514 1.0
15519 1.0
15529 1.0
15534 1.0
15539 1.0
15680 1.0
15685 1.0
15700 1.0
15705 1.0
15710 1.0
15725 1.0
15730 1.0
15735 1.0
15826 1.0
15831 1.0
15851 1.0
16275 1.0
16280 1.0
16300 1.0
16305 1.0
16330 1.0
16351 1.0
16401 1.0
16426 0.9230769230769231
16427 0.07692307692307693
16451 1.0
16476 1.0
16552 0.9333333333333333
16553 0.06666666666666667
16577 1.0
16678 1.0
16900 1.0
17026 1.0
17052 1.0
17152 0.6666666666666666
17153 0.3333333333333333
17177 0.88
17178 0.12
17278 1.0
17303 1.0
17404 1.0
17627 1.0
17651 1.0
17752 1.0
17777 0.875
17778 0.125
17878 0.6666666666666666
17879 0.3333333333333333
17903 0.9444444444444444
17904 0.05555555555555555
18004 1.0
18029 1.0
18377 0.75
18378 0.25
18503 0.9333333333333333
18504 0.06666666666666667
18528 0.8571428571428571
18529 0.14285714285714285
18629 1.0
18654 1.0
18780 1.0
18785 1.0
18805 0.75
18806 0.25
18810 1.0
18830 1.0
18855 0.75
18856 0.25
18951 1.0
18956 1.0
18961 1.0
18981 1.0
18986 1.0
19405 1.0
19430 1.0
19526 1.0
19551 0.6666666666666666
19552 0.3333333333333333
19556 1.0
19576 1.0
19581 1.0
19677 0.9090909090909091
19678 0.09090909090909091
19682 1.0
19702 1.0
20151 1.0
20156 1.0
20176 1.0
20277 0.8
20278 0.2
20302 1.0
20403 0.875
20404 0.125
20428 1.0
20529 1.0
20751 1.0
20776 1.0
20877 1.0
20902 0.5
20903 0.5
21003 1.0
21028 0.9523809523809523
21029 0.047619047619047616
21129 1.0
21154 1.0
21376 1.0
21502 1.0
21527 1.0
21628 0.8
21629 0.2
21653 1.0
21754 1.0
21779 1.0
21905 1.0
21910 1.0
21930 1.0
21935 1.0
21955 1.0
21960 1.0
22056 1.0
22081 1.0
22086 1.0
22106 1.0
22111 1.0
22182 1.0
22207 1.0
22530 1.0
22535 1.0
22651 1.0
22656 1.0
22676 0.6666666666666666
22677 0.3333333333333333
22681 1.0
22706 1.0
22802 1.0
22807 1.0
22827 1.0
22832 1.0
23276 1.0
23281 1.0
23402 0.7692307692307693
23403 0.23076923076923078
23427 0.9
23428 0.1
23528 0.9230769230769231
23529 0.07692307692307693
23553 1.0
23654 1.0
23901 1.0
24002 1.0
24027 0.8
24028 0.2
24153 0.9705882352941176
24154 0.029411764705882353
24254 1.0
24279 1.0
24501 1.0
24627 0.8333333333333334
24628 0.16666666666666666
24753 0.8571428571428571
24754 0.14285714285714285
24778 1.0
24879 1.0
24904 1.0
25030 1.0
25035 1.0
25060 1.0
25161 1.0
25181 1.0
25186 1.0
25206 1.0
25211 1.0
25307 1.0
25332 1.0
25337 1.0
25781 1.0
25806 0.8333333333333334
25807 0.16666666666666666
25831 1.0
25927 0.8888888888888888
25928 0.1111111111111111
25932 1.0
26053 1.0
26058 1.0
26280 1.0
26401 1.0
26406 1.0
26527 1.0
26532 1.0
26552 0.8571428571428571
26553 0.14285714285714285
26557 1.0
26653 0.9230769230769231
26654 0.07692307692307693
26678 1.0
27001 1.0
27026 1.0
27127 1.0
27152 0.8333333333333334
27153 0.16666666666666666
27278 0.9333333333333333
27279 0.06666666666666667
27404 1.0
27626 1.0
27752 1.0
27878 0.875
27879 0.125
27903 0.9
27904 0.1
28004 1.0
28029 1.0
28155 1.0
28160 1.0
28286 1.0
28306 1.0
28311 1.0
28331 1.0
28336 1.0
28341 1.0
28432 1.0
28457 1.0
28462 1.0
28780 1.0
28906 1.0
28911 1.0
28931 0.8571428571428571
28932 0.14285714285714285
28956 0.6666666666666666
28957 0.3333333333333333
29027 1.0
29052 1.0
29057 0.96
29058 0.04
29062 1.0
29082 1.0
29178 1.0
29183 1.0
29526 1.0
29531 1.0
29652 1.0
29657 0.5
29658 0.5
29677 1.0
29682 1.0
29778 1.0
29803 1.0
29808 1.0
30252 1.0
30277 0.6666666666666666
30278 0.3333333333333333
30403 0.9722222222222222
30404 0.027777777777777776
30408 1.0
30529 1.0
30751 1.0
30877 1.0
31003 1.0
31028 1.0
31129 1.0
31154 1.0
31280 1.0
31300 1.0
31305 1.0
31310 1.0
31325 0.8333333333333334
31326 0.16666666666666666
31330 1.0
31350 1.0
31355 1.0
31451 1.0
31476 1.0
31900 1.0
31925 1.0
31950 1.0
31975 1.0
32026 1.0
32051 0.8571428571428571
32052 0.14285714285714285
32076 0.9473684210526315
32077 0.05263157894736842
32101 1.0
32177 1.0
32202 1.0
32525 1.0
32651 1.0
32676 1.0
32777 1.0
32802 1.0
32903 0.9333333333333333
32904 0.06666666666666667
32928 1.0
33029 1.0
33251 0.6666666666666666
33252 0.3333333333333333
33377 1.0
33402 1.0
33503 1.0
33528 0.9375
33529 0.0625
33629 1.0
33654 1.0
34002 0.8571428571428571
34003 0.14285714285714285
34128 0.9166666666666666
34129 0.08333333333333333
34153 0.5
34154 0.5
34254 1.0
34405 1.0
34430 1.0
34435 1.0
34455 1.0
34475 1.0
34480 1.0
34485 1.0
34576 1.0
34581 1.0
34601 1.0
34606 1.0
35025 1.0
35030 1.0
35050 0.8
35051 0.2
35151 1.0
35176 0.9166666666666666
35177 0.08333333333333333
35201 0.9583333333333334
35202 0.041666666666666664
35206 1.0
35302 0.9166666666666666
35303 0.08333333333333333
35327 1.0
35428 1.0
35776 1.0
35902 1.0
35927 0.8571428571428571
35928 0.14285714285714285
36028 1.0
36053 1.0
36154 1.0
36376 1.0
36401 1.0
36502 1.0
36527 1.0
36628 0.5
36629 0.5
36653 1.0
36754 1.0
36779 1.0
37001 1.0
37127 1.0
37253 1.0
37379 1.0
37535 1.0
37555 1.0
37560 1.0
37580 1.0
37585 1.0
37605 1.0
37676 1.0
37701 0.75
37702 0.25
37706 1.0
37726 1.0
37731 1.0
38155 1.0
38175 1.0
38276 1.0
38301 0.8571428571428571
38302 0.14285714285714285
38326 0.875
38327 0.125
38331 1.0
38351 1.0
38427 0.9
38428 0.1
38452 1.0
38901 1.0
38926 1.0
39027 0.7777777777777778
39028 0.2222222222222222
39052 1.0
39153 1.0
39178 1.0
39279 1.0
39501 1.0
39627 1.0
39652 0.6666666666666666
39653 0.3333333333333333
39753 1.0
39778 0.92
39779 0.08
39879 1.0
39904 1.0
40126 1.0
40252 1.0
40378 1.0
40403 0.6666666666666666
40404 0.3333333333333333
40504 1.0
40529 1.0
40655 1.0
40660 1.0
40680 0.75
40681 0.25
40685 1.0
40705 1.0
40710 1.0
40735 0.5
40736 0.5
40806 1.0
40827 1.0
40831 1.0
40836 1.0
40856 1.0
40952 1.0
41280 1.0
41401 1.0
41406 1.0
41426 0.9
41427 0.1
41431 1.0
41451 0.5
41452 0.5
41456 1.0
41552 0.9285714285714286
41553 0.07142857142857142
41577 1.0
41678 1.0
41905 1.0
42001 1.0
42026 1.0
42031 1.0
42052 1.0
42152 0.8571428571428571
42153 0.14285714285714285
42177 1.0
42278 0.9166666666666666
42279 0.08333333333333333
42303 1.0
42626 1.0
42651 1.0
42752 1.0
42777 1.0
42903 0.8571428571428571
42904 0.14285714285714285
43029 1.0
43251 0.6666666666666666
43252 0.3333333333333333
43377 1.0
43503 0.8947368421052632
43504 0.10526315789473684
43528 0.8333333333333334
43529 0.16666666666666666
43629 1.0
43654 1.0
43780 1.0
43805 1.0
43810 1.0
43835 1.0
43860 1.0
43931 1.0
43956 1.0
43961 1.0
43981 1.0
43986 1.0
44077 1.0
44082 1.0
44405 1.0
44526 1.0
44531 1.0
44551 0.6666666666666666
44552 0.3333333333333333
44556 1.0
44576 1.0
44581 0.6666666666666666
44582 0.3333333333333333
44677 1.0
44702 1.0
44707 1.0
44803 1.0
45151 1.0
45156 1.0
45277 0.7142857142857143
45278 0.2857142857142857
45302 0.6666666666666666
45303 0.3333333333333333
45403 0.875
45404 0.125
45428 1.0
45529 1.0
45751 1.0
45776 1.0
45877 1.0
45902 0.6
45903 0.4
46003 1.0
46028 0.8947368421052632
46029 0.10526315789473684
46154 1.0
46376 0.75
46377 0.25
46502 1.0
46628 0.9166666666666666
46629 0.08333333333333333
46653 1.0
46754 1.0
46779 1.0
46925 1.0
46930 1.0
46950 1.0
46955 1.0
46960 1.0
46975 1.0
46980 1.0
46985 1.0
47076 1.0
47101 1.0
47550 1.0
47651 1.0
47676 0.6666666666666666
47677 0.3333333333333333
47701 0.9
47702 0.1
47726 1.0
47802 0.9166666666666666
47803 0.08333333333333333
47827 1.0
47928 1.0
48276 1.0
48302 1.0
48377 1.0
48402 1.0
48427 0.875
48428 0.125
48528 0.9166666666666666
48529 0.08333333333333333
48553 1.0
48654 1.0
48876 1.0
48901 1.0
49002 1.0
49027 1.0
49128 1.0
49153 0.875
49154 0.125
49254 1.0
49279 1.0
49627 1.0
49753 0.8888888888888888
49754 0.1111111111111111
49879 1.0
50050 1.0
50055 1.0
50060 1.0
50075 1.0
50080 1.0
50100 1.0
50105 1.0
50110 1.0
50201 1.0
50226 1.0
50650 1.0
50675 1.0
50801 1.0
50826 1.0
50851 1.0
50902 1.0
50927 1.0
50952 1.0
51053 1.0
51275 1.0
51401 1.0
51426 1.0
51527 0.875
51528 0.125
51552 1.0
51653 1.0
51678 1.0
51779 1.0
52002 1.0
52026 1.0
52127 1.0
52152 1.0
52253 1.0
52278 1.0
52379 1.0
52404 1.0
52626 0.6666666666666666
52627 0.3333333333333333
52752 1.0
52878 0.875
52879 0.125
53004 1.0
53175 1.0
53180 1.0
53205 1.0
53230 1.0
53235 1.0
53326 1.0
53351 1.0
53356 1.0
53776 1.0
53800 1.0
53805 1.0
53901 1.0
53926 1.0
53951 1.0
53956 1.0
53976 1.0
54052 1.0
54077 1.0
54400 1.0
54526 1.0
54652 1.0
54677 0.9090909090909091
54678 0.09090909090909091
54778 1.0
54803 1.0
54904 1.0
54929 1.0
55126 1.0
55252 1.0
55277 0.5
55278 0.5
55378 1.0
55403 1.0
55504 1.0
55529 1.0
55877 1.0
56003 1.0
56028 1.0
56129 1.0
56305 1.0
56330 1.0
56335 1.0
56355 1.0
56360 1.0
56451 1.0
56456 1.0
56476 1.0
56481 1.0
56577 1.0
56900 1.0
56905 1.0
56930 1.0
57026 1.0
57051 1.0
57076 1.0
57081 1.0
57177 1.0
57202 1.0
57303 1.0
57525 1.0
57651 0.8571428571428571
57652 0.14285714285714285
57777 0.8
57778 0.2
57802 0.8
57803 0.2
57903 1.0
57928 1.0
58029 1.0
58251 1.0
58276 1.0
58377 1.0
58402 1.0
58503 0.75
58504 0.25
58528 0.9047619047619048
58529 0.09523809523809523
58629 1.0
58654 1.0
59002 1.0
59128 1.0
59254 1.0
59430 0.5
59431 0.5
59435 1.0
59460 1.0
59576 1.0
59581 1.0
59606 1.0
60030 1.0
60055 1.0
60151 1.0
60176 1.0
60181 1.0
60201 1.0
60206 1.0
60302 1.0
60327 1.0
60428 1.0
60776 1.0
60902 0.6
60903 0.4
60927 0.8
60928 0.2
61028 1.0
61053 0.9230769230769231
61054 0.07692307692307693
61154 1.0
61502 1.0
61527 1.0
61628 1.0
61653 0.9444444444444444
61654 0.05555555555555555
61754 1.0
61779 1.0
62001 1.0
62127 1.0
62253 0.8333333333333334
62254 0.16666666666666666
62278 0.5
62279 0.5
62379 1.0
62550 1.0
62555 1.0
62560 1.0
62575 1.0
62600 1.0
62605 1.0
62701 1.0
62726 1.0
63150 1.0
63175 1.0
63200 0.6666666666666666
63201 0.3333333333333333
63225 1.0
63301 1.0
63326 0.8235294117647058
63327 0.17647058823529413
63351 1.0
63427 1.0
63452 1.0
63553 1.0
63775 0.75
63776 0.25
63901 0.5
63902 0.5
64027 0.8571428571428571
64028 0.14285714285714285
64052 0.6153846153846154
64053 0.38461538461538464
64153 0.9285714285714286
64154 0.07142857142857142
64178 1.0
64279 1.0
64627 0.8888888888888888
64628 0.1111111111111111
64753 0.6666666666666666
64754 0.3333333333333333
64778 0.9411764705882353
64779 0.058823529411764705
64879 1.0
64904 1.0
65126 1.0
65252 1.0
65378 0.75
65379 0.25
65504 1.0
65675 1.0
65680 1.0
65700 1.0
65705 1.0
65725 1.0
65730 1.0
65735 1.0
65826 1.0
65851 1.0
66275 1.0
66300 1.0
66401 1.0
66426 1.0
66451 1.0
66552 1.0
66577 1.0
66678 1.0
66900 1.0
67026 1.0
67127 1.0
67152 1.0
67177 1.0
67278 0.9523809523809523
67279 0.047619047619047616
67303 1.0
67404 1.0
67651 1.0
67752 1.0
67777 1.0
67878 0.75
67879 0.25
67903 0.875
67904 0.125
68004 1.0
68029 1.0
68251 1.0
68377 1.0
68503 0.8333333333333334
68504 0.16666666666666666
68629 1.0
68800 1.0
68805 1.0
68810 1.0
68825 1.0
68830 1.0
68835 1.0
68850 1.0
68855 1.0
68951 1.0
68956 1.0
68976 1.0
68981 1.0
69425 1.0
69430 1.0
69526 1.0
69551 1.0
69576 0.8888888888888888
69577 0.1111111111111111
69601 1.0
69677 0.8333333333333334
69678 0.16666666666666666
69702 1.0
70025 1.0
70127 1.0
70151 1.0
70277 0.8333333333333334
70278 0.16666666666666666
70302 0.9166666666666666
70303 0.08333333333333333
70403 0.9166666666666666
70404 0.08333333333333333
70428 1.0
70751 1.0
70877 1.0
70902 0.8
70903 0.2
71003 1.0
71028 0.9333333333333333
71029 0.06666666666666667
71129 1.0
71154 1.0
71376 1.0
71502 1.0
71628 0.8571428571428571
71629 0.14285714285714285
71754 1.0
71905 1.0
71930 1.0
71935 1.0
71955 1.0
71960 1.0
71980 1.0
71985 1.0
72051 1.0
72076 1.0
72081 1.0
72101 1.0
72106 1.0
72202 1.0
72525 1.0
72530 1.0
72550 1.0
72676 0.6666666666666666
72677 0.3333333333333333
72701 0.9090909090909091
72702 0.09090909090909091
72802 0.8571428571428571
72803 0.14285714285714285
72827 1.0
72928 1.0
73276 0.7142857142857143
73277 0.2857142857142857
73402 1.0
73427 0.8571428571428571
73428 0.14285714285714285
73528 1.0
73553 1.0
73654 1.0
73876 1.0
73901 1.0
74002 1.0
74027 1.0
74128 1.0
74153 0.85
74154 0.15
74254 1.0
74279 1.0
74501 1.0
74627 1.0
74753 0.6
74754 0.4
74879 1.0
75035 1.0
75055 1.0
75060 1.0
75080 0.9090909090909091
75081 0.09090909090909091
75085 1.0
75105 1.0
75110 1.0
75176 1.0
75201 1.0
75206 1.0
75226 1.0
75231 1.0
75327 1.0
75651 1.0
75776 1.0
75801 1.0
75826 1.0
75831 1.0
75927 0.9230769230769231
75928 0.07692307692307693
75952 1.0
76053 1.0
76275 1.0
76401 1.0
76527 0.75
76528 0.25
76552 1.0
76653 0.7777777777777778
76654 0.2222222222222222
76678 1.0
76779 1.0
77001 1.0
77026 1.0
77127 1.0
77253 1.0
77278 1.0
77379 1.0
77404 1.0
77752 1.0
77878 1.0
78004 1.0
