270 0.42857142857142855
271 0.5714285714285714
520 0.6285714285714286
521 0.37142857142857144
895 0.8571428571428571
896 0.14285714285714285
1145 0.5853658536585366
1146 0.4146341463414634
1520 0.9
1521 0.1
1770 0.5
1771 0.5
2145 0.6666666666666666
2146 0.3333333333333333
2395 0.5641025641025641
2396 0.4358974358974359
2770 1.0
3020 0.6756756756756757
3021 0.32432432432432434
3395 0.9166666666666666
3396 0.08333333333333333
3645 0.45454545454545453
3646 0.5454545454545454
4020 0.8
4021 0.2
4270 0.46153846153846156
4271 0.5384615384615384
4645 0.3333333333333333
4646 0.6666666666666666
4895 0.40625
4896 0.59375
5270 0.5714285714285714
5271 0.42857142857142855
5520 0.5945945945945946
5521 0.40540540540540543
5895 0.6363636363636364
5896 0.36363636363636365
6145 0.6888888888888889
6146 0.3111111111111111
6520 0.9285714285714286
6521 0.07142857142857142
6770 0.6388888888888888
6771 0.3611111111111111
7145 0.5555555555555556
7146 0.4444444444444444
7395 0.5
7396 0.5
7770 0.8181818181818182
7771 0.18181818181818182
8020 0.7027027027027027
8021 0.2972972972972973
8395 0.8571428571428571
8396 0.14285714285714285
8645 0.5789473684210527
8646 0.42105263157894735
9020 0.8181818181818182
9021 0.18181818181818182
9270 0.5405405405405406
9271 0.4594594594594595
9645 0.7142857142857143
9646 0.2857142857142857
9895 0.7297297297297297
9896 0.2702702702702703
10270 1.0
10520 0.625
10521 0.375
10895 1.0
11145 0.6486486486486487
11146 0.35135135135135137
11520 0.8333333333333334
11521 0.16666666666666666
11770 0.6666666666666666
11771 0.3333333333333333
12145 0.8571428571428571
12146 0.14285714285714285
12395 0.625
12396 0.375
12770 0.9
12771 0.1
13020 0.6052631578947368
13021 0.39473684210526316
13395 0.9090909090909091
13396 0.09090909090909091
13645 0.5555555555555556
13646 0.4444444444444444
14020 0.42857142857142855
14021 0.5714285714285714
14270 0.6
14271 0.4
14645 0.8571428571428571
14646 0.14285714285714285
14895 0.7297297297297297
14896 0.2702702702702703
15270 0.75
15271 0.25
15520 0.4878048780487805
15521 0.5121951219512195
15895 0.14285714285714285
15896 0.8571428571428571
16145 0.038461538461538464
16146 0.6153846153846154
16147 0.34615384615384615
16520 0.2727272727272727
16521 0.7272727272727273
16771 0.7090909090909091
16772 0.2909090909090909
17145 0.2857142857142857
17146 0.7142857142857143
17395 0.022727272727272728
17396 0.8181818181818182
17397 0.1590909090909091
17770 0.125
17771 0.875
18021 0.8245614035087719
18022 0.17543859649122806
18395 0.6
18396 0.4
18645 0.01818181818181818
18646 0.7636363636363637
18647 0.21818181818181817
19020 0.4444444444444444
19021 0.5555555555555556
19271 0.8064516129032258
19272 0.1935483870967742
19645 0.4
19646 0.6
19895 0.025
19896 0.625
19897 0.35
20270 0.8
20271 0.2
20521 0.725
20522 0.275
20895 0.38461538461538464
20896 0.6153846153846154
21146 0.8
21147 0.2
21520 0.75
21521 0.25
21771 0.7619047619047619
21772 0.23809523809523808
22145 0.4117647058823529
22146 0.5882352941176471
22396 0.7906976744186046
22397 0.20930232558139536
22770 0.16666666666666666
22771 0.8333333333333334
23021 0.717948717948718
23022 0.28205128205128205
23395 0.4444444444444444
23396 0.5555555555555556
23646 0.7560975609756098
23647 0.24390243902439024
24021 1.0
24271 0.7333333333333333
24272 0.26666666666666666
24645 0.125
24646 0.875
24896 0.825
24897 0.175
25270 0.6666666666666666
25271 0.3333333333333333
25521 0.8536585365853658
25522 0.14634146341463414
25895 0.4444444444444444
25896 0.5555555555555556
26145 0.02857142857142857
26146 0.8285714285714286
26147 0.14285714285714285
26520 0.5
26521 0.5
26771 0.8484848484848485
26772 0.15151515151515152
27145 0.4
27146 0.6
27396 0.8205128205128205
27397 0.1794871794871795
27770 0.5555555555555556
27771 0.4444444444444444
28020 0.02564102564102564
28021 0.7948717948717948
28022 0.1794871794871795
28395 0.6666666666666666
28396 0.3333333333333333
28646 0.6190476190476191
28647 0.38095238095238093
29020 0.16666666666666666
29021 0.8333333333333334
29271 0.7608695652173914
29272 0.2391304347826087
29645 0.6
29646 0.4
29896 0.75
29897 0.25
30271 1.0
30521 0.8653846153846154
30522 0.1346153846153846
30896 1.0
31145 0.038461538461538464
31146 0.7692307692307693
31147 0.19230769230769232
31520 0.16666666666666666
31521 0.5
31522 0.3333333333333333
31771 0.21212121212121213
31772 0.7878787878787878
32146 1.0
32396 0.16279069767441862
32397 0.813953488372093
32398 0.023255813953488372
32770 0.09090909090909091
32771 0.9090909090909091
33021 0.1794871794871795
33022 0.8205128205128205
33396 1.0
33646 0.2558139534883721
33647 0.7441860465116279
34020 0.08333333333333333
34021 0.9166666666666666
34271 0.1702127659574468
34272 0.8085106382978723
34273 0.02127659574468085
34645 0.125
34646 0.875
34896 0.058823529411764705
34897 0.8529411764705882
34898 0.08823529411764706
35270 0.07142857142857142
35271 0.9285714285714286
35521 0.16666666666666666
35522 0.8333333333333334
35895 0.125
35896 0.875
36146 0.19444444444444445
36147 0.8055555555555556
36521 1.0
36771 0.3617021276595745
36772 0.6382978723404256
37146 1.0
37396 0.2
37397 0.8
37770 0.09090909090909091
37771 0.8181818181818182
37772 0.09090909090909091
38021 0.24242424242424243
38022 0.7272727272727273
38023 0.030303030303030304
38396 0.8571428571428571
38397 0.14285714285714285
38646 0.28125
38647 0.71875
39020 0.14285714285714285
39021 0.7142857142857143
39022 0.14285714285714285
39271 0.20454545454545456
39272 0.7954545454545454
39645 0.2
39646 0.8
39896 0.3076923076923077
39897 0.6923076923076923
40271 0.8
40272 0.2
40521 0.2702702702702703
40522 0.7297297297297297
40895 0.09090909090909091
40896 0.8181818181818182
40897 0.09090909090909091
41146 0.20588235294117646
41147 0.7941176470588235
41521 1.0
41771 0.17073170731707318
41772 0.8048780487804879
41773 0.024390243902439025
42145 0.25
42146 0.75
42396 0.2682926829268293
42397 0.7317073170731707
42771 1.0
43021 0.2857142857142857
43022 0.7142857142857143
43395 0.1
43396 0.8
43397 0.1
43646 0.3508771929824561
43647 0.6491228070175439
44021 1.0
44271 0.24390243902439024
44272 0.7560975609756098
44646 0.8333333333333334
44647 0.16666666666666666
44896 0.4
44897 0.6
45271 1.0
45521 0.23076923076923078
45522 0.7692307692307693
45896 1.0
46146 0.45161290322580644
46147 0.5483870967741935
46520 0.09090909090909091
46521 0.9090909090909091
46771 0.28205128205128205
46772 0.717948717948718
47146 0.6666666666666666
47147 0.3333333333333333
47397 0.7441860465116279
47398 0.2558139534883721
47771 0.75
47772 0.25
48022 0.6666666666666666
48023 0.3333333333333333
48396 1.0
48646 0.02127659574468085
48647 0.7446808510638298
48648 0.23404255319148937
49021 0.7272727272727273
49022 0.2727272727272727
49272 0.78
49273 0.22
49646 0.8333333333333334
49647 0.16666666666666666
49896 0.016666666666666666
49897 0.7333333333333333
49898 0.25
50271 0.8
50272 0.2
50522 0.627906976744186
50523 0.37209302325581395
50896 0.6
50897 0.4
51147 0.7777777777777778
51148 0.2222222222222222
51521 0.5
51522 0.5
51771 0.02631578947368421
51772 0.7105263157894737
51773 0.2631578947368421
52146 0.875
52147 0.125
52397 0.875
52398 0.125
52771 0.8571428571428571
52772 0.14285714285714285
53022 0.8723404255319149
53023 0.1276595744680851
53396 0.8333333333333334
53397 0.16666666666666666
53647 0.5757575757575758
53648 0.42424242424242425
54021 0.75
54022 0.25
54272 0.6976744186046512
54273 0.3023255813953488
54646 0.8333333333333334
54647 0.16666666666666666
54897 0.8275862068965517
54898 0.1724137931034483
55271 0.6666666666666666
55272 0.3333333333333333
55522 0.8285714285714286
55523 0.17142857142857143
55896 0.7777777777777778
55897 0.2222222222222222
56147 0.8787878787878788
56148 0.12121212121212122
56521 0.5
56522 0.5
56772 0.7727272727272727
56773 0.22727272727272727
57146 0.8333333333333334
57147 0.16666666666666666
57396 0.020833333333333332
57397 0.875
57398 0.10416666666666667
57771 1.0
58021 0.02702702702702703
58022 0.8108108108108109
58023 0.16216216216216217
58396 0.8
58397 0.2
58646 0.044444444444444446
58647 0.7555555555555555
58648 0.2
59021 0.6
59022 0.4
59272 0.7948717948717948
59273 0.20512820512820512
59646 0.25
59647 0.75
59897 0.6666666666666666
59898 0.3333333333333333
60271 0.9
60272 0.1
60522 0.7894736842105263
60523 0.21052631578947367
60896 0.8571428571428571
60897 0.14285714285714285
61147 0.851063829787234
61148 0.14893617021276595
61521 1.0
61771 0.029411764705882353
61772 0.7941176470588235
61773 0.17647058823529413
62146 0.8
62147 0.2
62396 0.045454545454545456
62397 0.9090909090909091
62398 0.045454545454545456
62771 0.5714285714285714
62772 0.42857142857142855
63022 0.25
63023 0.75
63396 0.5
63397 0.5
63647 0.22448979591836735
63648 0.7755102040816326
64021 0.5454545454545454
64022 0.45454545454545453
64272 0.3902439024390244
64273 0.6097560975609756
64646 0.3333333333333333
64647 0.6666666666666666
64897 0.35714285714285715
64898 0.6428571428571429
65271 0.8571428571428571
65272 0.14285714285714285
65522 0.38235294117647056
65523 0.6176470588235294
65896 0.6666666666666666
65897 0.3333333333333333
66147 0.5116279069767442
66148 0.4883720930232558
66521 0.6666666666666666
66522 0.3333333333333333
66772 0.2553191489361702
66773 0.7446808510638298
67146 0.36363636363636365
67147 0.6363636363636364
67397 0.3142857142857143
67398 0.6857142857142857
67771 0.7142857142857143
67772 0.2857142857142857
68022 0.37142857142857144
68023 0.6285714285714286
68396 0.625
68397 0.375
68647 0.4791666666666667
68648 0.5208333333333334
69021 0.875
69022 0.125
69272 0.2857142857142857
69273 0.7142857142857143
69646 0.7142857142857143
69647 0.2857142857142857
69897 0.3611111111111111
69898 0.6388888888888888
70271 0.7272727272727273
70272 0.2727272727272727
70522 0.45161290322580644
70523 0.5483870967741935
70896 0.42857142857142855
70897 0.5714285714285714
71147 0.5714285714285714
71148 0.42857142857142855
71521 0.6666666666666666
71522 0.3333333333333333
71772 0.5714285714285714
71773 0.42857142857142855
72146 0.5454545454545454
72147 0.45454545454545453
72397 0.34210526315789475
72398 0.6578947368421053
72771 0.75
72772 0.25
73022 0.5428571428571428
73023 0.45714285714285713
73396 0.38461538461538464
73397 0.6153846153846154
73647 0.425
73648 0.575
74021 0.4444444444444444
74022 0.5555555555555556
74272 0.5526315789473685
74273 0.4473684210526316
74646 0.625
74647 0.375
74897 0.6097560975609756
74898 0.3902439024390244
75271 0.46153846153846156
75272 0.5384615384615384
75522 0.4107142857142857
75523 0.5892857142857143
75896 0.16666666666666666
75897 0.8333333333333334
76147 0.36585365853658536
76148 0.6341463414634146
76521 0.45454545454545453
76522 0.5454545454545454
76772 0.42105263157894735
76773 0.5789473684210527
77146 1.0
77397 0.59375
77398 0.40625
77771 0.14285714285714285
77772 0.8571428571428571
78022 0.4473684210526316
78023 0.5526315789473685
