60 1.0
166 1.0
186 1.0
191 1.0
210 0.21428571428571427
211 0.7857142857142857
236 1.0
272 1.0
292 1.0
312 1.0
317 1.0
398 1.0
418 1.0
423 1.0
519 1.0
524 1.0
543 1.0
786 1.0
791 1.0
810 0.16666666666666666
811 0.8333333333333334
816 1.0
831 1.0
836 1.0
912 1.0
917 1.0
936 0.14285714285714285
937 0.8571428571428571
942 1.0
956 0.5
957 0.5
962 1.0
1042 0.5
1043 0.5
1063 1.0
1068 1.0
1144 1.0
1149 1.0
1174 1.0
1410 0.14285714285714285
1411 0.8571428571428571
1416 1.0
1436 1.0
1461 1.0
1537 1.0
1542 1.0
1561 0.1
1562 0.9
1567 1.0
1587 1.0
1663 1.0
1668 1.0
1692 0.5
1693 0.5
1769 1.0
1774 1.0
2016 1.0
2036 1.0
2041 1.0
2061 1.0
2162 1.0
2167 1.0
2182 1.0
2187 1.0
2212 1.0
2273 1.0
2293 1.0
2313 1.0
2399 1.0
2419 1.0
2424 1.0
2661 1.0
2772 1.0
2787 1.0
2807 1.0
2812 1.0
2832 1.0
2893 1.0
2918 1.0
2937 1.0
3018 0.5
3019 0.5
3024 1.0
3044 1.0
3165 1.0
3185 1.0
3190 1.0
3286 1.0
3290 0.16666666666666666
3291 0.8333333333333334
3311 1.0
3316 1.0
3336 1.0
3417 1.0
3437 1.0
3442 1.0
3461 0.3333333333333333
3462 0.6666666666666666
3523 1.0
3543 1.0
3649 1.0
3790 1.0
3815 1.0
3891 1.0
3911 1.0
3916 1.0
3936 1.0
3961 1.0
4022 1.0
4042 1.0
4057 1.0
4061 0.2222222222222222
4062 0.7777777777777778
4066 0.14285714285714285
4067 0.8571428571428571
4086 0.14285714285714285
4087 0.8571428571428571
4148 1.0
4168 1.0
4173 1.0
4187 1.0
4193 1.0
4274 1.0
4293 1.0
4299 1.0
4561 1.0
4586 1.0
4667 1.0
4672 1.0
4687 1.0
4692 1.0
4712 1.0
4768 1.0
4788 1.0
4793 1.0
4817 1.0
4894 1.0
4899 1.0
4919 1.0
5141 1.0
5161 1.0
5166 1.0
5287 1.0
5292 1.0
5307 1.0
5311 0.058823529411764705
5312 0.9411764705882353
5317 1.0
5393 1.0
5412 0.5
5413 0.5
5418 1.0
5423 1.0
5443 1.0
5519 1.0
5524 1.0
5544 1.0
5549 1.0
5766 1.0
5786 1.0
5791 1.0
5892 1.0
5897 1.0
5912 1.0
5917 1.0
5932 1.0
5937 1.0
5942 1.0
6018 1.0
6023 1.0
6038 1.0
6043 1.0
6058 1.0
6063 1.0
6144 1.0
6149 1.0
6169 1.0
6285 1.0
6290 1.0
6396 1.0
6411 1.0
6416 1.0
6421 1.0
6436 1.0
6441 1.0
6461 1.0
6466 1.0
6517 1.0
6522 1.0
6542 1.0
6562 1.0
6567 1.0
6587 1.0
6591 1.0
6668 1.0
6673 1.0
6692 0.5
6693 0.5
6774 1.0
7021 1.0
7036 1.0
7041 1.0
7061 1.0
7086 1.0
7142 1.0
7147 1.0
7187 1.0
7192 1.0
7212 1.0
7268 1.0
7273 1.0
7293 1.0
7298 1.0
7318 1.0
7394 1.0
7399 1.0
7661 1.0
7666 1.0
7686 1.0
7772 1.0
7787 1.0
7792 1.0
7797 1.0
7812 1.0
7817 1.0
7837 1.0
7893 1.0
7898 1.0
7918 1.0
7923 1.0
7943 1.0
8019 1.0
8024 1.0
8049 1.0
8286 1.0
8291 1.0
8397 1.0
8412 1.0
8417 1.0
8422 1.0
8437 1.0
8442 1.0
8518 1.0
8538 1.0
8543 1.0
8548 1.0
8563 1.0
8644 1.0
8649 1.0
8669 1.0
8891 1.0
8911 1.0
8916 1.0
9017 1.0
9022 1.0
9037 1.0
9042 1.0
9062 1.0
9067 1.0
9143 1.0
9148 1.0
9163 1.0
9168 1.0
9183 1.0
9188 1.0
9269 1.0
9274 1.0
9289 1.0
9294 1.0
9415 1.0
9516 1.0
9541 1.0
9561 1.0
9566 1.0
9666 0.25
9667 0.75
9687 1.0
9692 1.0
9712 1.0
9768 1.0
9773 1.0
9793 1.0
9798 1.0
9818 1.0
9899 1.0
9919 1.0
10161 1.0
10166 1.0
10191 1.0
10216 1.0
10267 1.0
10272 1.0
10287 1.0
10292 1.0
10312 1.0
10317 1.0
10337 1.0
10393 1.0
10398 1.0
10418 1.0
10423 1.0
10438 1.0
10443 1.0
10518 0.25
10519 0.75
10524 1.0
10544 1.0
10549 1.0
10766 1.0
10786 1.0
10791 1.0
10897 1.0
10912 1.0
10917 1.0
10937 1.0
10942 1.0
11023 1.0
11038 1.0
11042 0.14285714285714285
11043 0.8571428571428571
11048 1.0
11063 1.0
11068 1.0
11144 1.0
11149 1.0
11168 1.0
11391 1.0
11416 1.0
11512 1.0
11517 1.0
11522 1.0
11542 1.0
11562 1.0
11567 1.0
11643 1.0
11648 1.0
11663 1.0
11668 1.0
11688 1.0
11769 1.0
11774 1.0
12011 1.0
12036 1.0
12041 1.0
12147 1.0
12162 1.0
12187 1.0
12273 1.0
12288 1.0
12293 1.0
12313 1.0
12394 1.0
12399 1.0
12641 1.0
12661 1.0
12666 1.0
12691 1.0
12771 0.3333333333333333
12772 0.6666666666666666
12792 1.0
12812 1.0
12816 0.09090909090909091
12817 0.9090909090909091
12837 1.0
12842 1.0
12893 1.0
12898 1.0
12918 1.0
12922 0.5
12923 0.5
12938 1.0
12943 1.0
13024 1.0
13266 1.0
13271 1.0
13286 1.0
13291 1.0
13311 1.0
13392 1.0
13397 1.0
13412 1.0
13437 1.0
13442 1.0
13462 1.0
13518 1.0
13538 1.0
13543 1.0
13548 1.0
13562 1.0
13649 1.0
13669 1.0
13674 1.0
13891 1.0
13896 1.0
13911 1.0
13916 1.0
13941 1.0
14022 1.0
14042 1.0
14062 1.0
14067 1.0
14148 1.0
14163 1.0
14168 1.0
14173 1.0
14193 1.0
14273 0.3333333333333333
14274 0.6666666666666666
14294 1.0
14299 1.0
14516 1.0
14536 1.0
14642 1.0
14647 1.0
14662 1.0
14667 1.0
14687 1.0
14768 1.0
14773 1.0
14788 1.0
14792 0.125
14793 0.875
14813 1.0
14818 1.0
14894 1.0
14899 1.0
14919 1.0
15141 1.0
15167 1.0
15267 1.0
15287 1.0
15292 1.0
15312 1.0
15393 1.0
15398 1.0
15413 1.0
15418 1.0
15438 1.0
15519 1.0
15524 1.0
15544 1.0
15549 1.0
15685 1.0
15705 1.0
15710 1.0
15730 1.0
15735 1.0
15830 0.16666666666666666
15831 0.8333333333333334
15835 0.16666666666666666
15836 0.8333333333333334
15856 1.0
15860 0.25
15861 0.75
16285 1.0
16305 1.0
16310 1.0
16330 1.0
16335 1.0
16355 1.0
16360 1.0
16455 0.045454545454545456
16456 0.9545454545454546
16461 1.0
16480 0.09090909090909091
16481 0.9090909090909091
16486 1.0
16905 1.0
16910 1.0
16930 1.0
16935 1.0
17056 1.0
17061 1.0
17081 1.0
17086 1.0
17106 1.0
17111 1.0
17207 1.0
17535 1.0
17656 1.0
17681 1.0
17686 1.0
17706 0.9375
17707 0.0625
17711 1.0
17812 1.0
17832 1.0
17837 1.0
18281 1.0
18306 1.0
18311 1.0
18331 0.5882352941176471
18332 0.4117647058823529
18432 1.0
18452 1.0
18457 1.0
18785 1.0
18790 1.0
18805 1.0
18810 1.0
18830 1.0
18855 1.0
18860 1.0
18935 1.0
18956 1.0
18960 0.0625
18961 0.9375
18981 1.0
18986 1.0
19405 1.0
19410 1.0
19435 1.0
19455 1.0
19561 1.0
19581 1.0
19586 1.0
19606 1.0
19611 1.0
20035 1.0
20060 1.0
20161 1.0
20181 1.0
20186 1.0
20206 1.0
20211 1.0
20307 1.0
20332 1.0
20337 1.0
20660 1.0
20685 1.0
20781 1.0
20786 1.0
20806 1.0
20811 1.0
20831 1.0
20836 1.0
20932 1.0
20937 1.0
20957 1.0
20962 1.0
21285 1.0
21406 1.0
21411 1.0
21431 1.0
21436 1.0
21456 0.625
21457 0.375
21461 1.0
21557 1.0
21562 1.0
21582 1.0
21910 1.0
21915 1.0
21935 1.0
21940 1.0
21960 1.0
21985 1.0
22061 1.0
22081 1.0
22085 0.12
22086 0.88
22106 1.0
22111 1.0
22560 1.0
22565 1.0
22661 1.0
22681 1.0
22686 1.0
22706 1.0
22711 1.0
22736 1.0
22811 1.0
22832 1.0
23160 1.0
23185 1.0
23281 1.0
23286 1.0
23306 1.0
23311 1.0
23331 0.9230769230769231
23332 0.07692307692307693
23336 1.0
23432 1.0
23437 1.0
23457 1.0
23462 1.0
23785 1.0
23805 1.0
23810 0.75
23811 0.25
23911 1.0
23931 1.0
23936 1.0
23956 0.875
23957 0.125
23961 0.5
23962 0.5
24057 1.0
24062 1.0
24082 1.0
24087 1.0
24411 1.0
24536 1.0
24556 1.0
24561 1.0
24581 1.0
24682 1.0
24687 1.0
24707 1.0
25035 1.0
25040 1.0
25060 1.0
25161 1.0
25186 1.0
25206 1.0
25211 1.0
25236 1.0
25337 1.0
25660 1.0
25685 1.0
25786 1.0
25811 1.0
25831 0.75
25832 0.25
25836 1.0
25932 1.0
25957 1.0
25962 1.0
26285 1.0
26310 1.0
26411 1.0
26431 1.0
26436 1.0
26456 1.0
26461 1.0
26557 1.0
26562 1.0
26582 1.0
26587 1.0
26910 1.0
27036 1.0
27056 1.0
27061 1.0
27081 1.0
27086 1.0
27182 1.0
27187 1.0
27207 1.0
27212 1.0
27536 1.0
27656 1.0
27661 1.0
27681 0.3333333333333333
27682 0.6666666666666666
27686 1.0
27706 1.0
27711 1.0
27807 1.0
27812 1.0
27832 1.0
28160 1.0
28165 1.0
28285 1.0
28291 1.0
28306 1.0
28311 1.0
28316 1.0
28331 1.0
28336 1.0
28341 1.0
28361 1.0
28437 1.0
28462 1.0
28785 1.0
28810 1.0
28911 1.0
28936 1.0
28956 1.0
28961 1.0
28966 1.0
28986 1.0
29057 1.0
29061 0.5
29062 0.5
29087 1.0
29410 1.0
29435 1.0
29536 1.0
29556 1.0
29586 0.9
29587 0.1
29682 1.0
29687 1.0
29707 1.0
29712 1.0
30156 1.0
30181 1.0
30186 0.6666666666666666
30187 0.3333333333333333
30307 1.0
30312 1.0
30332 1.0
30337 1.0
30781 1.0
30786 1.0
30912 1.0
30932 1.0
30937 1.0
30957 1.0
31058 1.0
31285 1.0
31305 1.0
31310 1.0
31330 1.0
31335 1.0
31355 1.0
31930 1.0
31955 1.0
31980 1.0
31985 1.0
32081 1.0
32106 1.0
32535 1.0
32555 1.0
32560 1.0
32580 0.9166666666666666
32581 0.08333333333333333
32605 1.0
32681 1.0
32701 1.0
32706 1.0
32726 1.0
32731 1.0
33155 1.0
33180 1.0
33205 1.0
33306 1.0
33326 1.0
33331 1.0
33351 1.0
33356 1.0
33780 1.0
33805 1.0
33926 1.0
33931 1.0
33951 0.7777777777777778
33952 0.2222222222222222
33956 0.9642857142857143
33957 0.03571428571428571
33977 1.0
33981 1.0
34077 1.0
34082 1.0
34430 1.0
34435 1.0
34455 1.0
34460 1.0
34480 1.0
34485 1.0
34581 1.0
34605 0.16666666666666666
34606 0.8333333333333334
35030 1.0
35035 1.0
35055 1.0
35060 1.0
35080 1.0
35085 1.0
35105 0.9285714285714286
35106 0.07142857142857142
35110 1.0
35206 1.0
35211 1.0
35230 0.058823529411764705
35231 0.9411764705882353
35655 1.0
35680 1.0
35685 1.0
35705 0.6666666666666666
35706 0.3333333333333333
35806 1.0
35831 1.0
35836 1.0
35856 1.0
36280 1.0
36305 0.8
36306 0.2
36310 1.0
36431 1.0
36451 1.0
36456 0.9487179487179487
36457 0.05128205128205128
36481 1.0
36582 1.0
36910 1.0
36930 0.5
36931 0.5
37056 1.0
37076 0.6666666666666666
37077 0.3333333333333333
37081 0.8125
37082 0.1875
37202 1.0
37207 1.0
37535 1.0
37555 1.0
37560 1.0
37580 1.0
37585 1.0
37605 1.0
37610 1.0
37706 1.0
37711 1.0
37730 0.16666666666666666
37731 0.8333333333333334
38155 1.0
38180 1.0
38185 1.0
38205 1.0
38210 1.0
38230 1.0
38235 1.0
38331 1.0
38336 1.0
38356 1.0
38361 1.0
38780 1.0
38805 1.0
38835 1.0
38956 0.9743589743589743
38957 0.02564102564102564
38981 1.0
39405 1.0
39430 1.0
39556 1.0
39581 1.0
39707 1.0
40030 1.0
40035 1.0
40156 1.0
40181 0.8571428571428571
40182 0.14285714285714285
40206 0.6956521739130435
40207 0.30434782608695654
40307 1.0
40327 1.0
40332 1.0
40660 1.0
40680 1.0
40685 1.0
40705 1.0
40710 1.0
40735 0.6666666666666666
40736 0.3333333333333333
40831 1.0
40836 1.0
40856 1.0
40861 1.0
41285 1.0
41305 1.0
41310 1.0
41330 1.0
41360 1.0
41456 1.0
41461 1.0
41481 1.0
41486 1.0
41910 1.0
41930 0.6666666666666666
41931 0.3333333333333333
41935 1.0
42056 1.0
42081 1.0
42086 1.0
42106 1.0
42207 1.0
42530 1.0
42681 1.0
42686 1.0
42706 0.8484848484848485
42707 0.15151515151515152
42711 1.0
42807 1.0
42832 1.0
43155 1.0
43160 1.0
43185 1.0
43281 1.0
43286 1.0
43306 0.9473684210526315
43307 0.05263157894736842
43331 0.75
43332 0.25
43427 1.0
43432 1.0
43452 1.0
43457 1.0
43805 1.0
43810 1.0
43835 1.0
43860 1.0
43956 1.0
43960 0.058823529411764705
43961 0.9411764705882353
43981 1.0
43986 1.0
44410 1.0
44430 1.0
44435 1.0
44581 1.0
44586 1.0
44611 1.0
44707 1.0
45030 1.0
45055 1.0
45060 1.0
45181 1.0
45186 1.0
45206 1.0
45211 1.0
45332 1.0
45660 1.0
45685 0.5
45686 0.5
45781 1.0
45806 0.9
45807 0.1
45811 1.0
45831 0.9090909090909091
45832 0.09090909090909091
45836 1.0
45932 1.0
45957 1.0
46280 1.0
46285 0.75
46286 0.25
46406 1.0
46431 0.8235294117647058
46432 0.17647058823529413
46436 1.0
46456 1.0
46557 1.0
46582 1.0
46935 1.0
46955 1.0
46960 1.0
46975 1.0
46980 1.0
46985 1.0
47555 1.0
47575 1.0
47580 1.0
47600 1.0
47605 1.0
47726 1.0
48175 1.0
48180 1.0
48200 1.0
48205 0.8333333333333334
48206 0.16666666666666666
48225 1.0
48230 1.0
48326 1.0
48331 1.0
48351 1.0
48356 1.0
48800 0.5
48801 0.5
48805 1.0
48830 0.75
48831 0.25
48855 1.0
48951 1.0
48956 1.0
48976 1.0
48981 1.0
49425 1.0
49430 1.0
49551 1.0
49576 0.925
49577 0.075
49581 1.0
49601 1.0
49606 1.0
49702 1.0
50055 1.0
50060 1.0
50080 1.0
50085 1.0
50105 1.0
50110 1.0
50680 1.0
50685 1.0
50705 1.0
50730 0.8571428571428571
50731 0.14285714285714285
50851 1.0
50856 1.0
51305 1.0
51310 1.0
51330 0.8571428571428571
51331 0.14285714285714285
51355 1.0
51451 1.0
51456 1.0
51476 1.0
51481 1.0
51930 1.0
51935 1.0
51956 1.0
52076 1.0
52081 1.0
52106 1.0
52530 1.0
52535 1.0
52555 1.0
52681 1.0
52701 0.8333333333333334
52702 0.16666666666666666
52706 1.0
52726 1.0
52827 1.0
53180 1.0
53185 1.0
53205 1.0
53210 1.0
53230 1.0
53235 1.0
53356 1.0
53805 1.0
53810 1.0
53830 1.0
53835 1.0
53855 0.8
53856 0.2
53860 1.0
53956 1.0
53981 1.0
54405 1.0
54430 1.0
54435 1.0
54456 1.0
54480 1.0
54581 1.0
54606 1.0
55055 0.8571428571428571
55056 0.14285714285714285
55060 1.0
55176 1.0
55201 0.5
55202 0.5
55206 1.0
55231 1.0
55680 1.0
55801 1.0
55806 1.0
55826 0.6
55827 0.4
55831 0.9130434782608695
55832 0.08695652173913043
55952 1.0
55957 1.0
56305 1.0
56310 1.0
56330 1.0
56335 1.0
56355 1.0
56360 1.0
56456 1.0
56481 1.0
56486 1.0
56905 1.0
56930 1.0
56935 1.0
56955 0.6
56956 0.4
56960 1.0
56980 1.0
56985 1.0
57081 1.0
57086 1.0
57106 1.0
57111 1.0
57555 1.0
57560 1.0
57580 1.0
57706 1.0
57731 1.0
58155 1.0
58160 1.0
58180 0.75
58181 0.25
58185 1.0
58306 1.0
58326 1.0
58331 0.9743589743589743
58332 0.02564102564102564
58356 1.0
58805 1.0
58926 0.5
58927 0.5
58931 1.0
58951 0.6666666666666666
58952 0.3333333333333333
58956 0.8823529411764706
58957 0.11764705882352941
59077 1.0
59430 1.0
59435 1.0
59455 1.0
59460 1.0
59480 1.0
59485 1.0
59581 1.0
59606 1.0
59611 1.0
60055 1.0
60060 1.0
60080 1.0
60085 1.0
60206 1.0
60211 1.0
60231 1.0
60236 1.0
60655 1.0
60680 0.6666666666666666
60681 0.3333333333333333
60685 1.0
60705 0.5
60706 0.5
60827 1.0
60831 1.0
60836 1.0
60856 1.0
61306 1.0
61431 1.0
61456 0.967741935483871
61457 0.03225806451612903
61582 1.0
61905 0.5
61906 0.5
61930 1.0
62031 1.0
62056 0.8571428571428571
62057 0.14285714285714285
62077 1.0
62081 0.6875
62082 0.3125
62182 1.0
62202 1.0
62207 1.0
62555 1.0
62560 1.0
62580 1.0
62585 1.0
62600 1.0
62605 1.0
62610 1.0
63180 1.0
63200 1.0
63205 1.0
63225 1.0
63230 1.0
63351 1.0
63800 1.0
63805 1.0
63825 0.6666666666666666
63826 0.3333333333333333
63830 1.0
63850 0.7272727272727273
63851 0.2727272727272727
63855 1.0
63976 1.0
63981 1.0
64425 1.0
64430 1.0
64451 1.0
64455 1.0
64475 0.3333333333333333
64476 0.6666666666666666
64480 0.6666666666666666
64481 0.3333333333333333
64576 1.0
64601 1.0
64606 1.0
65030 1.0
65050 0.5
65051 0.5
65055 1.0
65080 0.5
65081 0.5
65176 1.0
65201 0.9166666666666666
65202 0.08333333333333333
65206 1.0
65226 0.8333333333333334
65227 0.16666666666666666
65327 1.0
65680 1.0
65685 1.0
65705 1.0
65730 1.0
65735 1.0
66305 1.0
66330 1.0
66350 0.5
66351 0.5
66355 1.0
66476 1.0
66481 1.0
66925 1.0
66930 1.0
66935 1.0
66955 1.0
66976 1.0
66980 0.8333333333333334
66981 0.16666666666666666
67076 1.0
67101 1.0
67106 1.0
67550 1.0
67555 1.0
67580 0.6
67581 0.4
67605 0.6
67606 0.4
67701 1.0
67726 1.0
67731 1.0
68155 1.0
68180 1.0
68206 1.0
68301 1.0
68326 0.8857142857142857
68327 0.11428571428571428
68331 1.0
68351 0.6666666666666666
68352 0.3333333333333333
68452 1.0
68805 1.0
68810 1.0
68830 1.0
68835 1.0
68855 1.0
68860 1.0
68981 1.0
69430 1.0
69435 1.0
69455 0.875
69456 0.125
69480 0.9583333333333334
69481 0.041666666666666664
69606 1.0
70035 1.0
70050 1.0
70055 1.0
70060 1.0
70080 0.8571428571428571
70081 0.14285714285714285
70105 1.0
70201 1.0
70206 1.0
70226 1.0
70231 1.0
70675 1.0
70680 1.0
70705 0.75
70706 0.25
70801 1.0
70826 1.0
70831 1.0
70851 1.0
70856 1.0
71280 1.0
71300 1.0
71305 1.0
71426 1.0
71451 0.7777777777777778
71452 0.2222222222222222
71456 1.0
71577 1.0
71910 1.0
71930 1.0
71935 1.0
71955 1.0
71960 1.0
71980 1.0
71985 1.0
72106 1.0
72555 1.0
72560 1.0
72580 0.875
72581 0.125
72585 1.0
72605 0.875
72606 0.125
72706 1.0
72731 1.0
73180 1.0
73185 1.0
73205 0.5
73206 0.5
73231 1.0
73331 1.0
73356 1.0
73780 1.0
73805 1.0
73951 1.0
73956 1.0
73976 0.75
73977 0.25
73981 1.0
74077 1.0
74405 1.0
74430 0.6666666666666666
74431 0.3333333333333333
74551 1.0
74576 0.75
74577 0.25
74581 1.0
74702 1.0
75035 1.0
75055 1.0
75060 1.0
75080 0.9090909090909091
75081 0.09090909090909091
75085 1.0
75105 0.9444444444444444
75106 0.05555555555555555
75110 1.0
75206 1.0
75231 1.0
75655 1.0
75680 1.0
75685 1.0
75705 0.8
75706 0.2
75710 1.0
75730 1.0
75831 1.0
75856 1.0
76280 1.0
76285 1.0
76305 0.8333333333333334
76306 0.16666666666666666
76310 1.0
76330 0.3333333333333333
76331 0.6666666666666666
76360 1.0
76451 1.0
76456 1.0
76481 1.0
76905 1.0
76930 1.0
77056 1.0
77076 0.3333333333333333
77077 0.6666666666666666
77081 1.0
77106 1.0
77202 1.0
77555 1.0
77676 1.0
77681 1.0
77701 0.5714285714285714
77702 0.42857142857142855
77706 0.9047619047619048
77707 0.09523809523809523
77802 1.0
77827 1.0
