0 1.0
6 1.0
25 1.0
31 0.9259259259259259
32 0.07407407407407407
37 1.0
50 0.9642857142857143
51 0.03571428571428571
56 0.9606299212598425
57 0.03937007874015748
62 1.0
68 1.0
75 0.9753086419753086
76 0.024691358024691357
81 0.9660194174757282
82 0.03398058252427184
87 0.9840425531914894
88 0.015957446808510637
93 1.0
100 0.9745762711864406
101 0.025423728813559324
106 0.9801324503311258
107 0.019867549668874173
112 0.9782608695652174
113 0.021739130434782608
118 1.0
125 1.0
131 1.0
137 1.0
150 0.5
151 0.5
156 0.9555555555555556
157 0.044444444444444446
162 0.8947368421052632
163 0.10526315789473684
168 0.9484536082474226
169 0.05154639175257732
174 1.0
181 0.8888888888888888
182 0.1111111111111111
187 0.9381443298969072
188 0.061855670103092786
193 0.9775910364145658
194 0.022408963585434174
199 1.0
212 0.8409090909090909
213 0.1590909090909091
218 1.0
250 1.0
256 0.9615384615384616
257 0.038461538461538464
262 1.0
268 0.8372093023255814
269 0.16279069767441862
274 1.0
281 1.0
287 0.9302325581395349
288 0.06976744186046512
293 0.9053497942386831
294 0.09465020576131687
299 1.0
318 1.0
324 1.0
375 1.0
381 1.0
387 0.9444444444444444
388 0.05555555555555555
393 0.8939393939393939
394 0.10606060606060606
399 1.0
412 0.8
413 0.2
418 0.9565217391304348
419 0.043478260869565216
424 1.0
500 1.0
506 0.9
507 0.1
512 0.9696969696969697
513 0.030303030303030304
518 0.9264705882352942
519 0.07352941176470588
524 1.0
