166 1.0
171 1.0
272 1.0
291 0.2857142857142857
292 0.7142857142857143
312 1.0
316 0.2
317 0.8
341 1.0
398 1.0
417 0.375
418 0.625
422 1.0
442 1.0
519 1.0
523 0.3333333333333333
524 0.6666666666666666
766 1.0
786 1.0
791 1.0
916 0.2857142857142857
917 0.7142857142857143
937 1.0
942 1.0
1023 1.0
1042 0.36363636363636365
1043 0.6363636363636364
1048 1.0
1062 1.0
1067 0.6666666666666666
1068 0.3333333333333333
1144 1.0
1149 1.0
1168 0.5
1169 0.5
1173 1.0
1391 1.0
1411 1.0
1416 1.0
1541 0.25
1542 0.75
1547 1.0
1567 1.0
1648 1.0
1667 0.09090909090909091
1668 0.9090909090909091
1672 0.3333333333333333
1673 0.6666666666666666
1692 1.0
1768 0.5
1769 0.5
1774 1.0
1793 1.0
1799 1.0
2016 1.0
2041 1.0
2142 1.0
2147 1.0
2162 1.0
2167 1.0
2172 1.0
2187 1.0
2192 1.0
2273 1.0
2292 0.2
2293 0.8
2298 1.0
2312 1.0
2317 0.75
2318 0.25
2398 0.14285714285714285
2399 0.8571428571428571
2424 1.0
2666 1.0
2772 1.0
2791 0.16666666666666666
2792 0.8333333333333334
2812 1.0
2817 1.0
2893 1.0
2898 1.0
2917 0.2857142857142857
2918 0.7142857142857143
2938 1.0
2942 1.0
3019 1.0
3023 0.2222222222222222
3024 0.7777777777777778
3044 1.0
3049 1.0
3266 1.0
3291 1.0
3296 1.0
3397 1.0
3417 1.0
3441 0.125
3442 0.875
3518 1.0
3523 1.0
3542 0.1111111111111111
3543 0.8888888888888888
3548 1.0
3567 1.0
3649 1.0
3891 1.0
3896 1.0
3916 1.0
4022 1.0
4037 1.0
4042 1.0
4062 1.0
4066 0.1
4067 0.9
4148 1.0
4167 0.25
4168 0.75
4173 1.0
4187 1.0
4192 1.0
4269 1.0
4273 0.25
4274 0.75
4299 1.0
4541 1.0
4647 1.0
4667 1.0
4692 1.0
4792 0.25
4793 0.75
4798 1.0
4812 1.0
4817 1.0
4899 1.0
4924 1.0
5166 1.0
5267 1.0
5271 1.0
5292 1.0
5317 1.0
5393 1.0
5398 1.0
5417 0.38461538461538464
5418 0.6153846153846154
5423 1.0
5438 1.0
5442 1.0
5519 1.0
5524 1.0
5543 1.0
5549 1.0
5766 1.0
5771 1.0
5791 1.0
5892 1.0
5897 1.0
5917 1.0
5922 1.0
5942 1.0
6018 1.0
6023 1.0
6042 0.2727272727272727
6043 0.7272727272727273
6047 0.5
6048 0.5
6063 1.0
6068 1.0
6144 1.0
6149 1.0
6168 0.6666666666666666
6169 0.3333333333333333
6173 0.3333333333333333
6174 0.6666666666666666
6391 1.0
6396 1.0
6416 1.0
6421 1.0
6516 1.0
6522 1.0
6541 0.25
6542 0.75
6547 1.0
6567 1.0
6643 1.0
6648 1.0
6662 1.0
6667 0.3333333333333333
6668 0.6666666666666666
6673 1.0
6687 1.0
6692 0.3333333333333333
6693 0.6666666666666666
6698 1.0
6774 1.0
6793 1.0
6799 1.0
7021 1.0
7041 1.0
7147 1.0
7167 1.0
7192 1.0
7268 1.0
7273 1.0
7292 0.16666666666666666
7293 0.8333333333333334
7317 0.5
7318 0.5
7394 1.0
7399 1.0
7423 1.0
7641 1.0
7666 1.0
7772 1.0
7792 1.0
7817 1.0
7893 1.0
7898 1.0
7912 1.0
7918 1.0
7923 1.0
7942 1.0
8019 1.0
8023 0.2
8024 0.8
8048 1.0
8266 1.0
8291 1.0
8397 1.0
8417 1.0
8422 1.0
8442 1.0
8518 1.0
8538 1.0
8542 0.3333333333333333
8543 0.6666666666666666
8548 1.0
8562 1.0
8568 1.0
8644 1.0
8649 1.0
8668 1.0
8673 0.5
8674 0.5
8896 1.0
8916 1.0
9016 0.3333333333333333
9017 0.6666666666666666
9022 1.0
9037 1.0
9041 0.3333333333333333
9042 0.6666666666666666
9148 1.0
9167 0.3684210526315789
9168 0.631578947368421
9173 1.0
9188 1.0
9193 1.0
9269 1.0
9274 1.0
9294 1.0
9298 0.5
9299 0.5
9516 1.0
9541 1.0
9642 1.0
9647 1.0
9667 1.0
9692 1.0
9773 1.0
9792 0.36363636363636365
9793 0.6363636363636364
9798 1.0
9817 0.6666666666666666
9818 0.3333333333333333
9894 1.0
9898 0.14285714285714285
9899 0.8571428571428571
9919 1.0
10141 1.0
10171 1.0
10272 1.0
10287 1.0
10291 0.25
10292 0.75
10317 1.0
10393 1.0
10398 1.0
10417 0.36363636363636365
10418 0.6363636363636364
10423 1.0
10442 0.4
10443 0.6
10519 1.0
10524 1.0
10543 0.5
10544 0.5
10549 1.0
10766 1.0
10771 1.0
10791 1.0
10892 1.0
10897 1.0
10912 1.0
10916 0.5
10917 0.5
10942 1.0
11018 1.0
11023 1.0
11042 0.3
11043 0.7
11048 1.0
11067 0.6
11068 0.4
11144 1.0
11149 1.0
11168 1.0
11416 1.0
11517 1.0
11522 1.0
11542 1.0
11567 1.0
11643 1.0
11648 1.0
11663 1.0
11667 0.3
11668 0.7
11673 1.0
11688 1.0
11692 0.5
11693 0.5
11769 1.0
11774 1.0
11793 1.0
12016 1.0
12036 1.0
12041 1.0
12147 1.0
12162 1.0
12167 1.0
12192 1.0
12268 1.0
12273 1.0
12287 0.5
12288 0.5
12292 0.2222222222222222
12293 0.7777777777777778
12298 1.0
12318 1.0
12399 1.0
12423 0.5
12424 0.5
12641 1.0
12666 1.0
12766 0.5
12767 0.5
12772 1.0
12792 1.0
12797 1.0
12817 1.0
12893 1.0
12898 1.0
12917 0.2727272727272727
12918 0.7272727272727273
12922 0.6666666666666666
12923 0.3333333333333333
12942 0.6
12943 0.4
13019 1.0
13024 1.0
13048 1.0
13271 1.0
13392 1.0
13397 1.0
13416 0.2
13417 0.8
13442 1.0
13518 1.0
13523 1.0
13542 0.25
13543 0.75
13548 1.0
13567 0.25
13568 0.75
13644 1.0
13649 1.0
13674 1.0
13891 1.0
13916 1.0
14022 1.0
14041 0.16666666666666666
14042 0.8333333333333334
14047 1.0
14067 1.0
14143 1.0
14148 1.0
14167 0.2222222222222222
14168 0.7777777777777778
14173 1.0
14192 0.42857142857142855
14193 0.5714285714285714
14273 0.14285714285714285
14274 0.8571428571428571
14293 0.25
14294 0.75
14299 1.0
14521 1.0
14647 1.0
14666 0.2
14667 0.8
14672 1.0
14692 1.0
14773 1.0
14792 0.2727272727272727
14793 0.7272727272727273
14798 1.0
14818 1.0
14894 1.0
14899 1.0
14919 1.0
14923 0.25
14924 0.75
15146 1.0
15267 1.0
15272 1.0
15292 1.0
15317 1.0
15393 1.0
15398 1.0
15417 0.18181818181818182
15418 0.8181818181818182
15423 1.0
15442 0.2857142857142857
15443 0.7142857142857143
15524 1.0
15548 0.25
15549 0.75
15660 1.0
15665 1.0
15685 1.0
15690 1.0
15785 1.0
15791 1.0
15810 0.5
15811 0.5
15816 1.0
15835 0.05
15836 0.95
15861 1.0
15936 0.42857142857142855
15937 0.5714285714285714
15941 1.0
15961 1.0
15966 1.0
16285 1.0
16290 1.0
16411 1.0
16415 0.5
16416 0.5
16435 0.09090909090909091
16436 0.9090909090909091
16441 1.0
16461 1.0
16466 1.0
16561 0.4166666666666667
16562 0.5833333333333334
16566 0.75
16567 0.25
16586 0.8333333333333334
16587 0.16666666666666666
16935 1.0
17036 1.0
17040 1.0
17061 1.0
17086 1.0
17091 1.0
17186 0.46153846153846156
17187 0.5384615384615384
17191 0.5
17192 0.5
17211 0.875
17212 0.125
17216 1.0
17661 1.0
17666 1.0
17686 1.0
17691 1.0
17711 1.0
17811 0.24
17812 0.76
17816 0.3333333333333333
17817 0.6666666666666666
17836 0.7142857142857143
17837 0.2857142857142857
18286 1.0
18311 1.0
18316 1.0
18336 1.0
18412 1.0
18436 0.2
18437 0.8
18442 1.0
18461 0.3333333333333333
18462 0.6666666666666666
18562 1.0
18785 1.0
18790 1.0
18810 1.0
18815 1.0
18910 0.5
18911 0.5
18915 0.5
18916 0.5
18936 1.0
18941 1.0
18961 1.0
18966 1.0
19061 0.5
19062 0.5
19066 0.45454545454545453
19067 0.5454545454545454
19086 0.6666666666666666
19087 0.3333333333333333
19092 1.0
19536 1.0
19540 0.5
19541 0.5
19561 1.0
19586 1.0
19591 1.0
19686 0.45454545454545453
19687 0.5454545454545454
19691 0.4
19692 0.6
19711 0.6
19712 0.4
19717 1.0
20165 0.2
20166 0.8
20186 1.0
20191 1.0
20211 1.0
20216 1.0
20311 0.3
20312 0.7
20316 0.3
20317 0.7
20336 0.7142857142857143
20337 0.2857142857142857
20660 1.0
20665 1.0
20785 0.25
20786 0.75
20790 0.2
20791 0.8
20811 1.0
20816 1.0
20936 0.2777777777777778
20937 0.7222222222222222
20942 1.0
20961 0.125
20962 0.875
20967 1.0
21290 1.0
21411 1.0
21415 0.25
21416 0.75
21436 1.0
21441 1.0
21461 1.0
21561 0.19047619047619047
21562 0.8095238095238095
21566 0.6
21567 0.4
21586 0.2727272727272727
21587 0.7272727272727273
21915 1.0
21935 1.0
22036 1.0
22040 0.625
22041 0.375
22061 1.0
22066 1.0
22086 1.0
22091 1.0
22186 0.5714285714285714
22187 0.42857142857142855
22191 0.5
22192 0.5
22211 0.7777777777777778
22212 0.2222222222222222
22216 0.5
22217 0.5
22540 1.0
22565 1.0
22661 1.0
22686 1.0
22711 1.0
22811 0.38461538461538464
22812 0.6153846153846154
22816 0.75
22817 0.25
22836 0.45454545454545453
22837 0.5454545454545454
22842 1.0
23160 1.0
23286 1.0
23291 1.0
23311 1.0
23316 1.0
23336 1.0
23412 1.0
23436 0.3076923076923077
23437 0.6923076923076923
23442 1.0
23461 0.375
23462 0.625
23466 1.0
23562 1.0
23790 1.0
23910 0.5
23911 0.5
23915 0.5
23916 0.5
23936 1.0
23940 1.0
23961 1.0
23966 1.0
24061 0.5
24062 0.5
24066 0.21428571428571427
24067 0.7857142857142857
24086 0.42857142857142855
24087 0.5714285714285714
24092 1.0
24541 1.0
24561 1.0
24586 1.0
24667 1.0
24686 0.1
24687 0.9
24692 1.0
24711 0.2
24712 0.8
24812 1.0
24817 1.0
25035 1.0
25040 1.0
25065 1.0
25161 1.0
25165 0.5
25166 0.5
25186 1.0
25191 1.0
25211 1.0
25216 1.0
25311 0.35714285714285715
25312 0.6428571428571429
25316 0.5
25317 0.5
25336 0.6666666666666666
25337 0.3333333333333333
25341 1.0
25786 1.0
25790 0.3333333333333333
25791 0.6666666666666666
25810 0.5
25811 0.5
25815 0.5
25816 0.5
25836 1.0
25917 1.0
25936 0.23076923076923078
25937 0.7692307692307693
25941 0.3
25942 0.7
25962 1.0
26062 1.0
26290 1.0
26416 1.0
26436 1.0
26441 1.0
26461 1.0
26466 1.0
26562 1.0
26566 0.6
26567 0.4
26587 1.0
27040 0.25
27041 0.75
27061 1.0
27066 1.0
27167 1.0
27186 0.15
27187 0.85
27191 0.16666666666666666
27192 0.8333333333333334
27211 0.16666666666666666
27212 0.8333333333333334
27312 1.0
27661 1.0
27666 1.0
27686 1.0
27691 1.0
27711 1.0
27787 1.0
27792 1.0
27811 0.16666666666666666
27812 0.8333333333333334
27817 1.0
27836 0.25
27837 0.75
27937 1.0
28165 1.0
28285 0.5
28286 0.5
28291 1.0
28311 1.0
28316 1.0
28336 1.0
28341 1.0
28436 0.25
28437 0.75
28441 0.6
28442 0.4
28461 0.5
28462 0.5
28466 0.2
28467 0.8
28790 1.0
28915 0.5
28916 0.5
28936 1.0
28941 1.0
28961 1.0
28966 1.0
29061 0.1111111111111111
29062 0.8888888888888888
29066 0.3076923076923077
29067 0.6923076923076923
29086 0.3333333333333333
29087 0.6666666666666666
29187 1.0
29536 1.0
29541 1.0
29565 1.0
29586 1.0
29591 1.0
29662 1.0
29686 0.26666666666666666
29687 0.7333333333333333
29692 1.0
29711 0.14285714285714285
29712 0.8571428571428571
29716 1.0
29812 1.0
30161 1.0
30191 1.0
30287 1.0
30292 1.0
30311 0.038461538461538464
30312 0.9615384615384616
30316 0.08333333333333333
30317 0.9166666666666666
30337 1.0
30342 1.0
30412 1.0
30437 1.0
30786 1.0
30791 1.0
30912 1.0
30937 1.0
30942 1.0
30962 1.0
31062 0.5
31063 0.5
31285 1.0
31290 1.0
31310 1.0
31335 1.0
31360 1.0
31435 0.5
31436 0.5
31456 1.0
31460 0.6842105263157895
31461 0.3157894736842105
31485 0.5555555555555556
31486 0.4444444444444444
31910 1.0
31935 1.0
31960 1.0
31985 1.0
32035 1.0
32061 1.0
32081 1.0
32085 0.2903225806451613
32086 0.7096774193548387
32110 0.42857142857142855
32111 0.5714285714285714
32535 1.0
32560 1.0
32685 0.2
32686 0.8
32706 1.0
32710 0.2692307692307692
32711 0.7307692307692307
32736 1.0
33160 1.0
33185 1.0
33306 1.0
33311 1.0
33331 1.0
33335 0.038461538461538464
33336 0.9615384615384616
33356 1.0
33361 1.0
33456 1.0
33461 1.0
33785 1.0
33810 1.0
33910 1.0
33936 1.0
33956 1.0
33960 0.037037037037037035
33961 0.9629629629629629
33986 1.0
34056 1.0
34081 0.75
34082 0.25
34086 0.8
34087 0.2
34410 1.0
34415 1.0
34435 1.0
34581 1.0
34585 0.21052631578947367
34586 0.7894736842105263
34606 1.0
34610 0.09090909090909091
34611 0.9090909090909091
35035 1.0
35060 1.0
35065 1.0
35185 0.4
35186 0.6
35206 1.0
35210 0.04878048780487805
35211 0.9512195121951219
35231 1.0
35235 0.3333333333333333
35236 0.6666666666666666
35660 1.0
35685 1.0
35785 1.0
35805 1.0
35810 0.2
35811 0.8
35831 1.0
35836 1.0
35856 1.0
35861 1.0
35961 1.0
36285 1.0
36310 1.0
36410 1.0
36431 1.0
36435 0.2
36436 0.8
36456 1.0
36461 1.0
36561 1.0
36586 0.6666666666666666
36587 0.3333333333333333
36910 1.0
37060 0.4
37061 0.6
37081 1.0
37086 1.0
37207 1.0
37211 0.8571428571428571
37212 0.14285714285714285
37535 1.0
37540 1.0
37560 1.0
37565 1.0
37685 0.3333333333333333
37686 0.6666666666666666
37706 1.0
37710 0.037037037037037035
37711 0.9629629629629629
37731 1.0
37736 1.0
38160 1.0
38185 1.0
38310 0.6
38311 0.4
38331 1.0
38335 0.08333333333333333
38336 0.9166666666666666
38361 1.0
38785 1.0
38810 1.0
38935 0.2
38936 0.8
38956 1.0
38960 0.03225806451612903
38961 0.967741935483871
38986 1.0
39061 1.0
39086 1.0
39410 1.0
39435 1.0
39560 0.07692307692307693
39561 0.9230769230769231
39581 1.0
39586 1.0
39706 1.0
39711 0.25
39712 0.75
40035 1.0
40040 1.0
40161 1.0
40186 1.0
40206 1.0
40211 1.0
40311 0.3333333333333333
40312 0.6666666666666666
40332 1.0
40336 0.6666666666666666
40337 0.3333333333333333
40660 1.0
40665 1.0
40685 1.0
40690 1.0
40810 0.2
40811 0.8
40835 0.034482758620689655
40836 0.9655172413793104
40841 1.0
40861 1.0
41285 1.0
41310 1.0
41315 1.0
41435 0.16666666666666666
41436 0.8333333333333334
41456 1.0
41461 1.0
41486 1.0
41586 1.0
41910 1.0
41915 1.0
41935 1.0
41940 1.0
42035 0.6666666666666666
42036 0.3333333333333333
42060 0.125
42061 0.875
42081 1.0
42086 1.0
42111 1.0
42186 0.5
42187 0.5
42211 1.0
42535 1.0
42686 1.0
42706 1.0
42711 1.0
42811 0.5
42812 0.5
42832 1.0
42836 0.6666666666666666
42837 0.3333333333333333
43160 1.0
43165 1.0
43185 1.0
43190 1.0
43286 1.0
43311 1.0
43331 1.0
43336 1.0
43432 1.0
43436 0.3333333333333333
43437 0.6666666666666666
43456 0.25
43457 0.75
43461 0.25
43462 0.75
43785 1.0
43810 1.0
43815 1.0
43910 1.0
43935 0.2
43936 0.8
43960 0.03225806451612903
43961 0.967741935483871
43966 1.0
43986 1.0
44086 1.0
44410 1.0
44435 1.0
44535 0.5
44536 0.5
44560 0.2
44561 0.8
44566 1.0
44581 1.0
44586 1.0
44711 0.75
44712 0.25
45035 1.0
45065 1.0
45160 1.0
45186 1.0
45211 1.0
45336 0.625
45337 0.375
45660 1.0
45665 1.0
45685 1.0
45786 1.0
45811 1.0
45836 1.0
45841 1.0
45936 0.5
45937 0.5
45961 0.3333333333333333
45962 0.6666666666666666
46285 1.0
46290 1.0
46411 1.0
46436 1.0
46456 1.0
46461 1.0
46561 0.75
46562 0.25
46582 1.0
46586 0.3333333333333333
46587 0.6666666666666666
46935 1.0
46955 1.0
46960 1.0
46980 1.0
46985 1.0
47081 1.0
47085 1.0
47105 0.5
47106 0.5
47560 1.0
47580 1.0
47585 1.0
47605 1.0
47610 1.0
47705 0.42857142857142855
47706 0.5714285714285714
47710 0.6666666666666666
47711 0.3333333333333333
47730 0.5555555555555556
47731 0.4444444444444444
47735 1.0
48160 1.0
48180 1.0
48185 1.0
48210 1.0
48235 1.0
48330 0.15384615384615385
48331 0.8461538461538461
48335 0.75
48336 0.25
48355 0.2857142857142857
48356 0.7142857142857143
48360 0.5
48361 0.5
48805 1.0
48810 1.0
48835 1.0
48860 1.0
48955 0.2222222222222222
48956 0.7777777777777778
48960 0.2
48961 0.8
48980 0.14285714285714285
48981 0.8571428571428571
48985 0.2
48986 0.8
49430 1.0
49435 1.0
49556 1.0
49581 1.0
49585 0.06666666666666667
49586 0.9333333333333333
49606 1.0
49610 0.14285714285714285
49611 0.8571428571428571
50035 1.0
50060 1.0
50065 1.0
50080 1.0
50085 1.0
50105 1.0
50110 1.0
50206 1.0
50210 1.0
50230 0.7777777777777778
50231 0.2222222222222222
50235 1.0
50680 1.0
50685 1.0
50710 1.0
50735 1.0
50830 0.25
50831 0.75
50835 0.5
50836 0.5
50855 0.3333333333333333
50856 0.6666666666666666
50860 0.4
50861 0.6
51285 1.0
51310 1.0
51335 1.0
51360 1.0
51455 0.3333333333333333
51456 0.6666666666666666
51460 0.2727272727272727
51461 0.7272727272727273
51480 0.1
51481 0.9
51485 0.25
51486 0.75
51935 1.0
52081 1.0
52085 0.45454545454545453
52086 0.5454545454545454
52106 1.0
52111 1.0
52535 1.0
52560 1.0
52686 1.0
52706 1.0
52710 0.1
52711 0.9
52731 1.0
52736 1.0
53180 1.0
53185 1.0
53210 1.0
53235 1.0
53330 0.25
53331 0.75
53335 1.0
53355 0.5
53356 0.5
53360 0.5714285714285714
53361 0.42857142857142855
53810 1.0
53835 1.0
53860 1.0
53955 0.18181818181818182
53956 0.8181818181818182
53960 0.5
53961 0.5
53981 1.0
53985 0.5384615384615384
53986 0.46153846153846156
54410 1.0
54435 1.0
54485 1.0
54581 1.0
54585 0.07692307692307693
54586 0.9230769230769231
54606 1.0
54611 1.0
55055 1.0
55060 1.0
55065 1.0
55206 1.0
55210 0.14285714285714285
55211 0.8571428571428571
55231 1.0
55236 1.0
55680 1.0
55685 1.0
55831 1.0
55836 1.0
55861 1.0
56285 1.0
56310 1.0
56335 1.0
56360 1.0
56456 1.0
56460 0.5384615384615384
56461 0.46153846153846156
56481 1.0
56485 0.6
56486 0.4
56910 1.0
56935 1.0
56940 1.0
56960 1.0
56985 1.0
57060 1.0
57081 1.0
57085 0.34782608695652173
57086 0.6521739130434783
57106 1.0
57110 0.25
57111 0.75
57560 1.0
57585 1.0
57681 1.0
57706 1.0
57710 0.05555555555555555
57711 0.9444444444444444
57731 1.0
57736 1.0
58160 1.0
58185 1.0
58190 1.0
58305 0.25
58306 0.75
58331 1.0
58335 0.045454545454545456
58336 0.9545454545454546
58356 1.0
58361 1.0
58810 1.0
58931 1.0
58956 1.0
58961 1.0
58981 1.0
58986 1.0
59081 0.6666666666666666
59082 0.3333333333333333
59430 1.0
59435 1.0
59581 1.0
59585 0.18181818181818182
59586 0.8181818181818182
59606 1.0
59610 0.14285714285714285
59611 0.8571428571428571
60035 1.0
60055 1.0
60060 1.0
60065 1.0
60206 1.0
60210 0.13043478260869565
60211 0.8695652173913043
60231 1.0
60236 1.0
60660 1.0
60685 1.0
60710 1.0
60831 1.0
60835 0.037037037037037035
60836 0.9629629629629629
60856 1.0
60861 1.0
61305 1.0
61310 1.0
61436 1.0
61456 1.0
61461 1.0
61481 1.0
61486 1.0
61582 1.0
61910 1.0
61935 1.0
62056 1.0
62061 1.0
62081 1.0
62086 1.0
62111 1.0
62206 0.5
62207 0.5
62555 1.0
62560 1.0
62580 1.0
62605 1.0
62610 1.0
62730 1.0
63180 1.0
63185 1.0
63205 1.0
63210 1.0
63230 1.0
63235 1.0
63355 0.625
63356 0.375
63805 1.0
63810 1.0
63830 1.0
63835 1.0
63855 1.0
63860 1.0
63955 1.0
63980 0.3
63981 0.7
64430 1.0
64435 1.0
64455 1.0
64460 1.0
64480 1.0
64485 1.0
64580 0.4444444444444444
64581 0.5555555555555556
64605 0.22727272727272727
64606 0.7727272727272727
65035 1.0
65055 1.0
65060 1.0
65080 1.0
65085 1.0
65105 1.0
65206 1.0
65231 1.0
65685 1.0
65705 1.0
65710 1.0
65730 1.0
65735 1.0
65855 1.0
66305 1.0
66310 1.0
66330 1.0
66335 1.0
66355 1.0
66360 1.0
66455 1.0
66480 0.6666666666666666
66481 0.3333333333333333
66910 1.0
66930 1.0
66935 1.0
66955 1.0
66980 1.0
66985 1.0
67081 1.0
67105 0.29411764705882354
67106 0.7058823529411765
67110 1.0
67555 1.0
67560 1.0
67580 1.0
67585 1.0
67605 1.0
67610 1.0
67705 0.36363636363636365
67706 0.6363636363636364
67730 0.2
67731 0.8
67736 1.0
68160 1.0
68185 1.0
68205 1.0
68210 1.0
68235 1.0
68330 0.041666666666666664
68331 0.9583333333333334
68336 1.0
68356 1.0
68361 1.0
68805 1.0
68810 1.0
68830 1.0
68835 1.0
68855 1.0
68860 1.0
68980 0.625
68981 0.375
68985 1.0
69430 1.0
69435 1.0
69455 1.0
69460 1.0
69480 1.0
69485 1.0
69580 1.0
69605 0.375
69606 0.625
69610 1.0
70035 1.0
70055 1.0
70060 1.0
70080 1.0
70085 1.0
70105 1.0
70110 1.0
70205 0.3333333333333333
70206 0.6666666666666666
70230 0.125
70231 0.875
70235 1.0
70680 1.0
70685 1.0
70705 1.0
70710 1.0
70735 1.0
70830 0.14285714285714285
70831 0.8571428571428571
70835 1.0
70856 1.0
70860 0.3333333333333333
70861 0.6666666666666666
71285 1.0
71305 1.0
71310 1.0
71330 1.0
71335 1.0
71360 1.0
71456 1.0
71460 0.14285714285714285
71461 0.8571428571428571
71481 1.0
71486 1.0
71910 1.0
71930 1.0
71935 1.0
71955 1.0
71960 1.0
71980 1.0
71985 1.0
72080 0.75
72081 0.25
72105 0.3333333333333333
72106 0.6666666666666666
72110 1.0
72555 1.0
72560 1.0
72580 1.0
72585 1.0
72610 1.0
72705 0.4
72706 0.6
72730 0.23076923076923078
72731 0.7692307692307693
73180 1.0
73185 1.0
73210 1.0
73235 1.0
73331 1.0
73335 0.6666666666666666
73336 0.3333333333333333
73356 1.0
73360 0.16666666666666666
73361 0.8333333333333334
73785 1.0
73805 1.0
73810 1.0
73835 1.0
73955 0.05
73956 0.95
73960 0.6666666666666666
73961 0.3333333333333333
73981 1.0
73986 1.0
74410 1.0
74430 1.0
74435 1.0
74581 1.0
74586 1.0
74606 1.0
74611 1.0
75035 1.0
75055 1.0
75060 1.0
75080 1.0
75085 1.0
75110 1.0
75205 0.42857142857142855
75206 0.5714285714285714
75210 0.5
75211 0.5
75230 0.18181818181818182
75231 0.8181818181818182
75235 0.6363636363636364
75236 0.36363636363636365
75660 1.0
75680 1.0
75685 1.0
75705 1.0
75710 1.0
75735 1.0
75831 1.0
75835 1.0
75856 1.0
75860 0.1111111111111111
75861 0.8888888888888888
76285 1.0
76310 1.0
76335 1.0
76360 1.0
76456 1.0
76460 0.2
76461 0.8
76481 1.0
76486 1.0
76910 1.0
76930 1.0
76935 1.0
76960 1.0
77081 1.0
77085 0.1111111111111111
77086 0.8888888888888888
77106 1.0
77111 1.0
77560 1.0
77681 1.0
77706 1.0
77711 1.0
77731 1.0
77736 1.0
