166 1.0
272 1.0
291 0.2
292 0.8
296 0.3333333333333333
297 0.6666666666666666
317 1.0
393 1.0
398 1.0
417 0.6666666666666666
418 0.3333333333333333
423 1.0
442 0.75
443 0.25
519 1.0
523 0.4
524 0.6
766 1.0
791 1.0
892 1.0
897 1.0
916 0.25
917 0.75
922 1.0
1018 1.0
1023 1.0
1042 0.3333333333333333
1043 0.6666666666666666
1047 0.5
1048 0.5
1067 0.75
1068 0.25
1144 1.0
1148 0.16666666666666666
1149 0.8333333333333334
1169 1.0
1173 0.6666666666666666
1174 0.3333333333333333
1391 1.0
1396 1.0
1416 1.0
1522 1.0
1541 0.5
1542 0.5
1547 1.0
1643 1.0
1648 1.0
1667 0.36363636363636365
1668 0.6363636363636364
1673 1.0
1692 0.8
1693 0.2
1768 0.3333333333333333
1769 0.6666666666666666
1774 1.0
1793 0.5
1794 0.5
1798 0.5
1799 0.5
2016 1.0
2021 1.0
2142 1.0
2147 1.0
2166 0.3333333333333333
2167 0.6666666666666666
2172 1.0
2268 1.0
2273 1.0
2292 0.46153846153846156
2293 0.5384615384615384
2317 0.5
2318 0.5
2398 0.36363636363636365
2399 0.6363636363636364
2418 1.0
2424 1.0
2641 1.0
2767 1.0
2772 1.0
2792 1.0
2893 1.0
2898 1.0
2917 0.36363636363636365
2918 0.6363636363636364
2923 1.0
2943 1.0
3018 0.5
3019 0.5
3023 0.15384615384615385
3024 0.8461538461538461
3049 1.0
3266 1.0
3271 1.0
3291 1.0
3296 1.0
3391 1.0
3397 1.0
3417 1.0
3442 1.0
3518 1.0
3523 1.0
3542 0.5
3543 0.5
3547 0.5
3548 0.5
3567 0.42857142857142855
3568 0.5714285714285714
3573 1.0
3643 1.0
3648 0.3333333333333333
3649 0.6666666666666666
3891 1.0
3896 1.0
3921 1.0
4016 1.0
4022 1.0
4042 1.0
4067 1.0
4167 0.5263157894736842
4168 0.47368421052631576
4172 0.25
4173 0.75
4192 0.6
4193 0.4
4273 0.2222222222222222
4274 0.7777777777777778
4298 0.2
4299 0.8
4541 1.0
4647 1.0
4667 1.0
4671 1.0
4692 1.0
4792 0.5384615384615384
4793 0.46153846153846156
4798 1.0
4817 0.5
4818 0.5
4893 1.0
4899 1.0
4918 1.0
4924 1.0
5146 1.0
5166 1.0
5272 1.0
5292 1.0
5297 1.0
5393 1.0
5398 1.0
5417 0.26666666666666666
5418 0.7333333333333333
5422 0.25
5423 0.75
5518 1.0
5523 0.25
5524 0.75
5543 0.5
5544 0.5
5548 0.25
5549 0.75
5766 1.0
5771 1.0
5791 1.0
5796 1.0
5892 1.0
5896 0.3333333333333333
5897 0.6666666666666666
5922 1.0
6018 1.0
6023 1.0
6042 0.3125
6043 0.6875
6047 0.25
6048 0.75
6068 1.0
6143 0.3333333333333333
6144 0.6666666666666666
6148 0.1111111111111111
6149 0.8888888888888888
6169 1.0
6173 0.25
6174 0.75
6391 1.0
6396 1.0
6517 1.0
6522 1.0
6541 0.6666666666666666
6542 0.3333333333333333
6643 1.0
6667 0.4166666666666667
6668 0.5833333333333334
6672 0.125
6673 0.875
6692 0.6666666666666666
6693 0.3333333333333333
6697 1.0
6768 0.3333333333333333
6769 0.6666666666666666
6773 0.16666666666666666
6774 0.8333333333333334
6793 1.0
7016 1.0
7041 1.0
7146 0.3333333333333333
7147 0.6666666666666666
7167 1.0
7171 1.0
7192 1.0
7273 1.0
7292 0.1111111111111111
7293 0.8888888888888888
7297 0.25
7298 0.75
7317 0.6
7318 0.4
7393 0.6666666666666666
7394 0.3333333333333333
7399 1.0
7418 1.0
7423 0.3333333333333333
7424 0.6666666666666666
7646 1.0
7666 1.0
7671 1.0
7772 1.0
7791 1.0
7893 1.0
7898 1.0
7917 0.38461538461538464
7918 0.6153846153846154
7923 1.0
7942 1.0
8018 0.3333333333333333
8019 0.6666666666666666
8023 0.125
8024 0.875
8266 1.0
8397 1.0
8417 1.0
8422 1.0
8442 1.0
8518 1.0
8523 1.0
8542 0.15789473684210525
8543 0.8421052631578947
8548 1.0
8643 0.5
8644 0.5
8649 1.0
8668 1.0
8674 1.0
8896 1.0
8916 1.0
9017 1.0
9021 0.25
9022 0.75
9041 0.5
9042 0.5
9143 1.0
9148 1.0
9167 0.09090909090909091
9168 0.9090909090909091
9172 0.14285714285714285
9173 0.8571428571428571
9193 1.0
9268 0.5
9269 0.5
9274 1.0
9293 0.5
9294 0.5
9299 1.0
9516 1.0
9541 1.0
9546 1.0
9647 1.0
9667 1.0
9768 1.0
9773 1.0
9792 0.3333333333333333
9793 0.6666666666666666
9797 0.3333333333333333
9798 0.6666666666666666
9818 1.0
9893 0.3333333333333333
9894 0.6666666666666666
9898 0.1111111111111111
9899 0.8888888888888888
9918 1.0
9923 1.0
10141 1.0
10146 1.0
10171 1.0
10272 1.0
10292 1.0
10297 1.0
10317 1.0
10397 0.3333333333333333
10398 0.6666666666666666
10417 0.25
10418 0.75
10423 1.0
10442 0.6666666666666666
10443 0.3333333333333333
10518 0.5
10519 0.5
10524 1.0
10543 0.4
10544 0.6
10548 0.4
10549 0.6
10766 1.0
10771 1.0
10892 1.0
10897 1.0
10917 1.0
10922 1.0
11018 1.0
11023 1.0
11042 0.3076923076923077
11043 0.6923076923076923
11048 1.0
11068 1.0
11144 1.0
11149 1.0
11173 1.0
11421 1.0
11517 1.0
11522 1.0
11542 1.0
11643 1.0
11648 1.0
11667 0.2727272727272727
11668 0.7272727272727273
11673 1.0
11769 1.0
11773 0.2
11774 0.8
11793 1.0
11799 1.0
12016 1.0
12046 1.0
12141 1.0
12147 1.0
12167 1.0
12268 1.0
12273 1.0
12292 0.2857142857142857
12293 0.7142857142857143
12297 0.5
12298 0.5
12393 1.0
12398 0.125
12399 0.875
12423 0.3333333333333333
12424 0.6666666666666666
12641 1.0
12666 1.0
12767 1.0
12771 0.2
12772 0.8
12792 1.0
12898 1.0
12917 0.25
12918 0.75
12922 0.3333333333333333
12923 0.6666666666666666
12942 0.3333333333333333
12943 0.6666666666666666
13018 1.0
13023 0.14285714285714285
13024 0.8571428571428571
13043 1.0
13048 0.5
13049 0.5
13271 1.0
13392 1.0
13397 1.0
13417 1.0
13422 1.0
13518 1.0
13523 1.0
13542 0.18181818181818182
13543 0.8181818181818182
13547 0.14285714285714285
13548 0.8571428571428571
13567 1.0
13644 1.0
13649 1.0
13674 1.0
13891 1.0
13916 1.0
14022 1.0
14042 1.0
14047 1.0
14143 1.0
14148 1.0
14167 0.4
14168 0.6
14173 1.0
14193 1.0
14268 1.0
14274 1.0
14293 0.6666666666666666
14294 0.3333333333333333
14298 0.2
14299 0.8
14521 1.0
14642 1.0
14647 1.0
14667 1.0
14672 1.0
14768 1.0
14773 1.0
14792 0.2727272727272727
14793 0.7272727272727273
14798 1.0
14894 1.0
14898 0.2
14899 0.8
14919 1.0
14924 1.0
15146 1.0
15267 1.0
15272 1.0
15292 1.0
15393 1.0
15398 1.0
15417 0.21428571428571427
15418 0.7857142857142857
15422 0.25
15423 0.75
15442 0.3333333333333333
15443 0.6666666666666666
15523 0.1111111111111111
15524 0.8888888888888888
15548 0.42857142857142855
15549 0.5714285714285714
15665 1.0
15790 0.5
15791 0.5
15811 1.0
15815 0.5
15816 0.5
15836 1.0
15841 1.0
15917 1.0
15936 0.5714285714285714
15937 0.42857142857142855
15941 0.2222222222222222
15942 0.7777777777777778
15961 0.8333333333333334
15962 0.16666666666666666
15966 0.8
15967 0.2
16411 1.0
16415 0.4444444444444444
16416 0.5555555555555556
16436 1.0
16441 1.0
16537 1.0
16541 0.25
16542 0.75
16561 0.45
16562 0.55
16566 0.4117647058823529
16567 0.5882352941176471
16586 0.5
16587 0.5
16591 0.6666666666666666
16592 0.3333333333333333
16667 1.0
16692 1.0
17016 1.0
17036 1.0
17041 1.0
17065 0.3333333333333333
17066 0.6666666666666666
17161 0.5
17162 0.5
17167 1.0
17186 0.4444444444444444
17187 0.5555555555555556
17191 0.26666666666666666
17192 0.7333333333333333
17211 1.0
17216 0.75
17217 0.25
17287 1.0
17312 1.0
17317 1.0
17661 1.0
17666 1.0
17691 1.0
17792 1.0
17811 0.1875
17812 0.8125
17816 0.4444444444444444
17817 0.5555555555555556
17841 1.0
17937 1.0
17942 1.0
18286 1.0
18291 1.0
18311 1.0
18412 1.0
18417 1.0
18436 0.14285714285714285
18437 0.8571428571428571
18441 0.23809523809523808
18442 0.7619047619047619
18462 1.0
18466 0.5
18467 0.5
18538 1.0
18542 1.0
18562 1.0
18567 0.6666666666666666
18568 0.3333333333333333
18911 1.0
18915 0.5
18916 0.5
18940 1.0
19042 1.0
19061 0.625
19062 0.375
19066 0.3333333333333333
19067 0.6666666666666666
19086 1.0
19091 0.5
19092 0.5
19187 1.0
19192 1.0
19541 1.0
19561 1.0
19566 1.0
19667 1.0
19686 0.6363636363636364
19687 0.36363636363636365
19691 0.42857142857142855
19692 0.5714285714285714
19711 0.3333333333333333
19712 0.6666666666666666
19716 1.0
19792 1.0
19817 1.0
20141 1.0
20166 1.0
20216 1.0
20291 0.4
20292 0.6
20311 0.25
20312 0.75
20316 0.4
20317 0.6
20337 1.0
20412 1.0
20417 1.0
20437 1.0
20766 1.0
20786 1.0
20790 0.2222222222222222
20791 0.7777777777777778
20811 1.0
20816 1.0
20917 1.0
20936 0.125
20937 0.875
20941 0.2
20942 0.8
20962 1.0
21042 1.0
21062 1.0
21067 1.0
21391 1.0
21415 0.2857142857142857
21416 0.7142857142857143
21537 1.0
21542 1.0
21561 0.07692307692307693
21562 0.9230769230769231
21566 0.2
21567 0.8
21587 1.0
21592 1.0
21667 1.0
22016 1.0
22040 0.25
22041 0.75
22066 1.0
22166 0.3333333333333333
22167 0.6666666666666666
22186 0.7
22187 0.3
22191 0.45454545454545453
22192 0.5454545454545454
22211 0.3333333333333333
22212 0.6666666666666666
22216 1.0
22292 1.0
22312 1.0
22317 1.0
22665 0.5
22666 0.5
22786 0.5
22787 0.5
22792 1.0
22811 0.4444444444444444
22812 0.5555555555555556
22816 0.19047619047619047
22817 0.8095238095238095
22836 1.0
22842 1.0
22917 1.0
22937 1.0
22942 1.0
23266 1.0
23286 1.0
23290 0.14285714285714285
23291 0.8571428571428571
23417 1.0
23436 0.14285714285714285
23437 0.8571428571428571
23441 0.5294117647058824
23442 0.47058823529411764
23461 0.5
23462 0.5
23467 1.0
23538 1.0
23542 0.5
23543 0.5
23562 1.0
23567 1.0
23915 0.14285714285714285
23916 0.8571428571428571
23941 1.0
24037 1.0
24042 1.0
24062 1.0
24066 0.1875
24067 0.8125
24087 1.0
24091 1.0
24167 1.0
24187 1.0
24192 1.0
24516 1.0
24541 1.0
24561 1.0
24566 1.0
24662 1.0
24667 1.0
24686 0.18181818181818182
24687 0.8181818181818182
24691 0.36363636363636365
24692 0.6363636363636364
24712 1.0
24717 1.0
24787 1.0
24792 0.75
24793 0.25
24812 1.0
24817 0.6666666666666666
24818 0.3333333333333333
25040 1.0
25141 1.0
25165 0.3333333333333333
25166 0.6666666666666666
25171 1.0
25287 1.0
25291 0.3333333333333333
25292 0.6666666666666666
25311 0.5714285714285714
25312 0.42857142857142855
25316 0.3157894736842105
25317 0.6842105263157895
25341 1.0
25417 1.0
25442 1.0
25786 1.0
25791 1.0
25912 1.0
25917 1.0
25936 0.42857142857142855
25937 0.5714285714285714
25941 0.18181818181818182
25942 0.8181818181818182
25966 0.5
25967 0.5
26042 1.0
26062 1.0
26067 0.8333333333333334
26068 0.16666666666666666
26415 0.25
26416 0.75
26537 1.0
26541 0.2
26542 0.8
26561 0.2
26562 0.8
26566 0.3125
26567 0.6875
26591 1.0
26662 1.0
26667 1.0
26687 1.0
26692 1.0
27041 1.0
27161 1.0
27167 1.0
27186 0.14285714285714285
27187 0.8571428571428571
27191 0.13333333333333333
27192 0.8666666666666667
27217 1.0
27288 1.0
27292 1.0
27641 1.0
27661 1.0
27666 1.0
27792 1.0
27812 1.0
27816 0.25
27817 0.75
27912 1.0
27917 1.0
27937 0.5
27938 0.5
27942 1.0
28286 1.0
28290 0.42857142857142855
28291 0.5714285714285714
28316 1.0
28417 1.0
28436 0.3
28437 0.7
28441 0.45454545454545453
28442 0.5454545454545454
28466 0.5
28467 0.5
28542 1.0
28567 1.0
28891 1.0
28915 0.4
28916 0.6
29036 1.0
29041 0.14285714285714285
29042 0.8571428571428571
29062 1.0
29066 0.48148148148148145
29067 0.5185185185185185
29091 1.0
29187 1.0
29192 0.5
29193 0.5
29536 1.0
29541 1.0
29662 1.0
29667 1.0
29687 1.0
29691 0.2222222222222222
29692 0.7777777777777778
29812 1.0
29817 0.8
29818 0.2
30166 1.0
30287 1.0
30292 1.0
30312 1.0
30316 0.05
30317 0.95
30413 1.0
30417 0.3333333333333333
30418 0.6666666666666666
30437 0.8
30438 0.2
30442 0.8333333333333334
30443 0.16666666666666666
30786 1.0
30791 1.0
30917 1.0
30937 1.0
30942 1.0
31042 1.0
31062 0.75
31063 0.25
31067 0.5
31068 0.5
31285 1.0
31290 1.0
31310 1.0
31410 1.0
31435 0.14285714285714285
31436 0.8571428571428571
31440 0.5
31441 0.5
31460 0.08333333333333333
31461 0.9166666666666666
31561 1.0
31910 1.0
31935 1.0
32035 0.6666666666666666
32036 0.3333333333333333
32060 0.38461538461538464
32061 0.6153846153846154
32085 0.1111111111111111
32086 0.8888888888888888
32091 1.0
32111 1.0
32186 1.0
32211 1.0
32535 1.0
32540 1.0
32560 1.0
32565 1.0
32660 1.0
32685 0.2
32686 0.8
32691 1.0
32711 1.0
32716 1.0
32811 1.0
32836 1.0
33165 1.0
33185 1.0
33285 1.0
33290 1.0
33311 1.0
33316 1.0
33336 1.0
33436 1.0
33461 0.8947368421052632
33462 0.10526315789473684
33790 1.0
33815 1.0
33910 0.25
33911 0.75
33935 0.1
33936 0.9
33941 1.0
33961 1.0
33966 1.0
34061 0.5555555555555556
34062 0.4444444444444444
34086 0.6
34087 0.4
34091 1.0
34410 1.0
34415 1.0
34440 1.0
34560 0.8
34561 0.2
34566 1.0
34586 1.0
34591 1.0
34611 1.0
34686 1.0
34711 1.0
35035 1.0
35040 1.0
35060 1.0
35065 1.0
35160 0.8
35161 0.2
35185 0.14285714285714285
35186 0.8571428571428571
35191 1.0
35211 1.0
35216 1.0
35311 1.0
35336 1.0
35341 1.0
35665 1.0
35690 1.0
35785 0.5
35786 0.5
35790 1.0
35810 0.1111111111111111
35811 0.8888888888888888
35836 1.0
35841 1.0
35936 0.6666666666666666
35937 0.3333333333333333
35941 1.0
35961 0.9230769230769231
35962 0.07692307692307693
36285 1.0
36315 1.0
36416 1.0
36436 1.0
36441 1.0
36461 1.0
36561 0.8421052631578947
36562 0.15789473684210525
36586 0.875
36587 0.125
36915 1.0
37040 1.0
37061 1.0
37066 1.0
37086 1.0
37186 0.5
37187 0.5
37191 1.0
37211 0.6363636363636364
37212 0.36363636363636365
37540 1.0
37560 1.0
37565 1.0
37661 1.0
37665 1.0
37685 0.3333333333333333
37686 0.6666666666666666
37690 1.0
37711 1.0
37716 1.0
37736 1.0
37811 1.0
37836 1.0
38160 1.0
38285 1.0
38311 1.0
38316 1.0
38336 1.0
38341 1.0
38436 1.0
38441 1.0
38461 1.0
38910 0.75
38911 0.25
38935 0.3333333333333333
38936 0.6666666666666666
38941 1.0
38961 1.0
39061 0.8
39062 0.2
39086 0.8461538461538461
39087 0.15384615384615385
39535 0.6666666666666666
39536 0.3333333333333333
39561 1.0
39566 1.0
39586 1.0
39686 0.7777777777777778
39687 0.2222222222222222
39691 1.0
39711 0.5714285714285714
39712 0.42857142857142855
39716 1.0
40040 1.0
40161 1.0
40165 1.0
40186 1.0
40191 1.0
40211 1.0
40311 0.6
40312 0.4
40316 1.0
40336 0.75
40337 0.25
40341 1.0
40660 1.0
40665 1.0
40790 1.0
40810 0.125
40811 0.875
40815 0.3333333333333333
40816 0.6666666666666666
40836 1.0
40841 1.0
40936 1.0
40961 1.0
41290 1.0
41410 1.0
41415 1.0
41435 0.25
41436 0.75
41461 1.0
41466 1.0
41561 0.75
41562 0.25
41566 1.0
41586 0.6666666666666666
41587 0.3333333333333333
41910 1.0
41915 1.0
41935 1.0
41940 1.0
42036 1.0
42040 0.75
42041 0.25
42061 1.0
42066 1.0
42086 1.0
42186 0.7142857142857143
42187 0.2857142857142857
42211 0.8461538461538461
42212 0.15384615384615385
42216 1.0
42535 1.0
42660 0.6666666666666666
42661 0.3333333333333333
42686 1.0
42691 1.0
42711 1.0
42811 0.7272727272727273
42812 0.2727272727272727
42816 1.0
42836 0.6
42837 0.4
42841 1.0
43160 1.0
43165 1.0
43190 1.0
43286 1.0
43290 0.6666666666666666
43291 0.3333333333333333
43311 1.0
43316 1.0
43336 1.0
43436 0.6086956521739131
43437 0.391304347826087
43441 1.0
43461 0.6111111111111112
43462 0.3888888888888889
43466 1.0
43785 1.0
43790 1.0
43910 0.3333333333333333
43911 0.6666666666666666
43935 0.1111111111111111
43936 0.8888888888888888
43940 0.14285714285714285
43941 0.8571428571428571
43961 1.0
43966 1.0
44061 1.0
44066 1.0
44086 0.8571428571428571
44087 0.14285714285714285
44091 1.0
44415 1.0
44440 1.0
44536 1.0
44560 0.09090909090909091
44561 0.9090909090909091
44566 1.0
44586 1.0
44591 1.0
44686 0.6666666666666666
44687 0.3333333333333333
44691 1.0
44711 0.6
44712 0.4
44716 1.0
45160 0.5
45161 0.5
45166 1.0
45186 1.0
45190 0.5
45191 0.5
45211 1.0
45216 1.0
45311 0.7
45312 0.3
45316 1.0
45336 0.7272727272727273
45337 0.2727272727272727
45341 0.3333333333333333
45342 0.6666666666666666
45786 1.0
45790 1.0
45811 1.0
45815 0.3333333333333333
45816 0.6666666666666666
45836 1.0
45841 1.0
45936 0.6666666666666666
45937 0.3333333333333333
45941 0.6666666666666666
45942 0.3333333333333333
45961 0.6
45962 0.4
45966 0.5
45967 0.5
46290 1.0
46410 0.25
46411 0.75
46415 1.0
46436 1.0
46441 1.0
46461 1.0
46561 0.5294117647058824
46562 0.47058823529411764
46566 0.5
46567 0.5
46586 0.2222222222222222
46587 0.7777777777777778
46910 1.0
46935 1.0
46940 1.0
47060 1.0
47081 1.0
47085 0.8275862068965517
47086 0.1724137931034483
47110 0.9
47111 0.1
47560 1.0
47706 1.0
47710 0.4074074074074074
47711 0.5925925925925926
47731 1.0
47735 0.2857142857142857
47736 0.7142857142857143
48160 1.0
48165 1.0
48185 1.0
48190 1.0
48311 1.0
48331 1.0
48335 0.21875
48336 0.78125
48356 1.0
48360 0.3333333333333333
48361 0.6666666666666666
48461 1.0
48810 1.0
48815 1.0
48935 1.0
48956 1.0
48960 0.175
48961 0.825
48981 1.0
48985 0.2
48986 0.8
49415 1.0
49435 1.0
49535 1.0
49560 0.1
49561 0.9
49581 1.0
49586 1.0
49611 1.0
49706 1.0
49711 1.0
50035 1.0
50040 1.0
50060 1.0
50065 1.0
50085 1.0
50185 1.0
50206 1.0
50210 0.5185185185185185
50211 0.48148148148148145
50235 0.6666666666666666
50236 0.3333333333333333
50660 1.0
50685 1.0
50810 0.5
50811 0.5
50835 0.14285714285714285
50836 0.8571428571428571
50856 1.0
50861 1.0
51285 1.0
51310 1.0
51315 1.0
51436 1.0
51456 1.0
51460 0.1
51461 0.9
51486 1.0
51935 1.0
51940 1.0
52056 1.0
52060 0.16666666666666666
52061 0.8333333333333334
52081 1.0
52086 1.0
52535 1.0
52540 1.0
52560 1.0
52565 1.0
52685 0.16666666666666666
52686 0.8333333333333334
52706 1.0
52711 1.0
52736 1.0
52831 1.0
52836 1.0
53165 1.0
53185 1.0
53331 1.0
53335 0.3181818181818182
53336 0.6818181818181818
53360 0.2
53361 0.8
53785 1.0
53810 1.0
53936 1.0
53956 1.0
53960 0.20689655172413793
53961 0.7931034482758621
53965 1.0
53981 1.0
53986 1.0
54086 1.0
54410 1.0
54435 1.0
54585 0.03571428571428571
54586 0.9642857142857143
54711 1.0
55035 1.0
55060 1.0
55065 1.0
55160 1.0
55181 1.0
55185 0.3333333333333333
55186 0.6666666666666666
55206 1.0
55211 1.0
55236 1.0
55336 1.0
55660 1.0
55685 1.0
55810 0.42857142857142855
55811 0.5714285714285714
55831 1.0
55836 1.0
55956 1.0
55961 1.0
56285 1.0
56310 1.0
56435 0.5
56436 0.5
56460 0.17142857142857143
56461 0.8285714285714286
56486 1.0
56586 1.0
56910 1.0
56915 1.0
56935 1.0
56940 1.0
57060 0.14285714285714285
57061 0.8571428571428571
57081 1.0
57085 0.10526315789473684
57086 0.8947368421052632
57091 1.0
57111 1.0
57211 1.0
57535 1.0
57540 1.0
57560 1.0
57565 1.0
57660 1.0
57685 1.0
57710 0.03333333333333333
57711 0.9666666666666667
57736 1.0
57811 1.0
57836 1.0
58160 1.0
58165 1.0
58185 1.0
58190 1.0
58285 1.0
58310 0.2222222222222222
58311 0.7777777777777778
58331 1.0
58336 1.0
58361 1.0
58461 1.0
58785 1.0
58810 1.0
58936 1.0
58961 1.0
59081 1.0
59086 0.6666666666666666
59087 0.3333333333333333
59435 1.0
59440 1.0
59560 0.5
59561 0.5
59586 1.0
59611 1.0
60035 1.0
60040 1.0
60060 1.0
60065 1.0
60160 1.0
60185 0.42857142857142855
60186 0.5714285714285714
60211 1.0
60216 1.0
60236 1.0
60336 1.0
60660 1.0
60685 1.0
60690 1.0
60810 0.5
60811 0.5
60835 0.02631578947368421
60836 0.9736842105263158
60841 1.0
60861 1.0
60936 1.0
60956 1.0
60961 1.0
61310 1.0
61435 0.16666666666666666
61436 0.8333333333333334
61461 1.0
61586 0.75
61587 0.25
61910 1.0
61935 1.0
62035 1.0
62061 1.0
62086 1.0
62111 1.0
62186 1.0
62211 0.5
62212 0.5
62555 1.0
62560 1.0
62580 1.0
62585 1.0
62610 1.0
62705 1.0
62710 1.0
62730 0.8
62731 0.2
62735 1.0
63180 1.0
63185 1.0
63210 1.0
63235 1.0
63330 0.5555555555555556
63331 0.4444444444444444
63335 1.0
63355 0.5555555555555556
63356 0.4444444444444444
63360 1.0
63785 1.0
63805 1.0
63810 1.0
63835 1.0
63860 1.0
63931 1.0
63955 0.45454545454545453
63956 0.5454545454545454
63960 0.9
63961 0.1
63980 0.25
63981 0.75
63985 0.7
63986 0.3
64430 1.0
64435 1.0
64460 1.0
64485 1.0
64580 0.18181818181818182
64581 0.8181818181818182
64585 0.7857142857142857
64586 0.21428571428571427
64606 1.0
64610 0.46153846153846156
64611 0.5384615384615384
65035 1.0
65055 1.0
65060 1.0
65206 1.0
65210 0.5
65211 0.5
65231 1.0
65236 1.0
65685 1.0
65710 1.0
65735 1.0
65830 0.75
65831 0.25
65835 1.0
65855 0.6666666666666666
65856 0.3333333333333333
65860 1.0
66285 1.0
66305 1.0
66310 1.0
66335 1.0
66360 1.0
66455 0.4444444444444444
66456 0.5555555555555556
66460 0.75
66461 0.25
66480 0.6666666666666666
66481 0.3333333333333333
66485 0.7647058823529411
66486 0.23529411764705882
66910 1.0
66930 1.0
66935 1.0
66960 1.0
67060 1.0
67080 0.09090909090909091
67081 0.9090909090909091
67085 0.7777777777777778
67086 0.2222222222222222
67106 1.0
67110 0.4
67111 0.6
67555 1.0
67560 1.0
67585 1.0
67610 1.0
67706 1.0
67710 0.5384615384615384
67711 0.46153846153846156
67731 1.0
67735 0.42857142857142855
67736 0.5714285714285714
68160 1.0
68185 1.0
68331 1.0
68335 0.3
68336 0.7
68356 1.0
68360 0.1111111111111111
68361 0.8888888888888888
68785 1.0
68810 1.0
68815 1.0
68835 1.0
68860 1.0
68955 0.5
68956 0.5
68960 1.0
68980 0.16666666666666666
68981 0.8333333333333334
68985 0.8461538461538461
68986 0.15384615384615385
69435 1.0
69460 1.0
69485 1.0
69580 0.3333333333333333
69581 0.6666666666666666
69585 0.75
69586 0.25
69605 0.25
69606 0.75
69610 0.7777777777777778
69611 0.2222222222222222
70035 1.0
70040 1.0
70060 1.0
70065 1.0
70085 1.0
70110 1.0
70180 1.0
70206 1.0
70210 0.6842105263157895
70211 0.3157894736842105
70231 1.0
70235 0.25
70236 0.75
70680 1.0
70685 1.0
70811 1.0
70831 1.0
70835 0.3
70836 0.7
70856 1.0
70860 0.2857142857142857
70861 0.7142857142857143
71285 1.0
71310 1.0
71315 1.0
71456 1.0
71460 0.2413793103448276
71461 0.7586206896551724
71481 1.0
71486 1.0
71915 1.0
71935 1.0
71940 1.0
71960 1.0
71985 1.0
72080 0.25
72081 0.75
72085 0.6
72086 0.4
72106 1.0
72110 0.8333333333333334
72111 0.16666666666666666
72560 1.0
72565 1.0
72685 1.0
72706 1.0
72710 0.44
72711 0.56
72731 1.0
72735 0.25
72736 0.75
73185 1.0
73310 1.0
73331 1.0
73335 0.25
73336 0.75
73356 1.0
73360 0.1111111111111111
73361 0.8888888888888888
73785 1.0
73810 1.0
73936 1.0
73956 1.0
73960 0.05
73961 0.95
73981 1.0
73986 1.0
74410 1.0
74435 1.0
74556 1.0
74581 1.0
74586 1.0
74611 1.0
75035 1.0
75040 1.0
75055 1.0
75060 1.0
75085 1.0
75185 1.0
75206 1.0
75210 0.52
75211 0.48
75231 1.0
75235 0.3333333333333333
75236 0.6666666666666666
75660 1.0
75685 1.0
75710 1.0
75810 1.0
75831 1.0
75835 0.45
75836 0.55
75856 1.0
75860 0.23076923076923078
75861 0.7692307692307693
76285 1.0
76290 1.0
76310 1.0
76315 1.0
76335 1.0
76435 1.0
76456 1.0
76460 0.13043478260869565
76461 0.8695652173913043
76481 1.0
76486 1.0
76910 1.0
76935 1.0
77061 1.0
77081 1.0
77085 0.045454545454545456
77086 0.9545454545454546
77111 1.0
77560 1.0
77681 1.0
77686 1.0
77706 1.0
77711 1.0
77731 1.0
77736 1.0
