31 1.0
56 1.0
61 0.5
62 0.5
81 1.0
87 1.0
106 1.0
112 1.0
131 1.0
137 1.0
150 1.0
155 0.15384615384615385
156 0.8461538461538461
162 1.0
175 1.0
180 0.125
181 0.875
187 1.0
200 1.0
205 0.058823529411764705
206 0.9411764705882353
212 1.0
231 1.0
236 0.5
237 0.5
268 1.0
273 0.5
274 0.5
275 1.0
280 0.25
281 0.75
287 1.0
293 1.0
300 1.0
305 0.08333333333333333
306 0.9166666666666666
311 0.09090909090909091
312 0.9090909090909091
318 1.0
325 1.0
331 1.0
387 1.0
393 1.0
399 1.0
400 1.0
405 0.09090909090909091
406 0.9090909090909091
411 0.07692307692307693
412 0.9230769230769231
418 1.0
425 1.0
431 1.0
437 1.0
512 1.0
518 1.0
524 1.0
537 1.0
543 1.0
662 1.0
667 1.0
687 1.0
712 1.0
756 1.0
762 1.0
781 1.0
787 1.0
793 1.0
806 1.0
811 0.25
812 0.75
831 1.0
836 0.09090909090909091
837 0.9090909090909091
856 1.0
862 1.0
887 1.0
899 1.0
900 1.0
905 0.06666666666666667
906 0.9333333333333333
912 1.0
918 1.0
925 1.0
930 0.0625
931 0.9375
937 1.0
956 1.0
1012 1.0
1018 1.0
1024 1.0
1025 1.0
1030 0.05
1031 0.95
1036 0.09090909090909091
1037 0.9090909090909091
1043 1.0
1050 1.0
1056 1.0
1143 1.0
1148 0.16666666666666666
1149 0.8333333333333334
1150 1.0
1156 1.0
1162 1.0
1168 1.0
1287 1.0
1381 1.0
1387 1.0
1393 1.0
1399 1.0
1406 1.0
1411 0.08333333333333333
1412 0.9166666666666666
1418 1.0
1431 1.0
1437 1.0
1462 1.0
1506 1.0
1512 1.0
1518 1.0
1524 1.0
1525 1.0
1530 0.09090909090909091
1531 0.9090909090909091
1536 0.14285714285714285
1537 0.8571428571428571
1543 1.0
1556 1.0
1561 0.058823529411764705
1562 0.9411764705882353
1568 1.0
1581 1.0
1587 1.0
1592 1.0
1637 1.0
1643 1.0
1649 1.0
1650 1.0
1655 0.06451612903225806
1656 0.9354838709677419
1661 0.10526315789473684
1662 0.8947368421052632
1667 0.09090909090909091
1668 0.9090909090909091
1674 1.0
1680 0.2
1681 0.8
1687 1.0
1693 1.0
1762 1.0
1768 1.0
1773 0.09090909090909091
1774 0.9090909090909091
1775 1.0
1781 1.0
1786 0.3333333333333333
1787 0.6666666666666666
1793 1.0
1918 1.0
2005 0.3333333333333333
2006 0.6666666666666666
2012 1.0
2018 1.0
2031 1.0
2037 1.0
2043 1.0
2062 1.0
2067 1.0
2087 1.0
2136 0.3333333333333333
2137 0.6666666666666666
2143 1.0
2149 1.0
2156 1.0
2162 1.0
2181 1.0
2186 0.041666666666666664
2187 0.9583333333333334
2193 1.0
2206 1.0
2212 1.0
2262 1.0
2268 1.0
2274 1.0
2275 1.0
2281 1.0
2287 1.0
2292 0.07142857142857142
2293 0.9285714285714286
2299 1.0
2306 1.0
2312 1.0
2387 1.0
2393 1.0
2399 1.0
2400 1.0
2405 1.0
2412 1.0
2418 1.0
2637 1.0
2643 1.0
2649 1.0
2656 1.0
2662 1.0
2668 1.0
2687 1.0
2693 1.0
2712 1.0
2761 0.5
2762 0.5
2768 1.0
2774 1.0
2781 1.0
2787 1.0
2793 1.0
2806 1.0
2811 0.047619047619047616
2812 0.9523809523809523
2817 0.25
2818 0.75
2837 1.0
2843 1.0
2887 1.0
2893 1.0
2899 1.0
2906 1.0
2911 0.037037037037037035
2912 0.9629629629629629
2917 0.047619047619047616
2918 0.9523809523809523
2931 1.0
2937 1.0
2943 1.0
3012 1.0
3018 1.0
3024 1.0
3025 1.0
3031 1.0
3037 1.0
3043 1.0
3155 0.2
3156 0.8
3175 1.0
3181 1.0
3187 1.0
3200 1.0
3206 1.0
3212 1.0
3225 1.0
3230 0.03333333333333333
3231 0.9666666666666667
3237 1.0
3275 1.0
3300 1.0
3325 1.0
3330 0.2222222222222222
3331 0.7777777777777778
3350 1.0
3356 1.0
3400 1.0
3425 1.0
3430 1.0
3450 1.0
3525 1.0
3550 1.0
3650 1.0
3781 1.0
3787 1.0
3806 1.0
3812 1.0
3831 1.0
3837 1.0
3856 1.0
3875 1.0
3900 1.0
3906 1.0
3925 1.0
3930 0.18181818181818182
3931 0.8181818181818182
3950 1.0
3955 0.03225806451612903
3956 0.967741935483871
3962 1.0
3975 1.0
3981 1.0
3987 1.0
4025 1.0
4050 1.0
4055 0.5
4056 0.5
4075 1.0
4080 0.25
4081 0.75
4150 1.0
4175 1.0
4275 1.0
4406 1.0
4412 1.0
4431 1.0
4436 0.08333333333333333
4437 0.9166666666666666
4456 1.0
4461 0.3333333333333333
4462 0.6666666666666666
4486 1.0
4505 1.0
4525 1.0
4531 1.0
4550 1.0
4555 0.14285714285714285
4556 0.8571428571428571
4575 1.0
4581 1.0
4587 1.0
4606 1.0
4612 1.0
4650 1.0
4655 0.5
4656 0.5
4675 1.0
4680 0.2916666666666667
4681 0.7083333333333334
4700 1.0
4706 1.0
4775 1.0
4800 1.0
4900 1.0
5031 1.0
5036 0.2
5037 0.8
5043 1.0
5056 1.0
5062 1.0
5125 1.0
5150 1.0
5156 1.0
5181 1.0
5186 0.3333333333333333
5187 0.6666666666666666
5206 1.0
5211 0.05263157894736842
5212 0.9473684210526315
5231 1.0
5275 1.0
5281 1.0
5300 1.0
5305 0.14705882352941177
5306 0.8529411764705882
5331 1.0
5400 1.0
5425 1.0
5430 0.6666666666666666
5431 0.3333333333333333
5525 1.0
5656 1.0
5662 1.0
5775 1.0
5780 0.1111111111111111
5781 0.8888888888888888
5787 1.0
5806 1.0
5811 0.14285714285714285
5812 0.8571428571428571
5831 1.0
5836 0.1111111111111111
5837 0.8888888888888888
5843 1.0
5861 1.0
5900 1.0
5905 0.125
5906 0.875
5925 1.0
5930 0.1
5931 0.9
5936 0.25
5937 0.75
5956 1.0
5962 1.0
6025 1.0
6030 0.2
6031 0.8
6050 1.0
6055 0.09090909090909091
6056 0.9090909090909091
6150 1.0
6275 1.0
6281 1.0
6300 1.0
6305 0.14285714285714285
6306 0.8571428571428571
6312 1.0
6325 1.0
6330 0.16666666666666666
6331 0.8333333333333334
6350 1.0
6355 0.047619047619047616
6356 0.9523809523809523
6375 1.0
6400 1.0
6425 1.0
6450 1.0
6475 1.0
6500 1.0
6525 1.0
6550 1.0
6575 1.0
6650 1.0
6675 1.0
6775 1.0
6900 1.0
6906 1.0
6925 1.0
6930 0.1111111111111111
6931 0.8888888888888888
6937 1.0
6956 1.0
6962 1.0
6975 1.0
6981 1.0
6987 1.0
7025 1.0
7050 1.0
7075 1.0
7080 0.2222222222222222
7081 0.7777777777777778
7100 1.0
7105 0.1
7106 0.9
7150 1.0
7175 1.0
7200 1.0
7275 1.0
7300 1.0
7400 1.0
7530 0.5
7531 0.5
7537 1.0
7556 1.0
7562 1.0
7581 1.0
7587 1.0
7606 1.0
7650 1.0
7675 1.0
7680 0.5
7681 0.5
7700 1.0
7705 0.12
7706 0.88
7731 1.0
7775 1.0
7800 1.0
7825 1.0
7900 1.0
7925 1.0
8025 1.0
8156 1.0
8162 1.0
8181 1.0
8187 1.0
8206 1.0
8211 0.3333333333333333
8212 0.6666666666666666
8237 1.0
8250 1.0
8275 1.0
8281 1.0
8300 1.0
8306 1.0
8325 1.0
8330 0.07894736842105263
8331 0.9210526315789473
8337 1.0
8356 1.0
8362 1.0
8375 1.0
8400 1.0
8425 1.0
8430 1.0
8450 1.0
8455 0.6666666666666666
8456 0.3333333333333333
8525 1.0
8550 1.0
8650 1.0
8781 1.0
8806 1.0
8812 1.0
8837 1.0
8862 1.0
8875 1.0
8900 1.0
8906 1.0
8925 1.0
8930 0.1
8931 0.9
8956 1.0
8961 0.25
8962 0.75
8981 1.0
8987 1.0
9025 1.0
9050 1.0
9055 0.2
9056 0.8
9075 1.0
9081 1.0
9150 1.0
9175 1.0
9275 1.0
9400 1.0
9425 1.0
9431 1.0
9450 1.0
9456 1.0
9462 1.0
9475 1.0
9481 1.0
9487 1.0
9525 1.0
9550 1.0
9575 1.0
9600 1.0
9625 1.0
9650 1.0
9675 1.0
9700 1.0
9750 1.0
9775 1.0
9800 1.0
9900 1.0
10025 1.0
10050 1.0
10055 0.14285714285714285
10056 0.8571428571428571
10062 1.0
10081 1.0
10100 1.0
10105 0.03333333333333333
10106 0.9666666666666667
10112 1.0
10150 1.0
10175 1.0
10200 1.0
10225 1.0
10250 1.0
10275 1.0
10300 1.0
10325 1.0
10400 1.0
10425 1.0
10525 1.0
10650 1.0
10656 1.0
10675 1.0
10680 0.125
10681 0.875
10706 1.0
10731 1.0
10737 1.0
10775 1.0
10800 1.0
10825 1.0
10830 0.3333333333333333
10831 0.6666666666666666
10850 1.0
10855 0.2857142857142857
10856 0.7142857142857143
10875 1.0
10900 1.0
10925 1.0
10950 1.0
11025 1.0
11050 1.0
11150 1.0
11275 1.0
11281 1.0
11306 1.0
11311 1.0
11331 1.0
11337 1.0
11356 1.0
11362 1.0
11400 1.0
11425 1.0
11450 1.0
11456 1.0
11475 1.0
11481 1.0
11500 1.0
11525 1.0
11550 1.0
11575 1.0
11650 1.0
11675 1.0
11775 1.0
11900 1.0
11905 0.5
11906 0.5
11931 1.0
11937 1.0
11962 1.0
12025 1.0
12030 1.0
12050 1.0
12055 0.6666666666666666
12056 0.3333333333333333
12075 1.0
12080 0.06666666666666667
12081 0.9333333333333333
12106 1.0
12150 1.0
12175 1.0
12200 1.0
12275 1.0
12300 1.0
12325 1.0
12400 1.0
12525 1.0
12550 1.0
12556 1.0
12562 1.0
12575 1.0
12581 1.0
12600 1.0
12606 1.0
12625 1.0
12650 1.0
12675 1.0
12700 1.0
12725 1.0
12750 1.0
12775 1.0
12800 1.0
12825 1.0
12900 1.0
12925 1.0
13000 1.0
13025 1.0
13150 1.0
13155 1.0
13175 1.0
13181 1.0
13187 1.0
13200 1.0
13205 1.0
13225 1.0
13230 0.03333333333333333
13231 0.9666666666666667
13237 1.0
13250 1.0
13275 1.0
13300 1.0
13325 1.0
13350 1.0
13400 1.0
13425 1.0
13450 1.0
13525 1.0
13550 1.0
13650 1.0
13775 1.0
13781 1.0
13800 1.0
13805 0.1111111111111111
13806 0.8888888888888888
13812 1.0
13825 1.0
13831 1.0
13837 1.0
13850 1.0
13856 1.0
13862 1.0
13900 1.0
13925 1.0
13950 1.0
13975 1.0
14000 1.0
14025 1.0
14050 1.0
14075 1.0
14150 1.0
14175 1.0
14275 1.0
14400 1.0
14412 1.0
14425 1.0
14431 1.0
14437 1.0
14450 1.0
14455 0.16666666666666666
14456 0.8333333333333334
14462 1.0
14481 1.0
14487 1.0
14500 1.0
14525 1.0
14550 1.0
14575 1.0
14580 0.16666666666666666
14581 0.8333333333333334
14600 1.0
14606 1.0
14625 1.0
14650 1.0
14675 1.0
14700 1.0
14775 1.0
14800 1.0
14900 1.0
15025 1.0
15030 0.3333333333333333
15031 0.6666666666666666
15037 1.0
15050 1.0
15056 1.0
15062 1.0
15081 1.0
15087 1.0
15106 1.0
15112 1.0
15150 1.0
15175 1.0
15200 1.0
15205 0.1111111111111111
15206 0.8888888888888888
15225 1.0
15231 1.0
15275 1.0
15300 1.0
15325 1.0
15400 1.0
15425 1.0
15525 1.0
