143 1.0
162 1.0
167 0.07142857142857142
168 0.9285714285714286
173 1.0
268 1.0
273 0.2
274 0.8
287 1.0
292 0.24
293 0.76
298 0.3333333333333333
299 0.6666666666666666
312 1.0
317 0.46875
318 0.53125
343 1.0
393 1.0
398 0.23076923076923078
399 0.7692307692307693
417 0.0851063829787234
418 0.9148936170212766
423 0.625
424 0.375
437 1.0
442 0.3125
443 0.6875
518 1.0
523 0.038461538461538464
524 0.9615384615384616
543 1.0
548 0.2
549 0.8
768 1.0
773 0.6666666666666666
774 0.3333333333333333
792 0.047619047619047616
793 0.9523809523809523
798 0.5
799 0.5
893 1.0
899 1.0
912 1.0
917 0.16
918 0.84
923 1.0
937 1.0
942 0.21875
943 0.78125
1018 1.0
1023 0.16666666666666666
1024 0.8333333333333334
1042 0.09433962264150944
1043 0.9056603773584906
1048 0.4
1049 0.6
1062 1.0
1067 0.29411764705882354
1068 0.7058823529411765
1143 1.0
1149 1.0
1168 1.0
1173 0.15384615384615385
1174 0.8461538461538461
1393 1.0
1398 0.25
1399 0.75
1417 0.05
1418 0.95
1424 1.0
1518 1.0
1523 0.23076923076923078
1524 0.7692307692307693
1537 1.0
1542 0.25
1543 0.75
1549 1.0
1567 0.1875
1568 0.8125
1643 1.0
1648 0.1111111111111111
1649 0.8888888888888888
1662 1.0
1667 0.07692307692307693
1668 0.9230769230769231
1673 0.42857142857142855
1674 0.5714285714285714
1687 1.0
1692 0.16666666666666666
1693 0.8333333333333334
1698 1.0
1768 1.0
1774 1.0
1793 1.0
1798 0.125
1799 0.875
2018 1.0
2024 1.0
2037 1.0
2043 1.0
2049 1.0
2143 1.0
2148 0.1111111111111111
2149 0.8888888888888888
2162 1.0
2167 0.13636363636363635
2168 0.8636363636363636
2192 0.16666666666666666
2193 0.8333333333333334
2268 1.0
2273 0.25
2274 0.75
2287 1.0
2292 0.058823529411764705
2293 0.9411764705882353
2298 0.5384615384615384
2299 0.46153846153846156
2312 1.0
2317 0.25
2318 0.75
2393 1.0
2398 0.08823529411764706
2399 0.9117647058823529
2418 1.0
2423 0.4
2424 0.6
2643 1.0
2648 0.25
2649 0.75
2668 1.0
2768 1.0
2773 0.07692307692307693
2774 0.9230769230769231
2792 0.08695652173913043
2793 0.9130434782608695
2798 0.75
2799 0.25
2817 0.15384615384615385
2818 0.8461538461538461
2893 1.0
2898 0.14285714285714285
2899 0.8571428571428571
2917 0.06
2918 0.94
2923 0.5333333333333333
2924 0.4666666666666667
2942 0.24
2943 0.76
3018 1.0
3023 0.029411764705882353
3024 0.9705882352941176
3043 1.0
3048 0.46153846153846156
3049 0.5384615384615384
3162 1.0
3167 0.25
3168 0.75
3187 1.0
3193 1.0
3287 1.0
3292 0.75
3293 0.25
3311 0.02702702702702703
3312 0.972972972972973
3317 0.8888888888888888
3318 0.1111111111111111
3336 0.09803921568627451
3337 0.9019607843137255
3342 1.0
3362 1.0
3412 1.0
3436 0.033707865168539325
3437 0.9662921348314607
3442 0.7878787878787878
3443 0.21212121212121213
3461 0.19148936170212766
3462 0.8085106382978723
3467 1.0
3562 1.0
3787 1.0
3792 0.5
3793 0.5
3812 1.0
3818 1.0
3912 1.0
3917 0.3888888888888889
3918 0.6111111111111112
3936 0.045454545454545456
3937 0.9545454545454546
3942 0.6666666666666666
3943 0.3333333333333333
3961 0.045454545454545456
3962 0.9545454545454546
3967 0.8333333333333334
3968 0.16666666666666666
4061 0.109375
4062 0.890625
4067 0.6571428571428571
4068 0.34285714285714286
4086 0.17647058823529413
4087 0.8235294117647058
4092 1.0
4412 1.0
4417 0.3333333333333333
4418 0.6666666666666666
4437 1.0
4442 1.0
4537 1.0
4542 0.35
4543 0.65
4562 1.0
4567 0.75
4568 0.25
4587 1.0
4592 1.0
4662 1.0
4667 1.0
4686 0.014084507042253521
4687 0.9859154929577465
4692 0.5454545454545454
4693 0.45454545454545453
4711 0.1
4712 0.9
4717 0.4
4718 0.6
4812 1.0
4817 1.0
5037 1.0
5043 1.0
5067 1.0
5162 1.0
5167 0.3333333333333333
5168 0.6666666666666666
5187 1.0
5192 0.5833333333333334
5193 0.4166666666666667
5212 1.0
5217 1.0
5287 1.0
5292 0.6666666666666666
5293 0.3333333333333333
5312 1.0
5317 0.5609756097560976
5318 0.43902439024390244
5336 0.13043478260869565
5337 0.8695652173913043
5342 1.0
5437 1.0
5667 0.4
5668 0.6
5787 1.0
5792 0.21428571428571427
5793 0.7857142857142857
5812 1.0
5817 0.6666666666666666
5818 0.3333333333333333
5837 1.0
5842 0.8333333333333334
5843 0.16666666666666666
5912 1.0
5917 1.0
5936 0.013888888888888888
5937 0.9861111111111112
5942 0.4186046511627907
5943 0.5813953488372093
5962 1.0
5967 0.7142857142857143
5968 0.2857142857142857
6037 1.0
6062 1.0
6286 0.18181818181818182
6287 0.8181818181818182
6292 1.0
6311 0.13043478260869565
6312 0.8695652173913043
6337 1.0
6362 1.0
6411 0.5
6412 0.5
6431 1.0
6436 0.4090909090909091
6437 0.5909090909090909
6456 1.0
6461 0.4263565891472868
6462 0.5736434108527132
6481 1.0
6486 0.5217391304347826
6487 0.4782608695652174
6556 1.0
6581 1.0
6586 0.6666666666666666
6587 0.3333333333333333
6912 1.0
6917 1.0
6936 0.047619047619047616
6937 0.9523809523809523
6942 1.0
7037 1.0
7056 1.0
7061 0.28
7062 0.72
7081 1.0
7086 0.3225806451612903
7087 0.6774193548387096
7106 1.0
7111 0.4444444444444444
7112 0.5555555555555556
7187 1.0
7206 1.0
7211 0.75
7212 0.25
7537 1.0
7542 0.4
7543 0.6
7562 1.0
7568 1.0
7661 1.0
7686 0.23529411764705882
7687 0.7647058823529411
7706 1.0
7711 0.2777777777777778
7712 0.7222222222222222
7731 1.0
7737 1.0
7811 0.75
7812 0.25
7831 1.0
7836 0.7
7837 0.3
8162 1.0
8167 0.8333333333333334
8168 0.16666666666666666
8187 1.0
8192 0.6
8193 0.4
8287 1.0
8311 0.23076923076923078
8312 0.7692307692307693
8331 1.0
8336 0.1984732824427481
8337 0.8015267175572519
8342 1.0
8362 1.0
8431 1.0
8436 0.6666666666666666
8437 0.3333333333333333
8456 1.0
8461 0.47368421052631576
8462 0.5263157894736842
8787 1.0
8792 0.3333333333333333
8793 0.6666666666666666
8812 1.0
8817 0.5
8818 0.5
8912 1.0
8936 0.10416666666666667
8937 0.8958333333333334
8942 1.0
8956 1.0
8961 0.09278350515463918
8962 0.9072164948453608
8967 1.0
8987 1.0
9062 1.0
9081 1.0
9086 0.35714285714285715
9087 0.6428571428571429
9411 0.5
9412 0.5
9431 1.0
9436 0.2692307692307692
9437 0.7307692307692307
9456 1.0
9461 0.5789473684210527
9462 0.42105263157894735
9481 1.0
9486 0.6206896551724138
9487 0.3793103448275862
9556 1.0
9581 1.0
9586 0.9696969696969697
9587 0.030303030303030304
9606 1.0
9611 0.9
9612 0.1
10036 0.16666666666666666
10037 0.8333333333333334
10056 1.0
10061 0.2413793103448276
10062 0.7586206896551724
10067 1.0
10081 1.0
10086 0.25
10087 0.75
10106 1.0
10111 0.3125
10112 0.6875
10186 1.0
10206 1.0
10211 0.6739130434782609
10212 0.32608695652173914
10231 1.0
10236 0.7391304347826086
10237 0.2608695652173913
10662 1.0
10681 1.0
10686 0.1
10687 0.9
10692 1.0
10712 1.0
10737 1.0
10831 1.0
10836 0.5925925925925926
10837 0.4074074074074074
10856 1.0
10861 0.4
10862 0.6
11287 1.0
11311 0.15384615384615385
11312 0.8461538461538461
11317 1.0
11337 1.0
11362 1.0
11431 1.0
11436 1.0
11456 1.0
11461 0.45161290322580644
11462 0.5483870967741935
11481 1.0
11486 0.4666666666666667
11487 0.5333333333333333
11581 1.0
11911 0.2
11912 0.8
11931 1.0
11936 0.058823529411764705
11937 0.9411764705882353
11942 1.0
11962 1.0
12056 1.0
12061 0.4
12062 0.6
12081 1.0
12086 0.4375
12087 0.5625
12106 1.0
12111 0.34782608695652173
12112 0.6521739130434783
12206 1.0
12537 1.0
12556 1.0
12561 0.22727272727272727
12562 0.7727272727272727
12581 1.0
12586 0.6
12587 0.4
12606 1.0
12611 0.64
12612 0.36
12705 0.041666666666666664
12706 0.9583333333333334
12730 0.034482758620689655
12731 0.9655172413793104
13162 1.0
13181 1.0
13186 0.22727272727272727
13187 0.7727272727272727
13206 1.0
13211 0.6363636363636364
13212 0.36363636363636365
13231 1.0
13236 0.45454545454545453
13237 0.5454545454545454
13331 1.0
13336 1.0
13356 1.0
13361 1.0
13787 1.0
13806 1.0
13811 0.11538461538461539
13812 0.8846153846153846
13831 1.0
13836 0.4782608695652174
13837 0.5217391304347826
13856 1.0
13861 0.4411764705882353
13862 0.5588235294117647
13956 1.0
13961 0.875
13962 0.125
13981 1.0
13986 1.0
14412 1.0
14431 1.0
14436 0.21428571428571427
14437 0.7857142857142857
14456 1.0
14461 0.2777777777777778
14462 0.7222222222222222
14481 1.0
14486 0.35
14487 0.65
14581 1.0
14586 0.4166666666666667
14587 0.5833333333333334
14606 1.0
14611 0.875
14612 0.125
15037 1.0
15056 1.0
15061 0.2692307692307692
15062 0.7307692307692307
15081 1.0
15086 0.16
15087 0.84
15111 0.3333333333333333
15112 0.6666666666666666
15181 1.0
15206 1.0
15211 0.7777777777777778
15212 0.2222222222222222
15231 1.0
15236 0.375
15237 0.625
