57 1.0
62 1.0
83 1.0
88 1.0
109 1.0
114 1.0
187 1.0
208 1.0
213 1.0
234 1.0
239 1.0
265 1.0
291 1.0
312 0.5
313 0.5
317 1.0
395 1.0
416 1.0
656 1.0
776 1.0
781 1.0
786 1.0
807 1.0
828 1.0
833 1.0
911 1.0
916 1.0
932 1.0
937 1.0
953 1.0
958 1.0
1036 1.0
1041 1.0
1057 1.0
1140 1.0
1145 1.0
1166 1.0
1401 1.0
1406 1.0
1427 1.0
1526 1.0
1536 1.0
1552 1.0
1557 1.0
1562 1.0
1578 1.0
1656 1.0
1661 1.0
1682 1.0
1687 1.0
1765 1.0
2005 1.0
2010 1.0
2026 1.0
2031 1.0
2151 1.0
2156 1.0
2161 1.0
2177 1.0
2182 1.0
2265 1.0
2276 1.0
2281 1.0
2286 1.0
2301 0.14285714285714285
2302 0.8571428571428571
2307 1.0
2390 1.0
2395 1.0
2411 1.0
2416 1.0
2651 1.0
2765 1.0
2770 1.0
2775 0.25
2776 0.75
2781 1.0
2885 1.0
2890 1.0
2901 1.0
2906 1.0
2911 1.0
2931 1.0
3010 1.0
3015 1.0
3020 1.0
3036 1.0
3161 1.0
3187 1.0
3213 1.0
3286 1.0
3291 1.0
3307 1.0
3312 1.0
3333 1.0
3338 1.0
3359 1.0
3364 1.0
3416 1.0
3437 1.0
3458 1.0
3520 1.0
3541 1.0
3786 1.0
3811 0.5
3812 0.5
3906 1.0
3911 1.0
3932 1.0
3937 1.0
3958 1.0
3963 1.0
4020 1.0
4036 1.0
4057 1.0
4062 1.0
4082 0.25
4083 0.75
4145 1.0
4161 1.0
4166 1.0
4270 1.0
4531 1.0
4541 1.0
4677 1.0
4682 1.0
4687 1.0
4781 1.0
4786 1.0
4791 1.0
4802 1.0
4807 1.0
4890 1.0
4895 1.0
4911 1.0
4916 1.0
5156 1.0
5161 1.0
5276 1.0
5281 1.0
5286 1.0
5302 1.0
5307 1.0
5385 1.0
5401 1.0
5406 1.0
5411 1.0
5416 1.0
5432 1.0
5515 1.0
5520 1.0
5541 1.0
5755 1.0
5760 1.0
5781 1.0
5885 1.0
5895 1.0
5901 1.0
5906 1.0
6010 1.0
6015 1.0
6026 1.0
6031 1.0
6036 1.0
6140 1.0
6145 1.0
6151 1.0
6156 1.0
6161 1.0
6286 1.0
6390 1.0
6395 1.0
6411 1.0
6416 1.0
6432 1.0
6437 1.0
6463 1.0
6515 1.0
6536 1.0
6562 1.0
6567 1.0
6583 1.0
6588 1.0
6645 1.0
6661 1.0
6666 1.0
6692 1.0
6770 1.0
7015 1.0
7031 1.0
7036 1.0
7057 1.0
7140 1.0
7166 1.0
7182 1.0
7187 1.0
7208 1.0
7213 1.0
7265 1.0
7270 1.0
7286 1.0
7291 1.0
7296 1.0
7312 1.0
7390 1.0
7395 1.0
7656 1.0
7661 1.0
7765 1.0
7770 1.0
7781 1.0
7786 1.0
7791 1.0
7807 1.0
7890 1.0
7895 1.0
7906 1.0
7911 1.0
7916 1.0
7931 0.5
7932 0.5
7937 1.0
8015 1.0
8041 1.0
8260 1.0
8281 1.0
8385 1.0
8390 1.0
8406 1.0
8416 1.0
8431 0.6666666666666666
8432 0.3333333333333333
8515 1.0
8526 1.0
8531 1.0
8536 1.0
8541 1.0
8552 1.0
8556 1.0
8640 1.0
8645 1.0
8661 1.0
8885 1.0
8906 1.0
9005 1.0
9010 1.0
9015 1.0
9026 1.0
9031 1.0
9135 1.0
9140 1.0
9151 1.0
9156 1.0
9161 1.0
9260 1.0
9265 1.0
9270 1.0
9276 1.0
9281 1.0
9286 1.0
9416 1.0
9515 1.0
9536 1.0
9541 1.0
9562 1.0
9588 1.0
9666 1.0
9687 1.0
9692 1.0
9708 1.0
9713 1.0
9770 1.0
9786 1.0
9791 1.0
9796 1.0
9895 1.0
9916 1.0
10161 1.0
10166 1.0
10187 1.0
10265 1.0
10270 1.0
10286 1.0
10307 1.0
10312 1.0
10317 1.0
10333 1.0
10338 1.0
10390 1.0
10395 1.0
10411 1.0
10416 1.0
10432 1.0
10437 1.0
10515 1.0
10520 1.0
10541 1.0
10760 1.0
10765 1.0
10786 1.0
10791 1.0
10890 1.0
10906 1.0
10911 1.0
10932 1.0
10937 1.0
11031 1.0
11036 1.0
11040 0.3333333333333333
11041 0.6666666666666666
11057 1.0
11062 1.0
11140 1.0
11145 1.0
11166 1.0
11411 1.0
11505 1.0
11510 1.0
11515 1.0
11531 1.0
11536 1.0
11635 1.0
11640 1.0
11656 1.0
11661 1.0
11666 1.0
11760 1.0
11770 1.0
11781 1.0
12000 1.0
12005 1.0
12010 1.0
12140 1.0
12156 1.0
12265 1.0
12276 1.0
12281 1.0
12286 1.0
12390 1.0
12395 1.0
12401 1.0
12411 1.0
12645 1.0
12661 1.0
12666 1.0
12687 1.0
12692 1.0
12713 1.0
12765 1.0
12770 1.0
12791 1.0
12812 1.0
12817 1.0
12838 1.0
12843 1.0
12890 1.0
12916 1.0
12937 1.0
12942 1.0
13020 1.0
13265 1.0
13286 1.0
13291 1.0
13312 1.0
13390 1.0
13395 1.0
13411 1.0
13432 1.0
13437 1.0
13515 1.0
13520 1.0
13536 1.0
13541 1.0
13557 1.0
13645 1.0
13666 1.0
13885 1.0
13890 1.0
13906 1.0
13911 1.0
14015 1.0
14031 1.0
14036 1.0
14057 1.0
14062 1.0
14140 1.0
14145 1.0
14156 1.0
14161 1.0
14166 1.0
14181 0.14285714285714285
14182 0.8571428571428571
14187 1.0
14265 1.0
14270 1.0
14286 1.0
14291 1.0
14510 1.0
14635 1.0
14640 1.0
14656 1.0
14661 1.0
14765 1.0
14781 1.0
14786 1.0
14885 1.0
14890 1.0
14895 1.0
14906 1.0
14911 1.0
14916 1.0
15135 1.0
15255 1.0
15265 1.0
15281 1.0
15385 1.0
15390 1.0
15406 1.0
15411 1.0
15515 1.0
15520 1.0
15526 1.0
15531 1.0
15536 1.0
15682 1.0
15687 1.0
15708 1.0
15713 1.0
15729 1.0
15734 1.0
15739 1.0
15828 1.0
15833 1.0
15854 1.0
16281 1.0
16302 1.0
16307 1.0
16328 1.0
16333 1.0
16359 1.0
16427 1.0
16452 0.03571428571428571
16453 0.9642857142857143
16458 1.0
16479 1.0
16484 1.0
16578 1.0
16901 1.0
16906 1.0
16927 1.0
17026 1.0
17052 1.0
17077 0.2
17078 0.8
17177 1.0
17202 0.25
17203 0.75
17302 1.0
17651 1.0
17776 1.0
17801 0.1
17802 0.9
17901 1.0
17926 0.42857142857142855
17927 0.5714285714285714
18026 1.0
18250 1.0
18276 1.0
18401 1.0
18526 1.0
18551 0.5
18552 0.5
18651 1.0
18781 1.0
18786 1.0
18807 1.0
18812 1.0
18833 1.0
18838 1.0
18859 1.0
18958 1.0
18963 1.0
18979 1.0
18984 1.0
18989 1.0
19411 1.0
19432 1.0
19531 1.0
19552 1.0
19557 1.0
19577 0.1111111111111111
19578 0.8888888888888888
19583 1.0
19609 1.0
19677 1.0
19703 1.0
19708 1.0
20031 1.0
20156 1.0
20177 1.0
20182 1.0
20203 1.0
20207 1.0
20302 1.0
20307 1.0
20328 1.0
20427 1.0
20656 1.0
20776 1.0
20781 1.0
20901 1.0
20926 0.3333333333333333
20927 0.6666666666666666
21026 1.0
21051 0.3333333333333333
21052 0.6666666666666666
21375 1.0
21400 0.2
21401 0.8
21500 1.0
21526 1.0
21551 1.0
21651 1.0
21776 1.0
21906 1.0
21911 1.0
21932 1.0
21937 1.0
21958 1.0
21963 1.0
21983 1.0
22057 1.0
22083 1.0
22088 1.0
22109 1.0
22114 1.0
22536 1.0
22557 1.0
22656 1.0
22677 1.0
22682 1.0
22702 0.5
22703 0.5
22708 1.0
22802 1.0
22807 1.0
22828 1.0
22833 1.0
23156 1.0
23276 1.0
23281 1.0
23307 1.0
23426 0.043478260869565216
23427 0.9565217391304348
23432 1.0
23453 1.0
23552 1.0
23901 1.0
23906 1.0
24026 1.0
24031 1.0
24051 0.1
24052 0.9
24057 1.0
24151 1.0
24156 1.0
24176 0.25
24177 0.75
24276 1.0
24500 1.0
24526 1.0
24650 0.09090909090909091
24651 0.9090909090909091
24656 1.0
24776 1.0
24901 1.0
25031 1.0
25036 1.0
25041 1.0
25062 1.0
25182 1.0
25187 1.0
25208 1.0
25213 1.0
25233 0.5
25234 0.5
25333 1.0
25656 1.0
25682 1.0
25781 1.0
25807 1.0
25812 1.0
25833 1.0
25927 1.0
25932 1.0
25958 1.0
26281 1.0
26406 1.0
26432 1.0
26526 1.0
26531 1.0
26552 1.0
26556 0.07142857142857142
26557 0.9285714285714286
26583 1.0
26677 1.0
27031 1.0
27151 1.0
27156 1.0
27177 1.0
27181 0.5
27182 0.5
27276 1.0
27281 1.0
27301 0.16666666666666666
27302 0.8333333333333334
27625 1.0
27630 1.0
27651 1.0
27655 1.0
27750 1.0
27775 0.16666666666666666
27776 0.8333333333333334
27781 1.0
27901 1.0
28026 1.0
28156 1.0
28161 1.0
28286 1.0
28307 1.0
28312 1.0
28333 1.0
28338 1.0
28343 1.0
28358 1.0
28437 1.0
28458 1.0
28463 1.0
28781 1.0
28786 1.0
28906 1.0
28911 1.0
28932 1.0
28937 1.0
28958 1.0
28963 1.0
29057 1.0
29062 1.0
29083 1.0
29088 1.0
29182 1.0
29531 1.0
29656 1.0
29676 0.14285714285714285
29677 0.8571428571428571
29682 1.0
29781 1.0
29802 1.0
29807 1.0
30151 1.0
30276 1.0
30281 1.0
30307 1.0
30401 1.0
30406 1.0
30426 0.42857142857142855
30427 0.5714285714285714
30432 1.0
30776 1.0
30781 1.0
30900 0.25
30901 0.75
30906 1.0
31026 1.0
31031 1.0
31151 1.0
31281 1.0
31307 1.0
31312 1.0
31328 1.0
31333 1.0
31354 1.0
31359 1.0
31927 1.0
31932 1.0
31953 1.0
31978 0.25
31979 0.75
31984 1.0
32052 1.0
32078 1.0
32103 0.42857142857142855
32104 0.5714285714285714
32203 1.0
32526 1.0
32552 1.0
32651 1.0
32677 1.0
32702 0.2222222222222222
32703 0.7777777777777778
32776 1.0
32802 1.0
32827 0.5
32828 0.5
32927 1.0
33276 1.0
33302 1.0
33401 1.0
33426 0.625
33427 0.375
33526 1.0
33551 0.5
33552 0.5
33875 1.0
33901 1.0
34000 1.0
34025 0.2222222222222222
34026 0.7777777777777778
34151 1.0
34176 1.0
34275 0.13333333333333333
34276 0.8666666666666667
34432 1.0
34437 1.0
34458 1.0
34463 1.0
34479 1.0
34484 1.0
34489 1.0
34578 1.0
34583 1.0
34604 1.0
34609 1.0
35031 1.0
35052 1.0
35057 1.0
35109 1.0
35177 1.0
35203 1.0
35208 1.0
35228 0.3333333333333333
35229 0.6666666666666666
35234 1.0
35302 1.0
35327 0.14285714285714285
35328 0.8571428571428571
35651 1.0
35677 1.0
35776 1.0
35802 1.0
35827 0.25
35828 0.75
35927 1.0
35952 0.5
35953 0.5
36052 1.0
36401 1.0
36526 1.0
36552 1.0
36651 1.0
36676 0.25
36677 0.75
37026 1.0
37150 0.25
37151 0.75
37276 1.0
37400 0.125
37401 0.875
37536 1.0
37557 1.0
37562 1.0
37583 1.0
37588 1.0
37609 1.0
37703 1.0
37708 1.0
37733 0.125
37734 0.875
38156 1.0
38182 1.0
38302 1.0
38307 1.0
38328 1.0
38333 1.0
38358 0.3333333333333333
38359 0.6666666666666666
38427 1.0
38453 1.0
38776 1.0
38901 1.0
38926 0.2
38927 0.8
38953 1.0
38958 1.0
39052 1.0
39077 0.3333333333333333
39078 0.6666666666666666
39177 1.0
39526 1.0
39651 1.0
39676 0.3888888888888889
39677 0.6111111111111112
39776 1.0
39801 0.375
39802 0.625
40151 1.0
40250 1.0
40275 0.16666666666666666
40276 0.8333333333333334
40401 1.0
40526 1.0
40656 1.0
40661 1.0
40682 1.0
40687 1.0
40708 1.0
40713 1.0
40739 1.0
40807 1.0
40833 1.0
40838 1.0
40859 1.0
40864 1.0
41281 1.0
41406 1.0
41427 1.0
41432 1.0
41453 1.0
41458 1.0
41552 1.0
41557 1.0
41577 0.1111111111111111
41578 0.8888888888888888
41583 1.0
41906 1.0
42026 1.0
42031 1.0
42052 1.0
42057 1.0
42077 1.0
42177 1.0
42202 0.5
42203 0.5
42301 0.25
42302 0.75
42651 1.0
42776 1.0
42801 0.16666666666666666
42802 0.8333333333333334
42901 1.0
42926 0.3333333333333333
42927 0.6666666666666666
43250 1.0
43275 0.2857142857142857
43276 0.7142857142857143
43375 1.0
43400 0.14285714285714285
43401 0.8571428571428571
43525 0.023809523809523808
43526 0.9761904761904762
43651 1.0
43781 1.0
43807 1.0
43812 1.0
43838 1.0
43864 1.0
43958 1.0
43963 1.0
43983 0.5
43984 0.5
43989 1.0
44406 1.0
44432 1.0
44531 1.0
44552 1.0
44557 1.0
44582 0.08333333333333333
44583 0.9166666666666666
44677 1.0
44682 1.0
44703 1.0
44708 1.0
45151 1.0
45156 1.0
45182 1.0
45302 1.0
45307 1.0
45327 1.0
45427 1.0
45776 1.0
45781 1.0
45901 1.0
45926 0.2222222222222222
45927 0.7777777777777778
46026 1.0
46051 0.3333333333333333
46052 0.6666666666666666
46375 1.0
46400 0.2
46401 0.8
46500 1.0
46526 1.0
46651 1.0
46776 1.0
46932 1.0
46953 1.0
46958 1.0
46963 1.0
46979 1.0
46984 1.0
46989 1.0
47104 1.0
47552 1.0
47578 1.0
47604 1.0
47677 1.0
47703 1.0
47729 1.0
47828 1.0
48151 1.0
48276 1.0
48302 1.0
48327 0.14285714285714285
48328 0.8571428571428571
48427 1.0
48452 0.25
48453 0.75
48526 1.0
48551 0.25
48552 0.75
48901 1.0
49026 1.0
49051 0.09090909090909091
49052 0.9090909090909091
49151 1.0
49176 0.3333333333333333
49177 0.6666666666666666
49276 1.0
49526 1.0
49625 1.0
49651 1.0
49750 1.0
49775 0.08823529411764706
49776 0.9117647058823529
49900 0.38095238095238093
49901 0.6190476190476191
50057 1.0
50062 1.0
50083 1.0
50104 1.0
50109 1.0
50114 1.0
50203 1.0
50229 1.0
50677 1.0
50682 1.0
50708 1.0
50729 1.0
50802 1.0
50827 0.058823529411764705
50828 0.9411764705882353
50853 0.3333333333333333
50854 0.6666666666666666
50953 1.0
51276 1.0
51302 1.0
51401 1.0
51426 0.2
51427 0.8
51452 0.25
51453 0.75
51551 0.05
51552 0.95
51577 0.4
51578 0.6
51677 1.0
51901 1.0
52026 1.0
52151 1.0
52176 0.4
52177 0.6
52276 1.0
52301 0.25
52302 0.75
52526 1.0
52650 0.25
52651 0.75
52750 1.0
52776 1.0
52900 0.02631578947368421
52901 0.9736842105263158
53000 1.0
53026 1.0
53177 1.0
53182 1.0
53208 1.0
53234 1.0
53239 1.0
53328 1.0
53354 1.0
53359 1.0
53776 1.0
53781 1.0
53802 1.0
53807 1.0
53833 1.0
53927 1.0
53952 0.038461538461538464
53953 0.9615384615384616
53958 1.0
53978 0.25
53979 0.75
53983 0.5
53984 0.5
54077 0.5
54078 0.5
54401 1.0
54526 1.0
54552 1.0
54577 0.25
54578 0.75
54677 1.0
54702 0.5
54703 0.5
54802 1.0
55151 1.0
55276 1.0
55302 1.0
55401 1.0
55426 0.3333333333333333
55427 0.6666666666666666
55526 1.0
55775 0.75
55776 0.25
55875 1.0
55901 1.0
56026 1.0
56150 0.1111111111111111
56151 0.8888888888888888
56307 1.0
56333 1.0
56338 1.0
56359 1.0
56364 1.0
56453 1.0
56458 1.0
56484 1.0
56906 1.0
56932 1.0
56958 1.0
57052 1.0
57078 1.0
57083 1.0
57108 0.5
57109 0.5
57177 1.0
57202 0.2
57203 0.8
57531 1.0
57651 1.0
57676 0.25
57677 0.75
57702 0.3333333333333333
57703 0.6666666666666666
57802 1.0
57827 0.75
57828 0.25
57927 1.0
58151 1.0
58276 1.0
58401 1.0
58426 0.3333333333333333
58427 0.6666666666666666
58526 1.0
58551 0.2857142857142857
58552 0.7142857142857143
58900 0.6666666666666666
58901 0.3333333333333333
59000 1.0
59150 0.041666666666666664
59151 0.9583333333333334
59275 0.06666666666666667
59276 0.9333333333333333
59432 1.0
59437 1.0
59463 1.0
59583 1.0
59609 1.0
60031 1.0
60057 1.0
60062 1.0
60177 1.0
60182 1.0
60203 1.0
60208 1.0
60302 1.0
60327 0.07692307692307693
60328 0.9230769230769231
60651 1.0
60776 1.0
60802 1.0
60827 0.3333333333333333
60828 0.6666666666666666
60832 1.0
60927 1.0
60952 0.75
60953 0.25
61026 1.0
61052 1.0
61401 1.0
61526 1.0
61551 0.3333333333333333
61552 0.6666666666666666
61651 1.0
61676 0.4
61677 0.6
62000 1.0
62025 0.3333333333333333
62026 0.6666666666666666
62151 1.0
62276 1.0
62401 1.0
62552 1.0
62557 1.0
62562 1.0
62583 1.0
62604 1.0
62609 1.0
62729 1.0
63177 1.0
63182 1.0
63203 1.0
63229 1.0
63327 0.041666666666666664
63328 0.9583333333333334
63353 0.09090909090909091
63354 0.9090909090909091
63452 1.0
63776 1.0
63802 1.0
63901 1.0
63927 1.0
63952 0.3
63953 0.7
64052 1.0
64077 0.3333333333333333
64078 0.6666666666666666
64177 1.0
64526 1.0
64651 1.0
64676 0.45454545454545453
64677 0.5454545454545454
64776 1.0
64801 0.7857142857142857
64802 0.21428571428571427
64901 1.0
65125 1.0
65151 1.0
65250 1.0
65276 1.0
65375 1.0
65400 0.3333333333333333
65401 0.6666666666666666
65500 1.0
65525 0.3076923076923077
65526 0.6923076923076923
65682 1.0
65687 1.0
65702 0.3333333333333333
65703 0.6666666666666666
65708 1.0
65729 1.0
65734 1.0
65739 1.0
65828 1.0
66302 1.0
66307 1.0
66328 1.0
66354 1.0
66427 1.0
66453 1.0
66478 0.6666666666666666
66479 0.3333333333333333
66552 1.0
66578 1.0
66901 1.0
66927 1.0
67026 1.0
67051 0.14285714285714285
67052 0.8571428571428571
67078 1.0
67151 1.0
67176 0.10526315789473684
67177 0.8947368421052632
67202 1.0
67302 1.0
67526 1.0
67651 1.0
67776 1.0
67801 0.25
67802 0.75
67901 1.0
67926 0.3333333333333333
67927 0.6666666666666666
68026 1.0
68250 1.0
68275 0.3333333333333333
68276 0.6666666666666666
68400 0.3333333333333333
68401 0.6666666666666666
68500 1.0
68526 1.0
68625 1.0
68650 0.3125
68651 0.6875
68807 1.0
68812 1.0
68833 1.0
68838 1.0
68854 1.0
68859 1.0
68864 1.0
68953 1.0
68979 1.0
69427 1.0
69432 1.0
69484 1.0
69526 1.0
69552 1.0
69578 1.0
69603 0.2
69604 0.8
69703 1.0
70026 1.0
70031 1.0
70151 1.0
70177 1.0
70202 0.375
70203 0.625
70302 1.0
70327 1.0
70427 1.0
70776 1.0
70901 1.0
70926 0.3
70927 0.7
71026 1.0
71051 0.625
71052 0.375
71151 1.0
71400 0.2
71401 0.8
71500 1.0
71525 0.25
71526 0.75
71650 0.1111111111111111
71651 0.8888888888888888
71750 1.0
71775 0.3333333333333333
71776 0.6666666666666666
71911 1.0
71932 1.0
71937 1.0
71952 1.0
71958 1.0
71963 1.0
71984 1.0
71989 1.0
72078 1.0
72083 1.0
72104 1.0
72109 1.0
72557 1.0
72578 1.0
72583 1.0
72677 1.0
72702 0.05263157894736842
72703 0.9473684210526315
72708 1.0
72728 0.5
72729 0.5
72802 1.0
72828 1.0
73151 1.0
73176 1.0
73276 1.0
73301 0.3333333333333333
73302 0.6666666666666666
73327 0.3333333333333333
73328 0.6666666666666666
73427 1.0
73452 0.4
73453 0.6
73552 1.0
73901 1.0
74026 1.0
74051 0.42857142857142855
74052 0.5714285714285714
74151 1.0
74176 0.2857142857142857
74177 0.7142857142857143
74276 1.0
74500 1.0
74526 1.0
74625 1.0
74650 0.3333333333333333
74651 0.6666666666666666
74775 0.03333333333333333
74776 0.9666666666666667
74900 0.125
74901 0.875
75036 1.0
75052 1.0
75057 1.0
75062 1.0
75083 1.0
75088 1.0
75109 1.0
75114 1.0
75208 1.0
75234 1.0
75656 1.0
75682 1.0
75802 1.0
75828 1.0
75833 1.0
75854 1.0
75858 1.0
75927 1.0
75952 0.2857142857142857
75953 0.7142857142857143
76276 1.0
76281 1.0
76401 1.0
76427 1.0
76453 1.0
76526 1.0
76552 1.0
76578 1.0
76677 1.0
76901 1.0
77026 1.0
77151 1.0
77177 1.0
77276 1.0
77301 1.0
77401 1.0
77651 1.0
77775 0.7142857142857143
77776 0.2857142857142857
77901 1.0
78025 0.2
78026 0.8
