166 0.75
167 0.25
171 1.0
270 1.0
291 0.2857142857142857
292 0.7142857142857143
312 1.0
317 0.8
318 0.2
343 1.0
395 0.6666666666666666
396 0.3333333333333333
416 0.875
417 0.125
421 1.0
443 1.0
515 1.0
520 0.6666666666666666
521 0.3333333333333333
765 1.0
786 1.0
791 1.0
916 0.7142857142857143
917 0.2857142857142857
937 1.0
942 0.7142857142857143
943 0.2857142857142857
1020 0.3333333333333333
1021 0.6666666666666666
1041 0.8181818181818182
1042 0.18181818181818182
1046 1.0
1062 1.0
1067 1.0
1140 1.0
1145 0.8
1146 0.2
1166 1.0
1171 1.0
1391 1.0
1411 1.0
1416 1.0
1542 1.0
1546 1.0
1567 0.8333333333333334
1568 0.16666666666666666
1646 1.0
1666 0.8181818181818182
1667 0.18181818181818182
1671 1.0
1692 1.0
1765 0.5
1766 0.5
1770 1.0
1791 1.0
1796 1.0
2015 1.0
2041 1.0
2140 1.0
2145 1.0
2162 1.0
2167 1.0
2171 1.0
2187 1.0
2192 1.0
2270 0.5
2271 0.5
2291 0.7
2292 0.3
2296 1.0
2312 1.0
2317 0.75
2318 0.25
2395 1.0
2421 1.0
2666 1.0
2770 1.0
2791 0.6666666666666666
2792 0.3333333333333333
2812 1.0
2817 1.0
2890 1.0
2895 0.75
2896 0.25
2916 0.7142857142857143
2917 0.2857142857142857
2937 1.0
2942 1.0
3015 0.5
3016 0.5
3020 1.0
3041 1.0
3046 1.0
3265 1.0
3291 1.0
3296 1.0
3395 0.6666666666666666
3396 0.3333333333333333
3416 0.4
3417 0.6
3442 0.75
3443 0.25
3516 1.0
3520 1.0
3541 0.7777777777777778
3542 0.2222222222222222
3546 1.0
3567 0.8333333333333334
3568 0.16666666666666666
3645 1.0
3890 1.0
3896 1.0
3916 1.0
4020 1.0
4037 1.0
4041 0.25
4042 0.75
4062 1.0
4067 0.8
4068 0.2
4145 1.0
4166 0.6666666666666666
4167 0.3333333333333333
4171 1.0
4187 1.0
4192 1.0
4265 1.0
4270 1.0
4296 1.0
4541 1.0
4645 1.0
4666 0.5
4667 0.5
4692 1.0
4791 0.625
4792 0.375
4796 1.0
4812 1.0
4817 1.0
4895 1.0
4921 1.0
5166 1.0
5266 1.0
5270 1.0
5291 0.75
5292 0.25
5317 1.0
5390 0.5
5391 0.5
5395 1.0
5416 0.6923076923076923
5417 0.3076923076923077
5421 1.0
5437 1.0
5442 1.0
5515 1.0
5520 1.0
5541 1.0
5546 1.0
5765 0.5
5766 0.5
5770 0.5
5771 0.5
5791 1.0
5890 0.5
5891 0.5
5895 1.0
5916 0.75
5917 0.25
5921 1.0
5942 1.0
6015 0.5
6016 0.5
6020 1.0
6041 1.0
6046 1.0
6062 1.0
6067 1.0
6140 1.0
6145 1.0
6166 1.0
6171 1.0
6390 1.0
6395 1.0
6416 1.0
6421 1.0
6515 1.0
6520 0.6666666666666666
6521 0.3333333333333333
6541 0.75
6542 0.25
6546 1.0
6567 1.0
6640 0.5
6641 0.5
6646 1.0
6661 1.0
6666 0.5555555555555556
6667 0.4444444444444444
6671 1.0
6687 1.0
6692 1.0
6697 1.0
6770 0.75
6771 0.25
6791 1.0
6796 1.0
7020 1.0
7041 1.0
7145 1.0
7167 1.0
7192 0.8
7193 0.2
7266 1.0
7270 0.6666666666666666
7271 0.3333333333333333
7291 0.6666666666666666
7292 0.3333333333333333
7317 1.0
7390 1.0
7395 1.0
7421 1.0
7640 1.0
7666 1.0
7770 1.0
7791 0.75
7792 0.25
7817 1.0
7890 1.0
7895 0.75
7896 0.25
7912 1.0
7916 0.8
7917 0.2
7921 1.0
7942 1.0
8015 1.0
8020 1.0
8046 1.0
8265 0.5
8266 0.5
8291 1.0
8395 1.0
8416 0.6666666666666666
8417 0.3333333333333333
8421 1.0
8442 1.0
8515 1.0
8536 1.0
8541 0.7333333333333333
8542 0.26666666666666666
8546 1.0
8562 1.0
8567 1.0
8640 1.0
8645 1.0
8666 1.0
8671 1.0
8895 1.0
8916 1.0
9015 0.6666666666666666
9016 0.3333333333333333
9020 1.0
9037 1.0
9041 1.0
9145 1.0
9166 0.7368421052631579
9167 0.2631578947368421
9171 1.0
9187 1.0
9192 1.0
9265 1.0
9270 1.0
9291 1.0
9296 1.0
9515 1.0
9541 0.75
9542 0.25
9640 1.0
9645 1.0
9666 0.5
9667 0.5
9692 1.0
9771 1.0
9791 0.5454545454545454
9792 0.45454545454545453
9796 0.75
9797 0.25
9817 1.0
9890 0.5
9891 0.5
9895 0.8571428571428571
9896 0.14285714285714285
9916 1.0
10140 0.5
10141 0.5
10171 1.0
10270 1.0
10287 1.0
10291 0.75
10292 0.25
10317 0.75
10318 0.25
10390 1.0
10395 1.0
10416 0.9090909090909091
10417 0.09090909090909091
10421 1.0
10442 1.0
10515 1.0
10520 1.0
10541 1.0
10546 1.0
10766 1.0
10770 1.0
10791 1.0
10890 1.0
10895 1.0
10912 1.0
10916 1.0
10942 1.0
11015 1.0
11020 1.0
11041 0.7
11042 0.3
11046 0.6666666666666666
11047 0.3333333333333333
11067 1.0
11140 0.3333333333333333
11141 0.6666666666666666
11145 1.0
11166 1.0
11416 1.0
11515 1.0
11520 1.0
11541 1.0
11567 1.0
11640 0.75
11641 0.25
11645 1.0
11661 1.0
11666 0.9
11667 0.1
11671 1.0
11687 1.0
11692 1.0
11765 1.0
11770 1.0
11791 1.0
12015 0.6666666666666666
12016 0.3333333333333333
12036 1.0
12041 1.0
12145 1.0
12161 1.0
12166 0.3333333333333333
12167 0.6666666666666666
12192 1.0
12266 1.0
12270 0.5
12271 0.5
12286 1.0
12291 1.0
12296 1.0
12317 1.0
12395 1.0
12421 1.0
12640 1.0
12666 1.0
12765 1.0
12770 1.0
12791 0.5
12792 0.5
12796 0.5
12797 0.5
12817 1.0
12891 1.0
12895 0.5
12896 0.5
12916 0.8181818181818182
12917 0.18181818181818182
12921 0.6666666666666666
12922 0.3333333333333333
12942 1.0
13015 1.0
13020 1.0
13046 1.0
13270 1.0
13390 0.6666666666666666
13391 0.3333333333333333
13395 1.0
13416 0.8
13417 0.2
13442 1.0
13516 1.0
13520 1.0
13541 0.625
13542 0.375
13546 1.0
13567 1.0
13640 1.0
13645 0.8571428571428571
13646 0.14285714285714285
13671 1.0
13890 1.0
13916 1.0
14020 1.0
14041 0.6666666666666666
14042 0.3333333333333333
14046 1.0
14067 1.0
14140 0.5
14141 0.5
14145 0.6666666666666666
14146 0.3333333333333333
14166 0.6666666666666666
14167 0.3333333333333333
14171 1.0
14192 1.0
14270 0.8571428571428571
14271 0.14285714285714285
14291 1.0
14296 1.0
14520 1.0
14645 1.0
14666 0.6
14667 0.4
14671 1.0
14692 1.0
14770 1.0
14791 1.0
14796 1.0
14817 1.0
14890 1.0
14895 1.0
14916 1.0
14921 1.0
15145 1.0
15266 1.0
15270 1.0
15291 0.8
15292 0.2
15317 1.0
15390 1.0
15395 0.5
15396 0.5
15416 0.8181818181818182
15417 0.18181818181818182
15421 1.0
15442 1.0
15520 1.0
15546 1.0
15661 1.0
15666 0.5
15667 0.5
15687 1.0
15692 1.0
15787 1.0
15792 1.0
15813 1.0
15818 1.0
15838 0.7
15839 0.3
15864 1.0
15937 0.6428571428571429
15938 0.35714285714285715
15942 0.5714285714285714
15943 0.42857142857142855
15963 0.8
15964 0.2
15968 1.0
16286 1.0
16291 0.5
16292 0.5
16412 1.0
16416 0.5
16417 0.5
16437 0.45454545454545453
16438 0.5454545454545454
16442 0.5
16443 0.5
16463 0.9230769230769231
16464 0.07692307692307693
16468 1.0
16562 0.5
16563 0.5
16567 0.5
16568 0.5
16588 1.0
16937 1.0
17036 1.0
17041 1.0
17062 0.5555555555555556
17063 0.4444444444444444
17088 0.8888888888888888
17089 0.1111111111111111
17093 1.0
17187 0.6923076923076923
17188 0.3076923076923077
17192 1.0
17213 1.0
17218 1.0
17661 1.0
17666 1.0
17687 0.7777777777777778
17688 0.2222222222222222
17692 0.5
17693 0.5
17713 1.0
17812 0.6
17813 0.4
17817 0.8888888888888888
17818 0.1111111111111111
17838 1.0
18286 1.0
18312 1.0
18317 1.0
18338 1.0
18412 1.0
18437 0.88
18438 0.12
18442 1.0
18463 1.0
18562 1.0
18786 1.0
18791 1.0
18812 1.0
18817 1.0
18911 1.0
18917 1.0
18938 1.0
18942 1.0
18963 1.0
18968 1.0
19062 0.5
19063 0.5
19067 0.6363636363636364
19068 0.36363636363636365
19088 1.0
19093 1.0
19536 1.0
19541 1.0
19562 0.6
19563 0.4
19588 1.0
19593 1.0
19687 0.5454545454545454
19688 0.45454545454545453
19692 0.4
19693 0.6
19713 0.8
19714 0.2
19718 1.0
20166 0.8
20167 0.2
20187 0.6
20188 0.4
20192 0.3333333333333333
20193 0.6666666666666666
20213 1.0
20218 1.0
20312 0.7
20313 0.3
20317 0.6
20318 0.4
20338 1.0
20661 1.0
20666 1.0
20786 1.0
20791 0.8
20792 0.2
20812 0.8
20813 0.2
20817 1.0
20937 0.7222222222222222
20938 0.2777777777777778
20942 1.0
20963 1.0
20968 1.0
21291 1.0
21411 1.0
21416 1.0
21437 0.5
21438 0.5
21442 1.0
21463 1.0
21562 0.9047619047619048
21563 0.09523809523809523
21567 1.0
21588 1.0
21916 0.6666666666666666
21917 0.3333333333333333
21937 1.0
22036 0.6666666666666666
22037 0.3333333333333333
22041 0.375
22042 0.625
22062 0.5555555555555556
22063 0.4444444444444444
22068 1.0
22088 1.0
22093 1.0
22187 0.8571428571428571
22188 0.14285714285714285
22192 0.5
22193 0.5
22213 1.0
22218 1.0
22541 0.5
22542 0.5
22567 1.0
22661 1.0
22687 0.8571428571428571
22688 0.14285714285714285
22713 1.0
22812 0.7692307692307693
22813 0.23076923076923078
22817 0.5
22818 0.5
22838 1.0
22843 1.0
23161 1.0
23286 1.0
23291 0.75
23292 0.25
23312 0.8333333333333334
23313 0.16666666666666666
23317 1.0
23338 1.0
23412 1.0
23437 0.8461538461538461
23438 0.15384615384615385
23442 0.6
23443 0.4
23463 1.0
23468 1.0
23562 1.0
23792 1.0
23911 0.5
23912 0.5
23916 0.75
23917 0.25
23937 0.5
23938 0.5
23942 1.0
23963 1.0
23968 1.0
24062 0.7777777777777778
24063 0.2222222222222222
24067 1.0
24088 1.0
24093 1.0
24541 0.75
24542 0.25
24562 1.0
24588 1.0
24667 1.0
24687 0.75
24688 0.25
24692 1.0
24713 1.0
24812 1.0
24817 1.0
25036 1.0
25041 1.0
25067 1.0
25161 1.0
25166 0.75
25167 0.25
25187 0.6666666666666666
25188 0.3333333333333333
25192 0.6
25193 0.4
25213 1.0
25218 1.0
25312 0.5714285714285714
25313 0.42857142857142855
25317 0.7
25318 0.3
25338 1.0
25343 1.0
25786 1.0
25791 0.6666666666666666
25792 0.3333333333333333
25812 0.5
25813 0.5
25817 1.0
25838 1.0
25917 1.0
25937 0.6923076923076923
25938 0.3076923076923077
25942 0.7
25943 0.3
25963 1.0
26062 1.0
26291 1.0
26416 0.6666666666666666
26417 0.3333333333333333
26437 0.8
26438 0.2
26442 1.0
26463 1.0
26468 1.0
26562 0.8571428571428571
26563 0.14285714285714285
26567 1.0
26588 1.0
27041 1.0
27062 1.0
27067 0.5
27068 0.5
27167 1.0
27187 0.95
27188 0.05
27192 0.6666666666666666
27193 0.3333333333333333
27213 1.0
27312 1.0
27661 0.75
27662 0.25
27666 0.75
27667 0.25
27687 0.5
27688 0.5
27692 1.0
27713 1.0
27787 1.0
27791 1.0
27812 0.8333333333333334
27813 0.16666666666666666
27817 1.0
27838 1.0
27937 1.0
28166 1.0
28286 0.5
28287 0.5
28291 1.0
28312 0.6666666666666666
28313 0.3333333333333333
28317 0.4
28318 0.6
28338 1.0
28343 1.0
28437 0.625
28438 0.375
28442 0.8
28443 0.2
28463 1.0
28468 1.0
28791 1.0
28916 0.75
28917 0.25
28937 0.5
28938 0.5
28942 0.4
28943 0.6
28963 1.0
28968 1.0
29062 0.8888888888888888
29063 0.1111111111111111
29067 0.8461538461538461
29068 0.15384615384615385
29088 1.0
29187 1.0
29536 1.0
29541 1.0
29567 1.0
29588 1.0
29593 1.0
29662 1.0
29687 0.8666666666666667
29688 0.13333333333333333
29692 0.5714285714285714
29693 0.42857142857142855
29713 1.0
29718 1.0
29812 1.0
30161 0.5
30162 0.5
30192 1.0
30287 1.0
30291 1.0
30312 0.8461538461538461
30313 0.15384615384615385
30317 1.0
30338 1.0
30343 1.0
30412 1.0
30437 1.0
30786 1.0
30791 1.0
30911 0.5
30912 0.5
30937 0.7857142857142857
30938 0.21428571428571427
30942 1.0
30963 1.0
31062 1.0
31286 0.75
31287 0.25
31291 1.0
31312 0.75
31313 0.25
31338 0.6666666666666666
31339 0.3333333333333333
31364 1.0
31438 1.0
31458 0.5
31459 0.5
31463 0.7894736842105263
31464 0.21052631578947367
31489 1.0
31912 1.0
31937 1.0
31963 1.0
31989 1.0
32037 1.0
32062 0.5
32063 0.5
32083 0.5
32084 0.5
32088 0.8387096774193549
32089 0.16129032258064516
32114 1.0
32536 0.3333333333333333
32537 0.6666666666666666
32562 1.0
32687 0.4
32688 0.6
32708 0.8333333333333334
32709 0.16666666666666666
32713 0.7692307692307693
32714 0.23076923076923078
32739 1.0
33161 0.5
33162 0.5
33187 1.0
33308 1.0
33312 0.3333333333333333
33313 0.6666666666666666
33333 0.9
33334 0.1
33338 0.7692307692307693
33339 0.23076923076923078
33359 1.0
33364 1.0
33458 1.0
33464 1.0
33786 1.0
33812 1.0
33911 1.0
33937 0.7
33938 0.3
33958 0.8
33959 0.2
33963 1.0
33989 1.0
34058 1.0
34083 1.0
34088 1.0
34411 1.0
34416 1.0
34437 0.8333333333333334
34438 0.16666666666666666
34583 0.6666666666666666
34584 0.3333333333333333
34588 0.5789473684210527
34589 0.42105263157894735
34609 1.0
34614 1.0
35036 0.6666666666666666
35037 0.3333333333333333
35062 1.0
35067 1.0
35187 0.4
35188 0.6
35208 0.5
35209 0.5
35213 0.8780487804878049
35214 0.12195121951219512
35234 1.0
35239 1.0
35661 1.0
35687 1.0
35786 1.0
35807 1.0
35812 0.4
35813 0.6
35833 0.5
35834 0.5
35838 0.9130434782608695
35839 0.08695652173913043
35859 1.0
35864 1.0
35963 1.0
36286 1.0
36312 1.0
36412 1.0
36433 1.0
36437 0.5
36438 0.5
36458 1.0
36463 0.9285714285714286
36464 0.07142857142857142
36562 1.0
36588 1.0
36911 0.3333333333333333
36912 0.6666666666666666
37062 1.0
37083 1.0
37088 0.9230769230769231
37089 0.07692307692307693
37208 1.0
37213 1.0
37536 1.0
37541 0.75
37542 0.25
37562 1.0
37567 1.0
37687 0.3333333333333333
37688 0.6666666666666666
37708 1.0
37713 0.6296296296296297
37714 0.37037037037037035
37734 1.0
37739 1.0
38161 0.5
38162 0.5
38187 1.0
38312 0.6
38313 0.4
38333 1.0
38338 0.875
38339 0.125
38364 1.0
38786 1.0
38812 1.0
38937 0.2
38938 0.8
38958 1.0
38963 0.9354838709677419
38964 0.06451612903225806
38989 1.0
39062 1.0
39088 1.0
39411 1.0
39437 1.0
39562 0.5384615384615384
39563 0.46153846153846156
39583 1.0
39588 0.8636363636363636
39589 0.13636363636363635
39708 1.0
39713 1.0
40036 1.0
40041 1.0
40162 1.0
40187 0.625
40188 0.375
40208 1.0
40213 1.0
40313 1.0
40333 1.0
40338 1.0
40661 1.0
40666 0.6666666666666666
40667 0.3333333333333333
40687 1.0
40692 1.0
40812 0.6
40813 0.4
40838 0.8275862068965517
40839 0.1724137931034483
40843 1.0
40864 1.0
41286 0.4
41287 0.6
41312 1.0
41317 1.0
41437 0.6666666666666666
41438 0.3333333333333333
41458 1.0
41463 0.8461538461538461
41464 0.15384615384615385
41489 1.0
41588 1.0
41911 0.75
41912 0.25
41916 1.0
41937 1.0
41942 1.0
42036 0.3333333333333333
42037 0.6666666666666666
42062 0.5
42063 0.5
42083 1.0
42088 0.9629629629629629
42089 0.037037037037037035
42114 1.0
42187 0.5
42188 0.5
42213 1.0
42536 1.0
42687 0.6923076923076923
42688 0.3076923076923077
42708 1.0
42713 1.0
42812 0.5
42813 0.5
42833 1.0
42838 1.0
43161 1.0
43166 1.0
43187 1.0
43192 1.0
43286 1.0
43312 0.85
43313 0.15
43333 1.0
43338 1.0
43432 1.0
43437 1.0
43458 1.0
43463 1.0
43786 1.0
43812 1.0
43817 1.0
43911 1.0
43937 0.3
43938 0.7
43963 0.8064516129032258
43964 0.1935483870967742
43968 1.0
43989 1.0
44088 1.0
44411 1.0
44437 1.0
44537 1.0
44562 0.2
44563 0.8
44568 1.0
44583 1.0
44588 0.9
44589 0.1
44713 1.0
45037 1.0
45067 1.0
45161 1.0
45187 0.5555555555555556
45188 0.4444444444444444
45213 1.0
45338 1.0
45661 1.0
45667 1.0
45687 1.0
45786 1.0
45812 0.9090909090909091
45813 0.09090909090909091
45838 1.0
45843 1.0
45937 0.5
45938 0.5
45963 1.0
46286 1.0
46291 0.5
46292 0.5
46411 1.0
46437 0.7692307692307693
46438 0.23076923076923078
46458 1.0
46463 1.0
46562 1.0
46583 1.0
46588 1.0
46937 0.625
46938 0.375
46958 0.75
46959 0.25
46963 0.6
46964 0.4
46984 1.0
46989 1.0
47084 1.0
47089 1.0
47109 1.0
47562 1.0
47583 1.0
47588 0.75
47589 0.25
47609 1.0
47614 1.0
47708 0.5714285714285714
47709 0.42857142857142855
47713 1.0
47734 1.0
47739 1.0
48162 1.0
48182 1.0
48187 1.0
48213 0.6
48214 0.4
48239 1.0
48333 0.5384615384615384
48334 0.46153846153846156
48338 1.0
48359 1.0
48364 1.0
48807 1.0
48812 0.7777777777777778
48813 0.2222222222222222
48838 0.8
48839 0.2
48864 1.0
48958 0.7777777777777778
48959 0.2222222222222222
48963 0.8
48964 0.2
48984 1.0
48989 1.0
49432 1.0
49437 1.0
49557 0.5
49558 0.5
49583 0.8888888888888888
49584 0.1111111111111111
49588 0.9333333333333333
49589 0.06666666666666667
49609 1.0
49614 1.0
50037 1.0
50062 0.8571428571428571
50063 0.14285714285714285
50067 1.0
50083 0.5
50084 0.5
50088 0.6
50089 0.4
50109 1.0
50114 1.0
50208 0.6
50209 0.4
50213 0.5
50214 0.5
50234 1.0
50239 1.0
50682 1.0
50687 0.75
50688 0.25
50713 0.5
50714 0.5
50739 1.0
50833 0.5
50834 0.5
50838 0.5
50839 0.5
50859 1.0
50864 1.0
51286 1.0
51312 1.0
51338 1.0
51364 1.0
51458 0.5
51459 0.5
51463 0.9090909090909091
51464 0.09090909090909091
51484 1.0
51489 1.0
51937 1.0
52083 0.9411764705882353
52084 0.058823529411764705
52088 1.0
52109 1.0
52114 1.0
52536 0.75
52537 0.25
52562 1.0
52688 1.0
52708 0.8636363636363636
52709 0.13636363636363635
52713 0.8
52714 0.2
52734 1.0
52739 1.0
53182 1.0
53187 1.0
53213 1.0
53239 1.0
53333 0.75
53334 0.25
53338 0.6666666666666666
53339 0.3333333333333333
53359 1.0
53364 1.0
53812 0.875
53813 0.125
53838 0.6666666666666666
53839 0.3333333333333333
53864 1.0
53958 0.7272727272727273
53959 0.2727272727272727
53963 0.6666666666666666
53964 0.3333333333333333
53984 1.0
53989 1.0
54411 0.5
54412 0.5
54437 1.0
54489 1.0
54583 0.8571428571428571
54584 0.14285714285714285
54588 0.6923076923076923
54589 0.3076923076923077
54609 1.0
54614 1.0
55057 1.0
55062 1.0
55067 1.0
55208 0.9333333333333333
55209 0.06666666666666667
55213 0.7857142857142857
55214 0.21428571428571427
55234 1.0
55239 1.0
55682 1.0
55687 1.0
55833 1.0
55838 0.9444444444444444
55839 0.05555555555555555
55864 1.0
56287 1.0
56312 1.0
56338 0.8333333333333334
56339 0.16666666666666666
56364 1.0
56458 0.9
56459 0.1
56463 0.7692307692307693
56464 0.23076923076923078
56484 1.0
56489 1.0
56911 1.0
56937 1.0
56942 1.0
56963 0.6666666666666666
56964 0.3333333333333333
56989 1.0
57062 1.0
57083 0.8
57084 0.2
57088 0.8695652173913043
57089 0.13043478260869565
57109 1.0
57114 1.0
57562 1.0
57588 1.0
57683 1.0
57708 0.9090909090909091
57709 0.09090909090909091
57713 0.8888888888888888
57714 0.1111111111111111
57734 1.0
57739 1.0
58161 1.0
58187 1.0
58192 1.0
58307 0.5
58308 0.5
58333 0.9285714285714286
58334 0.07142857142857142
58338 0.9545454545454546
58339 0.045454545454545456
58359 1.0
58364 1.0
58812 1.0
58932 1.0
58958 1.0
58963 1.0
58984 1.0
58989 1.0
59083 1.0
59432 1.0
59437 0.6666666666666666
59438 0.3333333333333333
59584 1.0
59588 0.8181818181818182
59589 0.18181818181818182
59609 1.0
59614 1.0
60036 1.0
60057 1.0
60062 1.0
60067 1.0
60208 0.6666666666666666
60209 0.3333333333333333
60213 0.782608695652174
60214 0.21739130434782608
60234 1.0
60239 1.0
60661 1.0
60687 1.0
60713 1.0
60833 1.0
60838 1.0
60859 1.0
60864 1.0
61307 1.0
61312 1.0
61437 1.0
61458 0.8888888888888888
61459 0.1111111111111111
61463 0.9473684210526315
61464 0.05263157894736842
61484 1.0
61489 1.0
61583 1.0
61912 1.0
61937 1.0
62057 1.0
62062 1.0
62083 1.0
62088 1.0
62114 1.0
62208 1.0
62557 1.0
62562 1.0
62583 0.5
62584 0.5
62609 1.0
62614 1.0
62734 1.0
63183 1.0
63187 1.0
63208 1.0
63213 0.3333333333333333
63214 0.6666666666666666
63234 1.0
63239 1.0
63359 1.0
63807 1.0
63812 0.8571428571428571
63813 0.14285714285714285
63833 0.4
63834 0.6
63838 1.0
63859 1.0
63864 1.0
63958 0.25
63959 0.75
63984 1.0
64432 1.0
64437 1.0
64458 1.0
64463 1.0
64484 1.0
64489 1.0
64583 0.6666666666666666
64584 0.3333333333333333
64609 1.0
65036 1.0
65057 1.0
65062 1.0
65083 1.0
65088 1.0
65109 1.0
65208 1.0
65234 1.0
65687 1.0
65708 0.3333333333333333
65709 0.6666666666666666
65713 0.3333333333333333
65714 0.6666666666666666
65734 1.0
65739 1.0
65859 1.0
66307 0.6666666666666666
66308 0.3333333333333333
66312 1.0
66333 0.75
66334 0.25
66338 0.5
66339 0.5
66359 1.0
66364 1.0
66459 1.0
66484 1.0
66912 1.0
66932 1.0
66937 1.0
66958 0.7142857142857143
66959 0.2857142857142857
66984 1.0
66989 1.0
67083 0.6666666666666666
67084 0.3333333333333333
67109 1.0
67114 1.0
67557 1.0
67562 1.0
67583 0.6666666666666666
67584 0.3333333333333333
67588 1.0
67609 1.0
67614 1.0
67708 0.9090909090909091
67709 0.09090909090909091
67734 1.0
67739 1.0
68161 1.0
68187 1.0
68208 1.0
68213 1.0
68239 1.0
68333 0.875
68334 0.125
68338 1.0
68359 1.0
68364 1.0
68807 1.0
68812 1.0
68833 0.75
68834 0.25
68838 1.0
68859 1.0
68864 1.0
68984 1.0
68989 1.0
69432 1.0
69437 1.0
69458 1.0
69463 0.8
69464 0.2
69484 1.0
69489 1.0
69583 0.5
69584 0.5
69609 1.0
69614 1.0
70036 1.0
70057 1.0
70062 0.8333333333333334
70063 0.16666666666666666
70083 0.6666666666666666
70084 0.3333333333333333
70088 1.0
70109 1.0
70114 1.0
70208 0.5
70209 0.5
70234 1.0
70239 1.0
70682 1.0
70687 1.0
70708 1.0
70713 1.0
70739 1.0
70833 0.8571428571428571
70834 0.14285714285714285
70838 1.0
70859 1.0
70864 1.0
71286 1.0
71307 1.0
71312 1.0
71333 1.0
71338 1.0
71364 1.0
71458 1.0
71463 0.8571428571428571
71464 0.14285714285714285
71484 1.0
71489 1.0
71911 0.5
71912 0.5
71932 1.0
71937 1.0
71958 0.5
71959 0.5
71963 0.6666666666666666
71964 0.3333333333333333
71984 1.0
71989 1.0
72083 0.5
72084 0.5
72109 1.0
72114 1.0
72557 1.0
72562 1.0
72583 0.3333333333333333
72584 0.6666666666666666
72588 0.8333333333333334
72589 0.16666666666666666
72614 1.0
72708 0.9
72709 0.1
72734 1.0
73182 1.0
73187 1.0
73213 1.0
73239 1.0
73333 0.6153846153846154
73334 0.38461538461538464
73338 0.6666666666666666
73339 0.3333333333333333
73359 1.0
73364 1.0
73787 1.0
73807 1.0
73812 1.0
73838 1.0
73958 1.0
73963 1.0
73984 1.0
73989 1.0
74411 1.0
74432 1.0
74437 1.0
74583 0.9629629629629629
74584 0.037037037037037035
74588 1.0
74609 1.0
74614 1.0
75036 1.0
75057 1.0
75062 1.0
75083 1.0
75088 0.7692307692307693
75089 0.23076923076923078
75114 1.0
75208 0.8571428571428571
75209 0.14285714285714285
75213 1.0
75234 1.0
75239 1.0
75661 1.0
75682 1.0
75687 1.0
75708 1.0
75713 0.7142857142857143
75714 0.2857142857142857
75739 1.0
75833 1.0
75838 1.0
75859 1.0
75864 1.0
76286 1.0
76312 1.0
76338 1.0
76364 1.0
76458 0.9090909090909091
76459 0.09090909090909091
76463 1.0
76484 1.0
76489 1.0
76911 1.0
76932 1.0
76937 1.0
76963 1.0
77083 1.0
77088 1.0
77109 1.0
77114 1.0
77562 1.0
77682 1.0
77708 1.0
77713 1.0
77734 1.0
77739 1.0
