0 1.0
6 1.0
25 0.9523809523809523
26 0.047619047619047616
31 0.9607843137254902
32 0.0392156862745098
37 0.9772727272727273
38 0.022727272727272728
43 1.0
50 1.0
56 0.9811320754716981
57 0.018867924528301886
62 0.9466666666666667
63 0.05333333333333334
68 0.984375
69 0.015625
74 1.0
75 1.0
81 0.9772727272727273
82 0.022727272727272728
87 0.9745222929936306
88 0.025477707006369428
93 1.0
99 1.0
100 1.0
106 0.9915254237288136
107 0.00847457627118644
112 1.0
125 1.0
131 1.0
137 1.0
143 1.0
149 1.0
150 1.0
156 0.9090909090909091
157 0.09090909090909091
162 0.9078947368421053
163 0.09210526315789473
168 0.9629629629629629
169 0.037037037037037035
174 1.0
187 0.8928571428571429
188 0.10714285714285714
193 0.9710144927536232
194 0.028985507246376812
199 1.0
250 1.0
256 1.0
262 0.9696969696969697
263 0.030303030303030304
268 0.9180327868852459
269 0.08196721311475409
274 1.0
287 1.0
293 0.9
294 0.1
299 1.0
375 1.0
381 1.0
387 0.8666666666666667
388 0.13333333333333333
393 0.9736842105263158
394 0.02631578947368421
399 1.0
501 1.0
506 1.0
512 0.9047619047619048
513 0.09523809523809523
518 1.0
524 1.0
