55 1.0
60 1.0
80 1.0
85 1.0
105 1.0
151 1.0
176 1.0
181 1.0
201 1.0
206 1.0
211 1.0
226 1.0
231 1.0
267 1.0
302 1.0
307 0.5
308 0.5
312 1.0
327 1.0
413 1.0
418 1.0
650 1.0
776 1.0
877 1.0
887 1.0
902 0.8571428571428571
903 0.14285714285714285
907 1.0
927 1.0
932 1.0
1028 0.9166666666666666
1029 0.08333333333333333
1033 1.0
1043 1.0
1053 1.0
1144 1.0
1149 1.0
1154 1.0
1164 1.0
1376 1.0
1502 1.0
1628 0.7142857142857143
1629 0.2857142857142857
1653 1.0
1754 1.0
1764 1.0
1779 1.0
2127 1.0
2132 1.0
2253 0.6
2254 0.4
2263 1.0
2379 1.0
2384 1.0
2389 1.0
2394 1.0
2752 1.0
2762 1.0
2767 1.0
2878 0.8
2879 0.2
2883 1.0
3004 1.0
3009 1.0
3014 1.0
3019 1.0
3024 1.0
3160 1.0
3185 1.0
3210 1.0
3281 1.0
3286 1.0
3291 1.0
3306 1.0
3331 1.0
3336 1.0
3361 1.0
3412 1.0
3427 1.0
3432 1.0
3437 1.0
3452 1.0
3523 1.0
3543 1.0
3553 1.0
3558 1.0
3876 1.0
3881 1.0
3901 1.0
3906 1.0
4002 1.0
4017 1.0
4027 0.8
4028 0.2
4052 1.0
4057 1.0
4143 1.0
4153 0.9545454545454546
4154 0.045454545454545456
4158 1.0
4163 1.0
4178 1.0
4269 1.0
4274 1.0
4279 1.0
4289 1.0
4627 1.0
4637 1.0
4753 1.0
4763 1.0
4778 0.75
4779 0.25
4783 1.0
4879 1.0
4884 1.0
4889 1.0
4894 1.0
4909 1.0
5252 1.0
5378 1.0
5383 1.0
5504 1.0
5509 1.0
5519 1.0
5877 1.0
5882 1.0
5892 1.0
6003 1.0
6008 1.0
6013 1.0
6129 1.0
6134 1.0
6139 1.0
6149 1.0
6280 1.0
6285 1.0
6391 1.0
6406 1.0
6411 1.0
6416 1.0
6431 1.0
6436 1.0
6456 1.0
6461 1.0
6517 1.0
6532 1.0
6537 1.0
6557 1.0
6562 1.0
6567 1.0
6582 1.0
6587 1.0
6648 1.0
6658 1.0
6663 1.0
6668 1.0
6683 1.0
6693 1.0
6774 1.0
7011 1.0
7026 1.0
7031 1.0
7127 1.0
7137 1.0
7152 1.0
7263 1.0
7268 1.0
7273 1.0
7278 1.0
7283 1.0
7288 1.0
7293 1.0
7303 1.0
7308 1.0
7394 1.0
7399 1.0
7404 1.0
7409 1.0
7752 1.0
7762 1.0
7878 1.0
7883 1.0
7888 1.0
7893 1.0
7898 1.0
7903 1.0
7908 1.0
8004 1.0
8009 1.0
8014 1.0
8019 1.0
8029 1.0
8034 1.0
8377 1.0
8382 1.0
8387 1.0
8503 1.0
8509 1.0
8513 1.0
8629 1.0
8634 1.0
8639 1.0
8644 1.0
8649 1.0
8881 1.0
9002 1.0
9007 1.0
9128 1.0
9133 1.0
9254 1.0
9259 1.0
9264 1.0
9269 1.0
9274 1.0
9410 1.0
9511 1.0
9531 1.0
9536 1.0
9541 1.0
9556 1.0
9561 1.0
9586 1.0
9657 1.0
9662 1.0
9682 1.0
9687 1.0
9712 1.0
9768 1.0
9773 1.0
9788 1.0
9793 1.0
9798 1.0
9808 1.0
9813 1.0
9899 1.0
9919 1.0
10131 1.0
10257 1.0
10262 1.0
10267 1.0
10272 1.0
10277 1.0
10282 1.0
10287 1.0
10307 1.0
10383 1.0
10388 1.0
10393 1.0
10403 1.0
10408 1.0
10413 1.0
10428 1.0
10433 1.0
10514 1.0
10519 1.0
10524 1.0
10529 1.0
10534 1.0
10539 1.0
10751 1.0
10877 1.0
10882 1.0
10887 1.0
10892 1.0
11003 0.6666666666666666
11004 0.3333333333333333
11008 1.0
11013 1.0
11028 1.0
11129 1.0
11134 1.0
11139 1.0
11144 1.0
11149 1.0
11154 1.0
11502 1.0
11512 1.0
11628 1.0
11633 1.0
11754 1.0
11759 1.0
11764 1.0
11774 1.0
12127 1.0
12132 1.0
12253 1.0
12263 1.0
12379 1.0
12389 1.0
12394 1.0
12399 1.0
12636 1.0
12646 1.0
12656 1.0
12661 1.0
12666 1.0
12686 1.0
12711 1.0
12767 1.0
12772 1.0
12782 1.0
12787 1.0
12792 1.0
12807 1.0
12812 1.0
12817 1.0
12837 1.0
12893 1.0
12908 1.0
12913 1.0
12918 1.0
12933 1.0
12938 1.0
13024 1.0
13261 1.0
13377 1.0
13382 1.0
13387 1.0
13392 1.0
13407 1.0
13513 1.0
13528 1.0
13533 0.9090909090909091
13534 0.09090909090909091
13538 1.0
13644 1.0
13649 1.0
13654 1.0
13664 1.0
13881 1.0
14002 1.0
14012 1.0
14017 1.0
14128 0.75
14129 0.25
14133 1.0
14138 1.0
14153 1.0
14158 1.0
14254 1.0
14259 1.0
14264 1.0
14269 1.0
14279 1.0
14284 1.0
14289 1.0
14506 1.0
14627 1.0
14632 1.0
14753 0.8333333333333334
14754 0.16666666666666666
14758 1.0
14763 1.0
14768 1.0
14879 1.0
14884 1.0
14889 1.0
14894 1.0
14899 1.0
15252 1.0
15378 1.0
15383 1.0
15504 1.0
15509 1.0
15514 1.0
15519 1.0
15650 1.0
15675 1.0
15685 1.0
15705 1.0
15725 1.0
15730 1.0
15735 1.0
15801 1.0
15826 1.0
15831 1.0
15856 1.0
15927 1.0
15952 1.0
16275 1.0
16376 1.0
16401 1.0
16426 1.0
16502 0.6666666666666666
16503 0.3333333333333333
16527 0.75
16528 0.25
16552 0.8571428571428571
16553 0.14285714285714285
16628 1.0
16653 1.0
16678 1.0
16754 1.0
16779 1.0
17001 1.0
17127 1.0
17253 1.0
17278 1.0
17379 1.0
17752 1.0
17878 1.0
18004 1.0
18377 1.0
18503 1.0
18629 1.0
18780 1.0
18785 1.0
18805 1.0
18810 1.0
18830 1.0
18855 1.0
18901 1.0
18926 1.0
18931 1.0
18951 1.0
18956 1.0
18981 1.0
19052 1.0
19077 1.0
19400 1.0
19501 1.0
19526 1.0
19627 1.0
19652 1.0
19677 1.0
19778 1.0
19803 1.0
19904 1.0
20126 1.0
20252 1.0
20378 0.7777777777777778
20379 0.2222222222222222
20403 1.0
20504 1.0
20751 1.0
20877 1.0
21003 1.0
21129 1.0
21502 1.0
21628 1.0
21754 1.0
21905 1.0
21910 1.0
21930 1.0
21935 1.0
21960 1.0
22026 1.0
22031 1.0
22051 1.0
22056 1.0
22076 1.0
22081 0.9285714285714286
22082 0.07142857142857142
22106 1.0
22111 1.0
22177 1.0
22202 1.0
22207 1.0
22651 1.0
22777 0.8
22778 0.2
22802 1.0
22903 0.8846153846153846
22904 0.11538461538461539
22928 1.0
23029 1.0
23251 1.0
23377 1.0
23503 0.8571428571428571
23504 0.14285714285714285
23528 1.0
23629 1.0
23654 1.0
24002 1.0
24128 1.0
24254 1.0
24627 1.0
24753 1.0
24879 1.0
25030 0.5
25031 0.5
25035 1.0
25060 1.0
25156 1.0
25181 1.0
25186 1.0
25206 1.0
25211 1.0
25302 1.0
25307 1.0
25332 1.0
25428 1.0
25751 0.5
25752 0.5
25776 1.0
25877 1.0
25902 1.0
25907 1.0
25927 1.0
26028 0.9473684210526315
26029 0.05263157894736842
26053 1.0
26129 1.0
26154 1.0
26376 1.0
26502 1.0
26628 1.0
26754 1.0
26779 1.0
27127 0.75
27128 0.25
27253 0.8333333333333334
27254 0.16666666666666666
27379 1.0
27752 1.0
27878 1.0
28004 1.0
28155 1.0
28160 1.0
28281 1.0
28286 1.0
28311 1.0
28331 1.0
28336 1.0
28427 1.0
28432 1.0
28457 1.0
28462 1.0
28553 1.0
28876 0.5
28877 0.5
28881 1.0
28901 1.0
28931 1.0
29027 0.8571428571428571
29028 0.14285714285714285
29032 1.0
29052 1.0
29057 1.0
29153 1.0
29178 1.0
29183 1.0
29279 1.0
29501 1.0
29627 1.0
29753 0.6666666666666666
29754 0.3333333333333333
29778 1.0
29879 1.0
29904 1.0
30252 1.0
30378 1.0
30504 1.0
30877 1.0
31003 1.0
31129 1.0
31275 1.0
31300 1.0
31305 1.0
31310 1.0
31325 1.0
31330 1.0
31350 1.0
31355 1.0
31426 1.0
31451 1.0
31476 1.0
31552 1.0
32026 1.0
32127 1.0
32152 1.0
32177 1.0
32278 0.9523809523809523
32279 0.047619047619047616
32303 1.0
32379 1.0
32404 1.0
32627 1.0
32752 1.0
32878 1.0
33004 1.0
33377 1.0
33503 1.0
33629 1.0
34002 1.0
34128 1.0
34254 1.0
34400 1.0
34405 1.0
34425 1.0
34430 1.0
34450 1.0
34455 1.0
34475 1.0
34480 1.0
34485 1.0
34576 1.0
34601 1.0
34606 1.0
34677 1.0
34702 1.0
35126 1.0
35151 0.8333333333333334
35152 0.16666666666666666
35252 1.0
35277 1.0
35302 0.8888888888888888
35303 0.1111111111111111
35378 1.0
35403 0.9545454545454546
35404 0.045454545454545456
35428 1.0
35504 1.0
35529 1.0
35877 1.0
36003 0.8571428571428571
36004 0.14285714285714285
36129 1.0
36502 1.0
36628 1.0
36754 1.0
37127 1.0
37253 1.0
37379 1.0
37530 1.0
37555 1.0
37560 1.0
37580 1.0
37605 1.0
37651 1.0
37676 0.5
37677 0.5
37701 1.0
37706 1.0
37726 1.0
37731 1.0
37802 0.9090909090909091
37803 0.09090909090909091
37827 1.0
37928 1.0
38251 1.0
38276 1.0
38377 1.0
38402 0.8333333333333334
38403 0.16666666666666666
38427 1.0
38503 1.0
38528 1.0
38553 1.0
38629 1.0
38654 1.0
38876 1.0
39002 1.0
39128 1.0
39153 1.0
39254 1.0
39627 1.0
39753 1.0
39879 1.0
40252 1.0
40378 1.0
40504 1.0
40650 1.0
40655 1.0
40660 1.0
40680 1.0
40685 1.0
40705 1.0
40735 1.0
40776 1.0
40801 1.0
40806 1.0
40826 1.0
40831 1.0
40856 1.0
40927 1.0
40952 1.0
41053 1.0
41376 1.0
41401 1.0
41502 1.0
41527 1.0
41552 1.0
41628 1.0
41653 1.0
41678 1.0
41754 1.0
41779 1.0
42001 1.0
42127 1.0
42253 1.0
42379 1.0
42404 1.0
42752 1.0
42878 1.0
43004 1.0
43377 1.0
43503 1.0
43629 1.0
43805 1.0
43810 1.0
43835 1.0
43906 1.0
43926 1.0
43931 1.0
43956 1.0
43961 1.0
43981 1.0
43986 1.0
44052 1.0
44077 1.0
44082 1.0
44178 1.0
44526 1.0
44627 1.0
44652 1.0
44677 0.8571428571428571
44678 0.14285714285714285
44778 0.9444444444444444
44779 0.05555555555555555
44803 1.0
44904 1.0
45252 1.0
45378 0.8
45379 0.2
45504 1.0
45877 1.0
46003 1.0
46129 1.0
46502 1.0
46628 1.0
46754 1.0
46925 0.8
46926 0.2
46950 1.0
46960 1.0
46975 0.8181818181818182
46976 0.18181818181818182
46980 1.0
47051 1.0
47076 1.0
47101 1.0
47177 1.0
47202 1.0
47303 1.0
47651 1.0
47752 1.0
47777 1.0
47802 1.0
47878 0.75
47879 0.25
47903 1.0
47928 1.0
48004 1.0
48029 1.0
48377 1.0
48503 1.0
48629 1.0
49002 1.0
49128 1.0
49254 1.0
49627 1.0
49753 1.0
49879 1.0
50050 1.0
50055 1.0
50060 1.0
50075 1.0
50080 1.0
50100 1.0
50105 1.0
50110 1.0
50176 1.0
50201 1.0
50226 1.0
50302 1.0
50327 1.0
50776 1.0
50877 1.0
50902 1.0
50927 1.0
51003 1.0
51028 1.0
51053 1.0
51129 1.0
51154 1.0
51376 1.0
51502 1.0
51628 1.0
51754 1.0
52127 1.0
52253 1.0
52379 1.0
52752 1.0
52878 1.0
53004 1.0
53150 1.0
53175 1.0
53180 1.0
53230 1.0
53235 1.0
53276 1.0
53301 1.0
53326 1.0
53331 1.0
53351 1.0
53356 1.0
53427 1.0
53452 1.0
53876 1.0
53901 1.0
53926 1.0
54002 1.0
54027 1.0
54052 1.0
54128 1.0
54153 1.0
54178 1.0
54254 1.0
54279 1.0
54501 1.0
54627 1.0
54753 0.5
54754 0.5
54879 1.0
55252 1.0
55378 1.0
55504 1.0
55877 1.0
56003 1.0
56129 1.0
56305 1.0
56330 1.0
56335 1.0
56355 1.0
56360 1.0
56426 1.0
56451 1.0
56456 1.0
56481 1.0
56552 1.0
56577 1.0
56678 1.0
57001 1.0
57026 1.0
57127 0.8
57128 0.2
57152 1.0
57177 1.0
57278 1.0
57303 1.0
57379 1.0
57404 1.0
57626 1.0
57752 1.0
57878 0.75
57879 0.25
58004 1.0
58377 1.0
58503 1.0
58629 1.0
59002 1.0
59128 1.0
59254 1.0
59430 1.0
59460 1.0
59526 1.0
59551 1.0
59576 1.0
59581 1.0
59606 1.0
59677 1.0
59702 1.0
59803 1.0
60030 1.0
60126 1.0
60151 1.0
60252 1.0
60277 1.0
60302 1.0
60403 1.0
60428 1.0
60504 1.0
60529 1.0
60751 1.0
60877 1.0
61003 1.0
61028 1.0
61129 1.0
61628 1.0
61754 1.0
62127 1.0
62253 1.0
62379 1.0
62550 1.0
62555 1.0
62600 1.0
62605 1.0
62676 1.0
62701 1.0
62726 1.0
62802 0.8333333333333334
62803 0.16666666666666666
62827 1.0
62928 1.0
63251 1.0
63276 1.0
63377 1.0
63402 1.0
63427 1.0
63503 1.0
63528 0.9545454545454546
63529 0.045454545454545456
63553 1.0
63629 1.0
63654 1.0
63876 1.0
64002 1.0
64128 1.0
64254 1.0
64627 0.75
64628 0.25
64753 1.0
64879 1.0
65252 1.0
65378 1.0
65504 1.0
65675 1.0
65680 1.0
65700 1.0
65725 1.0
65730 1.0
65801 0.5
65802 0.5
65826 1.0
65851 1.0
65927 1.0
65952 1.0
66401 1.0
66502 1.0
66527 0.6666666666666666
66528 0.3333333333333333
66552 1.0
66628 1.0
66653 0.875
66654 0.125
66678 1.0
66754 1.0
66779 1.0
67001 1.0
67127 1.0
67253 1.0
67379 1.0
67752 1.0
67878 1.0
68004 1.0
68377 1.0
68503 1.0
68629 1.0
68775 1.0
68780 1.0
68800 1.0
68805 1.0
68810 1.0
68825 0.6
68826 0.4
68830 1.0
68855 1.0
68901 1.0
68926 1.0
68951 1.0
68976 1.0
69052 0.875
69053 0.125
69077 1.0
69178 1.0
69526 1.0
69627 1.0
69652 1.0
69677 0.8
69678 0.2
69753 1.0
69778 0.95
69779 0.05
69803 1.0
69879 1.0
69904 1.0
70126 1.0
70252 1.0
70378 0.875
70379 0.125
70504 1.0
70877 1.0
71003 1.0
71129 1.0
71502 1.0
71628 1.0
71754 1.0
71901 1.0
71905 1.0
71930 1.0
71935 1.0
71955 1.0
71975 1.0
71980 1.0
72026 1.0
72076 1.0
72101 1.0
72177 0.875
72178 0.125
72202 1.0
72303 1.0
72651 1.0
72777 1.0
72802 1.0
72878 1.0
72903 0.9285714285714286
72904 0.07142857142857142
72928 1.0
73004 1.0
73029 1.0
73377 0.8571428571428571
73378 0.14285714285714285
73503 1.0
73629 1.0
74002 1.0
74128 1.0
74254 1.0
74627 1.0
74753 1.0
74879 1.0
75025 1.0
75030 1.0
75050 1.0
75055 1.0
75080 1.0
75085 1.0
75105 1.0
75151 0.5
75152 0.5
75176 1.0
75201 1.0
75206 1.0
75226 1.0
75231 1.0
75302 1.0
75327 1.0
75428 1.0
75751 1.0
75877 1.0
75902 0.8
75903 0.2
75927 1.0
76003 1.0
76028 1.0
76053 1.0
76129 1.0
76154 1.0
76376 0.5
76377 0.5
76502 1.0
76628 1.0
76653 1.0
76754 1.0
77127 0.75
77128 0.25
77253 1.0
77379 1.0
77752 1.0
77878 1.0
78004 1.0
