0 1.0
6 1.0
12 1.0
25 1.0
31 1.0
37 0.9636363636363636
38 0.03636363636363636
43 0.9692307692307692
44 0.03076923076923077
49 1.0
50 1.0
56 0.9859154929577465
57 0.014084507042253521
62 0.928
63 0.072
68 0.9819277108433735
69 0.018072289156626505
74 1.0
75 1.0
81 0.979381443298969
82 0.020618556701030927
87 0.990909090909091
88 0.00909090909090909
93 1.0
100 0.9833333333333333
101 0.016666666666666666
106 1.0
112 1.0
118 1.0
125 1.0
131 1.0
137 0.9642857142857143
138 0.03571428571428571
143 0.9622641509433962
144 0.03773584905660377
149 1.0
156 1.0
162 1.0
168 0.9391304347826087
169 0.06086956521739131
174 1.0
199 1.0
256 1.0
262 1.0
268 1.0
274 1.0
375 1.0
381 1.0
387 0.8888888888888888
388 0.1111111111111111
393 1.0
399 1.0
506 1.0
512 1.0
518 1.0
524 1.0
