55 1.0
60 1.0
80 1.0
85 1.0
105 1.0
110 1.0
186 1.0
205 0.2
206 0.8
211 1.0
231 1.0
236 1.0
267 1.0
292 1.0
312 1.0
398 1.0
417 0.3333333333333333
418 0.6666666666666666
519 1.0
660 1.0
680 1.0
786 1.0
806 1.0
811 1.0
831 0.9
832 0.1
836 1.0
856 1.0
917 1.0
937 1.0
942 1.0
957 1.0
1038 1.0
1043 1.0
1063 1.0
1149 1.0
1169 1.0
1280 1.0
1406 1.0
1411 1.0
1431 1.0
1456 1.0
1537 1.0
1557 1.0
1562 1.0
1582 1.0
1587 1.0
1663 1.0
1688 1.0
1693 1.0
1769 1.0
1774 1.0
2016 1.0
2031 1.0
2036 1.0
2056 0.3333333333333333
2057 0.6666666666666666
2157 1.0
2162 1.0
2177 1.0
2182 0.9230769230769231
2183 0.07692307692307693
2207 1.0
2268 1.0
2273 1.0
2288 1.0
2293 1.0
2308 1.0
2394 1.0
2399 1.0
2419 1.0
2656 1.0
2772 1.0
2782 1.0
2807 0.875
2808 0.125
2893 1.0
2908 1.0
2913 1.0
2918 1.0
2928 1.0
2933 1.0
3019 1.0
3024 1.0
3039 1.0
3044 1.0
3165 1.0
3185 1.0
3210 1.0
3286 1.0
3291 1.0
3306 1.0
3311 1.0
3331 1.0
3336 1.0
3356 1.0
3361 1.0
3417 1.0
3436 0.2
3437 0.8
3442 1.0
3457 1.0
3523 1.0
3543 1.0
3785 1.0
3810 1.0
3911 1.0
3931 1.0
3936 1.0
3956 1.0
3961 0.8571428571428571
3962 0.14285714285714285
4022 1.0
4057 1.0
4062 1.0
4082 1.0
4087 1.0
4148 1.0
4168 1.0
4274 1.0
4536 1.0
4541 1.0
4556 1.0
4581 1.0
4586 1.0
4682 1.0
4687 1.0
4692 1.0
4707 1.0
4788 1.0
4793 1.0
4894 1.0
4899 1.0
4918 1.0
5156 1.0
5161 1.0
5282 1.0
5287 1.0
5307 0.9285714285714286
5308 0.07142857142857142
5312 1.0
5393 1.0
5408 1.0
5413 1.0
5418 1.0
5428 1.0
5438 1.0
5519 1.0
5524 1.0
5544 1.0
5766 1.0
5781 0.5
5782 0.5
5786 1.0
5887 1.0
5897 1.0
5907 1.0
5912 1.0
5932 1.0
6013 1.0
6018 1.0
6033 1.0
6038 1.0
6043 1.0
6058 1.0
6063 1.0
6144 1.0
6149 1.0
6169 1.0
6285 1.0
6396 1.0
6411 1.0
6416 1.0
6421 1.0
6436 1.0
6461 1.0
6517 1.0
6522 1.0
6537 1.0
6542 1.0
6561 0.14285714285714285
6562 0.8571428571428571
6567 1.0
6586 0.3333333333333333
6587 0.6666666666666666
6592 1.0
6668 1.0
6693 1.0
6774 1.0
7016 1.0
7036 1.0
7061 1.0
7087 1.0
7142 1.0
7167 1.0
7182 1.0
7187 1.0
7207 1.0
7212 1.0
7268 1.0
7273 1.0
7288 1.0
7293 1.0
7298 1.0
7313 1.0
7394 1.0
7399 1.0
7661 1.0
7681 1.0
7767 1.0
7772 1.0
7782 1.0
7787 1.0
7792 1.0
7807 1.0
7812 1.0
7837 1.0
7893 1.0
7898 1.0
7913 1.0
7918 1.0
7938 1.0
8019 1.0
8044 1.0
8266 1.0
8281 1.0
8286 1.0
8392 1.0
8407 1.0
8412 1.0
8417 1.0
8432 0.8571428571428571
8433 0.14285714285714285
8437 1.0
8518 1.0
8533 1.0
8538 1.0
8543 1.0
8558 1.0
8563 1.0
8644 1.0
8649 1.0
8669 1.0
8886 1.0
8891 1.0
8906 1.0
9017 1.0
9032 1.0
9037 1.0
9057 0.5
9058 0.5
9143 1.0
9158 1.0
9163 1.0
9168 1.0
9183 1.0
9188 1.0
9269 1.0
9274 1.0
9289 1.0
9294 1.0
9415 1.0
9441 1.0
9516 1.0
9541 1.0
9561 1.0
9566 1.0
9586 1.0
9667 1.0
9687 1.0
9692 1.0
9712 1.0
9773 1.0
9793 1.0
9798 1.0
9899 1.0
9919 1.0
10161 1.0
10166 1.0
10186 1.0
10211 1.0
10267 1.0
10272 1.0
10287 1.0
10312 1.0
10317 1.0
10337 1.0
10393 1.0
10398 1.0
10413 1.0
10418 1.0
10438 1.0
10443 1.0
10519 1.0
10524 1.0
10544 1.0
10761 1.0
10766 1.0
10786 1.0
10791 1.0
10892 1.0
10907 1.0
10912 1.0
10932 0.8333333333333334
10933 0.16666666666666666
10937 0.8888888888888888
10938 0.1111111111111111
11038 1.0
11043 1.0
11058 1.0
11063 1.0
11144 1.0
11149 1.0
11174 1.0
11411 1.0
11512 1.0
11522 1.0
11532 1.0
11537 1.0
11557 0.6666666666666666
11558 0.3333333333333333
11562 1.0
11643 1.0
11663 1.0
11668 1.0
11683 1.0
11764 1.0
11774 1.0
12011 1.0
12031 1.0
12036 1.0
12142 1.0
12157 1.0
12162 1.0
12182 0.5
12183 0.5
12268 1.0
12273 1.0
12283 1.0
12288 1.0
12308 1.0
12394 1.0
12399 1.0
12419 1.0
12646 1.0
12661 1.0
12666 1.0
12686 1.0
12691 1.0
12772 1.0
12792 1.0
12812 1.0
12817 1.0
12836 0.2
12837 0.8
12842 1.0
12893 1.0
12918 1.0
12938 1.0
12943 1.0
13024 1.0
13266 1.0
13286 1.0
13291 1.0
13311 1.0
13392 1.0
13397 1.0
13412 1.0
13437 1.0
13462 1.0
13518 1.0
13523 1.0
13538 1.0
13543 1.0
13563 1.0
13649 1.0
13669 1.0
13674 1.0
13886 1.0
13891 1.0
13911 1.0
13936 1.0
14022 1.0
14037 1.0
14042 1.0
14057 1.0
14062 0.8888888888888888
14063 0.1111111111111111
14143 1.0
14148 1.0
14163 1.0
14168 1.0
14188 1.0
14269 1.0
14274 1.0
14289 1.0
14294 1.0
14516 1.0
14642 1.0
14647 1.0
14657 1.0
14662 1.0
14667 1.0
14682 1.0
14687 1.0
14768 1.0
14773 1.0
14783 1.0
14788 1.0
14793 1.0
14808 1.0
14813 1.0
14894 1.0
14899 1.0
14914 1.0
14919 1.0
15136 1.0
15262 1.0
15267 1.0
15282 1.0
15287 1.0
15388 1.0
15393 1.0
15408 1.0
15413 0.9230769230769231
15414 0.07692307692307693
15418 1.0
15433 1.0
15519 1.0
15524 1.0
15539 1.0
15544 1.0
15680 1.0
15685 1.0
15705 1.0
15710 1.0
15725 1.0
15730 1.0
15735 1.0
15831 1.0
15856 1.0
16280 1.0
16300 1.0
16305 1.0
16330 0.8
16331 0.2
16351 1.0
16355 0.6666666666666666
16356 0.3333333333333333
16451 1.0
16456 1.0
16476 1.0
16481 1.0
16582 1.0
16905 1.0
16930 1.0
17051 1.0
17056 1.0
17076 0.8461538461538461
17077 0.15384615384615385
17081 1.0
17101 1.0
17202 1.0
17656 1.0
17676 0.75
17677 0.25
17681 0.6666666666666666
17682 0.3333333333333333
17701 0.5
17702 0.5
17706 0.75
17707 0.25
17802 1.0
17807 1.0
17827 1.0
17928 1.0
18276 1.0
18281 1.0
18306 1.0
18402 1.0
18427 0.825
18428 0.175
18432 1.0
18452 1.0
18553 1.0
18785 1.0
18805 1.0
18810 1.0
18830 1.0
18835 1.0
18855 1.0
18860 1.0
18956 1.0
18961 1.0
18981 1.0
18986 1.0
19405 1.0
19410 1.0
19430 1.0
19455 1.0
19556 1.0
19561 1.0
19576 1.0
19581 1.0
19601 1.0
19606 1.0
19707 1.0
20030 1.0
20035 1.0
20055 1.0
20156 1.0
20181 1.0
20201 1.0
20206 0.9047619047619048
20207 0.09523809523809523
20302 1.0
20307 1.0
20327 1.0
20332 1.0
20655 1.0
20660 1.0
20776 1.0
20781 1.0
20802 1.0
20806 1.0
20927 0.8823529411764706
20928 0.11764705882352941
20932 1.0
20952 1.0
20957 1.0
21053 1.0
21281 1.0
21401 1.0
21406 1.0
21431 1.0
21527 1.0
21552 0.875
21553 0.125
21557 1.0
21653 1.0
21678 1.0
21910 1.0
21930 1.0
21935 1.0
21955 1.0
21960 1.0
21985 1.0
22081 1.0
22086 1.0
22106 1.0
22111 1.0
22555 1.0
22560 1.0
22656 1.0
22681 1.0
22686 1.0
22706 0.96
22707 0.04
22711 0.5
22712 0.5
22731 1.0
22807 1.0
22832 1.0
23155 1.0
23160 1.0
23281 1.0
23306 0.7692307692307693
23307 0.23076923076923078
23331 1.0
23427 1.0
23432 1.0
23452 1.0
23457 1.0
23781 1.0
23906 1.0
23931 0.6666666666666666
23932 0.3333333333333333
23957 1.0
24052 0.8888888888888888
24053 0.1111111111111111
24057 1.0
24077 1.0
24082 1.0
24178 1.0
24526 0.75
24527 0.25
24531 1.0
24652 1.0
24657 1.0
24677 1.0
24682 1.0
24778 1.0
24783 1.0
24803 1.0
24808 1.0
25035 1.0
25040 1.0
25060 1.0
25181 1.0
25186 1.0
25206 1.0
25211 1.0
25231 1.0
25236 1.0
25332 1.0
25655 1.0
25660 1.0
25680 1.0
25685 1.0
25781 1.0
25786 1.0
25806 1.0
25811 1.0
25831 0.8888888888888888
25832 0.1111111111111111
25932 1.0
25957 1.0
25962 1.0
26285 1.0
26406 1.0
26411 1.0
26431 1.0
26436 1.0
26456 1.0
26552 1.0
26557 1.0
26562 1.0
26582 1.0
27031 1.0
27056 1.0
27177 0.5
27178 0.5
27182 1.0
27207 1.0
27308 1.0
27651 1.0
27656 1.0
27682 1.0
27777 1.0
27782 1.0
27802 1.0
27807 0.8823529411764706
27808 0.11764705882352941
27908 1.0
27928 1.0
27933 1.0
28160 1.0
28286 1.0
28306 1.0
28311 1.0
28331 1.0
28336 1.0
28341 1.0
28361 1.0
28437 1.0
28457 1.0
28462 1.0
28785 1.0
28810 1.0
28911 1.0
28931 1.0
28936 0.8181818181818182
28937 0.18181818181818182
28956 1.0
28961 1.0
29057 1.0
29062 1.0
29082 1.0
29087 1.0
29531 1.0
29556 1.0
29561 1.0
29581 1.0
29682 1.0
29687 1.0
29707 1.0
29712 1.0
30156 1.0
30181 1.0
30282 1.0
30303 1.0
30307 0.9393939393939394
30308 0.06060606060606061
30312 1.0
30408 1.0
30428 1.0
30433 1.0
30776 1.0
30781 1.0
30902 1.0
30907 1.0
30927 1.0
30932 0.8888888888888888
30933 0.1111111111111111
31028 1.0
31053 1.0
31058 1.0
31280 1.0
31305 1.0
31310 1.0
31330 1.0
31350 1.0
31355 1.0
31925 0.8
31926 0.2
31930 1.0
31950 1.0
31955 1.0
31975 0.5
31976 0.5
31980 1.0
32076 1.0
32101 1.0
32106 1.0
32530 1.0
32550 1.0
32555 1.0
32576 1.0
32580 1.0
32676 1.0
32701 0.9
32702 0.1
32706 1.0
32827 1.0
33151 1.0
33155 1.0
33175 0.5
33176 0.5
33301 0.7272727272727273
33302 0.2727272727272727
33326 0.6
33327 0.4
33427 1.0
33452 1.0
33901 0.8888888888888888
33902 0.1111111111111111
33926 0.8333333333333334
33927 0.16666666666666666
34027 1.0
34052 0.8620689655172413
34053 0.13793103448275862
34178 1.0
34430 1.0
34435 1.0
34455 1.0
34460 1.0
34475 1.0
34480 0.9523809523809523
34481 0.047619047619047616
34485 1.0
34581 1.0
34606 1.0
35030 1.0
35055 1.0
35080 0.7142857142857143
35081 0.2857142857142857
35105 1.0
35201 0.9090909090909091
35202 0.09090909090909091
35206 1.0
35226 1.0
35231 1.0
35655 0.6666666666666666
35656 0.3333333333333333
35680 1.0
35801 1.0
35826 0.7916666666666666
35827 0.20833333333333334
35831 1.0
35952 1.0
36275 0.5
36276 0.5
36280 1.0
36300 1.0
36401 1.0
36406 1.0
36426 0.75
36427 0.25
36431 1.0
36451 0.8571428571428571
36452 0.14285714285714285
36552 1.0
36577 1.0
36905 0.5
36906 0.5
37026 1.0
37177 0.72
37178 0.28
37278 1.0
37303 1.0
37535 1.0
37555 1.0
37560 1.0
37580 0.8571428571428571
37581 0.14285714285714285
37585 1.0
37605 0.8888888888888888
37606 0.1111111111111111
37610 1.0
37706 1.0
37731 1.0
38155 1.0
38180 1.0
38205 0.5
38206 0.5
38230 1.0
38301 1.0
38306 1.0
38326 1.0
38331 1.0
38356 1.0
38780 1.0
38901 1.0
38906 1.0
38926 0.8
38927 0.2
38931 1.0
38951 0.7272727272727273
38952 0.2727272727272727
38956 1.0
39052 1.0
39077 1.0
39082 1.0
39405 1.0
39526 1.0
39551 0.625
39552 0.375
39556 0.8
39557 0.2
39576 1.0
39677 0.9375
39678 0.0625
39702 1.0
39803 1.0
40151 1.0
40156 1.0
40181 1.0
40277 1.0
40302 0.8666666666666667
40303 0.13333333333333333
40428 1.0
40660 1.0
40680 1.0
40685 1.0
40705 1.0
40710 1.0
40730 1.0
40735 1.0
40831 1.0
40836 1.0
40856 1.0
40861 1.0
41280 1.0
41305 1.0
41431 1.0
41452 1.0
41456 1.0
41481 1.0
41582 1.0
41905 1.0
41910 1.0
41930 0.5
41931 0.5
41935 1.0
42031 1.0
42051 0.6666666666666666
42052 0.3333333333333333
42056 1.0
42076 0.75
42077 0.25
42081 0.9090909090909091
42082 0.09090909090909091
42177 1.0
42182 1.0
42202 1.0
42207 1.0
42530 0.5
42531 0.5
42651 0.5
42652 0.5
42656 1.0
42676 1.0
42681 0.8
42682 0.2
42706 1.0
42802 1.0
42807 1.0
42827 1.0
42928 1.0
43276 0.5
43277 0.5
43281 1.0
43402 1.0
43427 0.8888888888888888
43428 0.1111111111111111
43432 1.0
43528 1.0
43553 1.0
43805 1.0
43810 1.0
43835 1.0
43860 1.0
43956 1.0
43961 1.0
43981 1.0
43986 1.0
44410 1.0
44430 0.75
44431 0.25
44531 1.0
44556 1.0
44581 0.95
44582 0.05
44586 1.0
44606 1.0
44707 1.0
45156 1.0
45181 0.8
45182 0.2
45186 1.0
45206 0.75
45207 0.25
45302 1.0
45307 1.0
45327 1.0
45332 1.0
45776 1.0
45781 1.0
45806 0.7142857142857143
45807 0.2857142857142857
45927 1.0
45932 1.0
45957 1.0
46053 1.0
46401 0.6666666666666666
46402 0.3333333333333333
46406 1.0
46527 1.0
46532 1.0
46552 1.0
46557 1.0
46653 1.0
46678 1.0
46930 1.0
46935 1.0
46955 1.0
46960 1.0
46975 0.875
46976 0.125
46980 1.0
46985 1.0
47555 1.0
47575 0.6666666666666666
47576 0.3333333333333333
47580 1.0
47600 0.8666666666666667
47601 0.13333333333333333
47605 1.0
47701 1.0
47726 1.0
48150 1.0
48155 1.0
48175 0.75
48176 0.25
48180 1.0
48200 1.0
48301 1.0
48326 0.9354838709677419
48327 0.06451612903225806
48351 1.0
48427 1.0
48452 1.0
48800 0.8
48801 0.2
48901 1.0
48926 1.0
48951 0.6666666666666666
48952 0.3333333333333333
49052 0.9375
49053 0.0625
49077 1.0
49400 1.0
49526 1.0
49551 0.5
49552 0.5
49652 1.0
49677 0.775
49678 0.225
49702 1.0
49803 1.0
50055 1.0
50060 1.0
50080 1.0
50100 1.0
50105 1.0
50110 1.0
50226 1.0
50680 1.0
50700 1.0
50705 1.0
50725 1.0
50730 0.75
50731 0.25
50801 1.0
50826 1.0
50831 1.0
50851 1.0
50856 1.0
51280 1.0
51300 1.0
51305 1.0
51330 1.0
51426 1.0
51451 0.9629629629629629
51452 0.037037037037037035
51476 1.0
51577 1.0
51900 1.0
51925 1.0
51930 1.0
52026 1.0
52051 0.7
52052 0.3
52076 0.75
52077 0.25
52177 1.0
52202 1.0
52525 0.5
52526 0.5
52530 1.0
52651 1.0
52676 1.0
52802 0.8333333333333334
52803 0.16666666666666666
52903 1.0
52928 1.0
53180 1.0
53185 1.0
53205 1.0
53230 0.9130434782608695
53231 0.08695652173913043
53235 1.0
53331 1.0
53356 1.0
53805 1.0
53830 1.0
53855 1.0
53951 1.0
53956 1.0
53976 1.0
53981 1.0
54405 1.0
54430 1.0
54576 0.9
54577 0.1
54581 1.0
54702 1.0
55025 1.0
55151 1.0
55176 0.7142857142857143
55177 0.2857142857142857
55181 1.0
55201 0.75
55202 0.25
55302 1.0
55327 1.0
55428 1.0
55776 1.0
55801 0.5
55802 0.5
55902 1.0
55927 0.9523809523809523
55928 0.047619047619047616
56028 1.0
56053 1.0
56305 1.0
56310 1.0
56330 1.0
56335 1.0
56355 1.0
56360 1.0
56456 1.0
56481 1.0
56905 1.0
56930 1.0
56935 1.0
56955 1.0
56980 1.0
57051 1.0
57056 1.0
57076 1.0
57081 1.0
57106 1.0
57530 1.0
57551 1.0
57555 1.0
57651 1.0
57676 0.75
57677 0.25
57681 1.0
57701 0.8181818181818182
57702 0.18181818181818182
57706 1.0
57727 1.0
57802 1.0
57827 1.0
58150 1.0
58155 1.0
58276 1.0
58301 0.8
58302 0.2
58326 1.0
58331 1.0
58427 1.0
58452 1.0
58901 1.0
59027 1.0
59052 0.8571428571428571
59053 0.14285714285714285
59153 1.0
59178 1.0
59430 1.0
59435 1.0
59455 1.0
59460 1.0
59481 1.0
59581 1.0
59606 1.0
59611 1.0
60030 1.0
60055 1.0
60060 1.0
60081 1.0
60181 1.0
60201 0.8333333333333334
60202 0.16666666666666666
60206 1.0
60231 1.0
60327 1.0
60655 1.0
60680 0.6666666666666666
60681 0.3333333333333333
60781 1.0
60801 1.0
60826 0.7142857142857143
60827 0.2857142857142857
60831 1.0
60927 1.0
60952 1.0
60957 1.0
61401 1.0
61426 0.8
61427 0.2
61431 1.0
61552 0.9166666666666666
61553 0.08333333333333333
61577 1.0
62026 1.0
62031 1.0
62052 1.0
62152 0.75
62153 0.25
62177 0.7777777777777778
62178 0.2222222222222222
62303 1.0
62550 1.0
62555 1.0
62560 1.0
62580 1.0
62600 1.0
62605 1.0
63175 1.0
63180 1.0
63200 0.6666666666666666
63201 0.3333333333333333
63205 1.0
63225 0.9393939393939394
63226 0.06060606060606061
63230 1.0
63351 1.0
63800 0.6666666666666666
63801 0.3333333333333333
63805 1.0
63825 1.0
63850 0.3333333333333333
63851 0.6666666666666666
63951 0.875
63952 0.125
63976 1.0
64077 1.0
64400 1.0
64425 1.0
64526 1.0
64551 0.5714285714285714
64552 0.42857142857142855
64576 0.7777777777777778
64577 0.2222222222222222
64677 0.9
64678 0.1
64702 0.95
64703 0.05
64803 1.0
65025 0.75
65026 0.25
65151 1.0
65176 0.5
65177 0.5
65277 0.5
65278 0.5
65302 0.7777777777777778
65303 0.2222222222222222
65403 1.0
65428 1.0
65680 1.0
65685 1.0
65700 1.0
65705 1.0
65725 1.0
65730 1.0
65735 1.0
66300 1.0
66305 1.0
66325 1.0
66330 1.0
66350 0.7142857142857143
66351 0.2857142857142857
66355 1.0
66451 1.0
66476 1.0
66905 1.0
66925 0.7142857142857143
66926 0.2857142857142857
66930 1.0
66950 0.5
66951 0.5
67051 1.0
67076 0.8695652173913043
67077 0.13043478260869565
67101 1.0
67177 1.0
67202 1.0
67525 0.6666666666666666
67526 0.3333333333333333
67550 1.0
67651 1.0
67676 0.8333333333333334
67677 0.16666666666666666
67701 0.75
67702 0.25
67802 1.0
67827 1.0
67928 1.0
68150 1.0
68276 0.8571428571428571
68277 0.14285714285714285
68301 1.0
68402 1.0
68427 0.6875
68428 0.3125
68528 1.0
68553 1.0
68805 1.0
68810 1.0
68830 1.0
68835 1.0
68855 1.0
68860 1.0
68976 1.0
68981 1.0
69425 1.0
69430 1.0
69450 0.5
69451 0.5
69455 1.0
69475 0.6666666666666666
69476 0.3333333333333333
69480 0.875
69481 0.125
69576 1.0
69581 1.0
69601 1.0
69606 1.0
70025 1.0
70030 1.0
70050 1.0
70055 1.0
70075 0.5
70076 0.5
70151 1.0
70176 1.0
70201 0.9090909090909091
70202 0.09090909090909091
70206 1.0
70302 1.0
70327 1.0
70650 1.0
70675 1.0
70776 0.6666666666666666
70777 0.3333333333333333
70801 0.7777777777777778
70802 0.2222222222222222
70826 0.6666666666666666
70827 0.3333333333333333
70927 0.7333333333333333
70928 0.26666666666666666
70952 1.0
71275 1.0
71401 1.0
71426 0.6
71427 0.4
71527 1.0
71552 0.8
71553 0.2
71653 1.0
71678 1.0
71910 1.0
71930 1.0
71935 1.0
71955 1.0
71960 1.0
71980 1.0
71985 1.0
72076 1.0
72081 1.0
72101 1.0
72106 1.0
72555 1.0
72560 1.0
72580 1.0
72701 1.0
72706 1.0
72726 1.0
72731 1.0
72827 1.0
73175 1.0
73180 0.75
73181 0.25
73276 1.0
73301 0.7777777777777778
73302 0.2222222222222222
73326 0.8214285714285714
73327 0.17857142857142858
73331 1.0
73351 1.0
73452 1.0
73775 1.0
73805 1.0
73901 1.0
73926 0.6666666666666666
73927 0.3333333333333333
73951 1.0
74052 0.9411764705882353
74053 0.058823529411764705
74077 1.0
74178 1.0
74400 1.0
74526 1.0
74552 1.0
74652 1.0
74677 0.7419354838709677
74678 0.25806451612903225
74778 1.0
74803 1.0
75035 1.0
75055 1.0
75060 1.0
75080 1.0
75085 1.0
75105 0.9444444444444444
75106 0.05555555555555555
75110 1.0
75206 1.0
75231 1.0
75655 1.0
75680 1.0
75705 1.0
75801 1.0
75826 0.9
75827 0.1
75831 1.0
75851 1.0
75856 1.0
75952 1.0
76280 1.0
76305 0.6666666666666666
76306 0.3333333333333333
76426 0.8
76427 0.2
76431 1.0
76451 0.9166666666666666
76452 0.08333333333333333
76456 1.0
76552 1.0
76577 1.0
76905 1.0
77026 1.0
77051 0.6
77052 0.4
77076 0.4
77077 0.6
77177 0.9444444444444444
77178 0.05555555555555555
77202 1.0
77303 1.0
77651 0.6666666666666666
77652 0.3333333333333333
77777 1.0
77802 0.8846153846153846
77803 0.11538461538461539
77903 1.0
77928 1.0
