55 1.0
60 1.0
80 1.0
85 1.0
105 1.0
110 1.0
181 1.0
186 1.0
206 1.0
211 1.0
231 1.0
236 1.0
267 1.0
307 1.0
317 1.0
398 1.0
413 1.0
418 1.0
655 1.0
776 1.0
781 1.0
806 1.0
826 1.0
831 0.8333333333333334
832 0.16666666666666666
912 1.0
917 1.0
932 1.0
937 1.0
952 1.0
957 1.0
1038 1.0
1043 1.0
1058 1.0
1144 1.0
1149 1.0
1169 1.0
1401 1.0
1406 0.8571428571428571
1407 0.14285714285714285
1426 1.0
1527 1.0
1532 1.0
1537 1.0
1552 1.0
1557 1.0
1658 1.0
1663 1.0
1678 1.0
1683 1.0
1769 1.0
2006 1.0
2011 1.0
2031 1.0
2132 1.0
2152 1.0
2157 1.0
2177 0.6666666666666666
2178 0.3333333333333333
2182 1.0
2268 1.0
2278 1.0
2283 1.0
2288 1.0
2303 1.0
2394 1.0
2399 1.0
2414 1.0
2419 1.0
2626 1.0
2752 1.0
2767 1.0
2772 1.0
2782 1.0
2888 1.0
2903 1.0
2908 1.0
2913 1.0
3014 1.0
3019 1.0
3024 1.0
3029 1.0
3034 1.0
3039 1.0
3160 1.0
3185 1.0
3210 1.0
3281 1.0
3286 1.0
3291 1.0
3306 1.0
3311 1.0
3331 0.9
3332 0.1
3336 1.0
3356 1.0
3361 1.0
3417 1.0
3437 1.0
3457 1.0
3523 1.0
3543 1.0
3785 1.0
3810 1.0
3906 1.0
3911 1.0
3931 0.8571428571428571
3932 0.14285714285714285
3956 1.0
3961 1.0
4017 1.0
4022 1.0
4038 1.0
4052 1.0
4057 1.0
4062 1.0
4082 1.0
4148 1.0
4163 1.0
4168 1.0
4183 1.0
4274 1.0
4531 1.0
4657 1.0
4662 1.0
4667 1.0
4677 0.6666666666666666
4678 0.3333333333333333
4682 1.0
4783 1.0
4788 1.0
4793 1.0
4803 1.0
4808 1.0
4894 1.0
4899 1.0
4914 1.0
4919 1.0
5156 1.0
5161 1.0
5277 1.0
5282 1.0
5287 1.0
5388 1.0
5403 1.0
5408 1.0
5413 1.0
5418 1.0
5433 1.0
5514 1.0
5524 1.0
5539 1.0
5544 1.0
5756 1.0
5761 1.0
5781 1.0
5877 1.0
5882 1.0
5887 1.0
5897 1.0
5903 1.0
5907 1.0
6013 1.0
6018 1.0
6028 1.0
6033 1.0
6038 1.0
6139 1.0
6144 1.0
6149 1.0
6154 1.0
6159 1.0
6164 1.0
6285 1.0
6391 1.0
6396 1.0
6411 1.0
6416 1.0
6431 1.0
6436 1.0
6461 1.0
6517 1.0
6537 1.0
6557 1.0
6562 1.0
6567 1.0
6582 1.0
6587 1.0
6648 1.0
6663 1.0
6668 1.0
6693 1.0
6774 1.0
7016 1.0
7031 1.0
7036 1.0
7056 1.0
7142 1.0
7167 1.0
7182 1.0
7187 1.0
7207 1.0
7268 1.0
7273 1.0
7288 1.0
7293 1.0
7313 1.0
7394 1.0
7399 1.0
7656 1.0
7661 1.0
7767 1.0
7772 1.0
7782 1.0
7787 1.0
7792 1.0
7807 0.75
7808 0.25
7888 1.0
7893 1.0
7898 1.0
7903 1.0
7908 1.0
7913 1.0
7918 1.0
7933 1.0
8019 1.0
8044 1.0
8256 1.0
8281 1.0
8387 1.0
8392 1.0
8407 0.75
8408 0.25
8518 1.0
8528 1.0
8533 0.9333333333333333
8534 0.06666666666666667
8538 1.0
8543 1.0
8644 1.0
8649 1.0
8664 1.0
8882 1.0
8886 1.0
8906 1.0
9007 1.0
9012 1.0
9017 1.0
9027 1.0
9032 1.0
9138 1.0
9143 1.0
9153 1.0
9158 0.9230769230769231
9159 0.07692307692307693
9163 1.0
9264 1.0
9269 1.0
9274 1.0
9279 1.0
9284 1.0
9289 1.0
9415 1.0
9516 1.0
9536 1.0
9541 1.0
9561 1.0
9586 1.0
9667 1.0
9682 1.0
9687 1.0
9692 1.0
9707 1.0
9712 1.0
9773 1.0
9788 1.0
9793 1.0
9798 1.0
9899 1.0
9919 1.0
10156 1.0
10161 1.0
10187 1.0
10267 1.0
10272 1.0
10282 1.0
10287 1.0
10307 1.0
10312 1.0
10332 1.0
10393 1.0
10398 1.0
10413 1.0
10418 1.0
10433 1.0
10438 1.0
10519 1.0
10524 1.0
10544 1.0
10761 1.0
10781 1.0
10786 1.0
10892 1.0
10907 1.0
10912 1.0
10932 0.8333333333333334
10933 0.16666666666666666
11018 1.0
11033 1.0
11038 1.0
11043 1.0
11058 1.0
11063 1.0
11144 1.0
11149 1.0
11169 1.0
11411 1.0
11507 1.0
11512 1.0
11517 1.0
11533 1.0
11537 0.6666666666666666
11538 0.3333333333333333
11638 1.0
11643 1.0
11658 1.0
11663 0.8888888888888888
11664 0.1111111111111111
11764 1.0
11774 1.0
11779 1.0
11784 1.0
12006 1.0
12127 1.0
12137 1.0
12157 1.0
12268 1.0
12278 1.0
12283 1.0
12288 1.0
12394 1.0
12399 1.0
12404 1.0
12409 1.0
12414 1.0
12641 1.0
12646 1.0
12661 1.0
12666 1.0
12686 1.0
12691 1.0
12711 1.0
12767 1.0
12772 1.0
12792 1.0
12812 1.0
12817 1.0
12837 1.0
12842 1.0
12893 1.0
12918 1.0
12938 1.0
12943 1.0
13024 1.0
13266 1.0
13286 1.0
13392 1.0
13407 1.0
13412 1.0
13432 0.6666666666666666
13433 0.3333333333333333
13437 1.0
13518 1.0
13523 1.0
13538 1.0
13543 1.0
13558 1.0
13644 1.0
13649 1.0
13669 1.0
13886 1.0
13891 1.0
13911 1.0
14017 1.0
14032 1.0
14037 1.0
14057 1.0
14062 1.0
14143 1.0
14158 1.0
14163 1.0
14168 1.0
14183 1.0
14188 1.0
14269 1.0
14274 1.0
14284 1.0
14289 1.0
14294 1.0
14511 1.0
14632 1.0
14637 1.0
14642 1.0
14657 1.0
14662 0.75
14663 0.25
14768 1.0
14783 1.0
14788 1.0
14889 1.0
14894 1.0
14899 1.0
14909 1.0
14914 1.0
15136 1.0
15257 1.0
15267 1.0
15282 1.0
15388 1.0
15393 1.0
15403 0.75
15404 0.25
15408 0.9166666666666666
15409 0.08333333333333333
15413 1.0
15514 1.0
15519 1.0
15524 1.0
15529 1.0
15534 1.0
15539 1.0
15680 1.0
15685 1.0
15705 1.0
15710 1.0
15725 1.0
15730 1.0
15735 1.0
15826 1.0
15831 1.0
15851 1.0
16280 1.0
16300 1.0
16305 1.0
16326 1.0
16330 1.0
16350 1.0
16426 0.875
16427 0.125
16431 1.0
16451 0.9655172413793104
16452 0.034482758620689655
16456 1.0
16476 1.0
16481 1.0
16552 1.0
16577 1.0
16900 0.5
16901 0.5
17026 1.0
17051 0.8571428571428571
17052 0.14285714285714285
17077 1.0
17152 1.0
17177 0.9310344827586207
17178 0.06896551724137931
17202 1.0
17303 1.0
17651 1.0
17777 0.8461538461538461
17778 0.15384615384615385
17802 1.0
17903 1.0
17928 1.0
18029 1.0
18251 0.5
18252 0.5
18377 1.0
18402 1.0
18528 0.9142857142857143
18529 0.08571428571428572
18654 1.0
18780 1.0
18785 1.0
18805 1.0
18810 1.0
18830 1.0
18855 1.0
18951 1.0
18956 1.0
18961 1.0
18976 1.0
18981 1.0
18986 1.0
19410 1.0
19430 1.0
19531 1.0
19551 1.0
19556 1.0
19576 0.9166666666666666
19577 0.08333333333333333
19581 1.0
19677 1.0
19702 1.0
19707 1.0
20030 1.0
20151 1.0
20156 1.0
20176 1.0
20181 0.5
20182 0.5
20202 1.0
20302 1.0
20307 1.0
20327 1.0
20428 1.0
20655 0.5
20656 0.5
20776 1.0
20781 1.0
20902 1.0
20927 0.6666666666666666
20928 0.3333333333333333
21028 0.9333333333333333
21029 0.06666666666666667
21053 1.0
21154 1.0
21376 1.0
21401 1.0
21502 1.0
21527 0.6
21528 0.4
21628 1.0
21653 0.92
21654 0.08
21754 1.0
21779 1.0
21905 1.0
21910 1.0
21930 1.0
21935 1.0
21955 0.5
21956 0.5
21960 1.0
22056 1.0
22081 1.0
22086 1.0
22106 1.0
22111 1.0
22207 1.0
22535 1.0
22555 1.0
22656 1.0
22676 1.0
22681 1.0
22706 0.8333333333333334
22707 0.16666666666666666
22802 1.0
22807 1.0
22827 1.0
22832 1.0
23155 1.0
23276 1.0
23281 1.0
23402 1.0
23427 1.0
23432 1.0
23528 1.0
23553 1.0
23901 1.0
23906 1.0
24027 0.7777777777777778
24028 0.2222222222222222
24032 1.0
24052 1.0
24057 1.0
24153 1.0
24178 1.0
24279 1.0
24501 1.0
24526 1.0
24627 1.0
24652 0.6
24653 0.4
24778 1.0
24904 1.0
25030 1.0
25035 1.0
25060 1.0
25181 1.0
25186 1.0
25206 1.0
25211 1.0
25231 1.0
25332 1.0
25655 1.0
25680 1.0
25781 1.0
25806 1.0
25831 1.0
25927 1.0
25932 1.0
25957 1.0
26053 1.0
26058 1.0
26280 1.0
26406 1.0
26431 0.5
26432 0.5
26527 1.0
26532 1.0
26552 0.8571428571428571
26553 0.14285714285714285
26557 0.9
26558 0.1
26653 1.0
26678 1.0
27026 1.0
27031 0.6666666666666666
27032 0.3333333333333333
27152 0.8
27153 0.2
27157 1.0
27278 1.0
27283 1.0
27303 1.0
27626 1.0
27631 1.0
27651 1.0
27752 1.0
27777 0.8
27778 0.2
27903 0.9655172413793104
27904 0.034482758620689655
28029 1.0
28155 1.0
28160 1.0
28286 1.0
28306 1.0
28311 1.0
28331 1.0
28336 1.0
28341 1.0
28437 1.0
28457 1.0
28462 1.0
28781 1.0
28785 1.0
28906 1.0
28911 1.0
28931 0.75
28932 0.25
28936 1.0
28956 1.0
29057 1.0
29062 1.0
29082 1.0
29183 1.0
29526 1.0
29531 1.0
29652 1.0
29657 1.0
29677 0.5
29678 0.5
29682 0.9285714285714286
29683 0.07142857142857142
29778 1.0
29803 1.0
29808 1.0
30151 1.0
30277 0.75
30278 0.25
30282 1.0
30403 1.0
30408 1.0
30433 1.0
30529 1.0
30776 1.0
30781 1.0
30877 1.0
30902 1.0
31028 1.0
31033 1.0
31154 1.0
31280 1.0
31305 1.0
31310 1.0
31325 1.0
31330 1.0
31350 1.0
31355 1.0
31451 1.0
31476 1.0
31925 1.0
31930 1.0
31950 0.6
31951 0.4
31975 1.0
32051 1.0
32076 1.0
32101 1.0
32177 1.0
32202 1.0
32525 1.0
32651 1.0
32676 0.7272727272727273
32677 0.2727272727272727
32701 1.0
32777 1.0
32802 0.9
32803 0.1
32827 1.0
32928 1.0
33276 1.0
33402 1.0
33427 1.0
33528 0.8709677419354839
33529 0.12903225806451613
33654 1.0
33876 1.0
34002 0.75
34003 0.25
34027 0.6666666666666666
34028 0.3333333333333333
34128 0.5
34129 0.5
34153 0.8421052631578947
34154 0.15789473684210525
34254 1.0
34279 1.0
34430 1.0
34435 1.0
34455 1.0
34460 1.0
34475 1.0
34480 0.9166666666666666
34481 0.08333333333333333
34485 1.0
34576 1.0
34581 1.0
34601 1.0
34606 1.0
35025 1.0
35030 1.0
35050 0.8571428571428571
35051 0.14285714285714285
35055 1.0
35176 0.8
35177 0.2
35201 1.0
35206 1.0
35226 1.0
35231 1.0
35302 1.0
35327 1.0
35650 0.5
35651 0.5
35676 1.0
35776 0.5
35777 0.5
35801 1.0
35826 1.0
35902 1.0
35927 1.0
35952 1.0
36053 1.0
36401 1.0
36527 0.6666666666666666
36528 0.3333333333333333
36552 1.0
36653 0.967741935483871
36654 0.03225806451612903
36678 1.0
36779 1.0
37026 1.0
37127 1.0
37152 0.5
37153 0.5
37278 0.5625
37279 0.4375
37379 1.0
37404 1.0
37535 1.0
37555 1.0
37560 1.0
37580 1.0
37585 1.0
37605 1.0
37701 1.0
37706 1.0
37726 1.0
37731 1.0
38150 1.0
38176 1.0
38180 1.0
38301 0.875
38302 0.125
38326 0.9166666666666666
38327 0.08333333333333333
38331 1.0
38351 1.0
38356 1.0
38427 1.0
38452 1.0
38901 1.0
38926 1.0
39028 1.0
39052 0.9310344827586207
39053 0.06896551724137931
39077 1.0
39153 1.0
39178 1.0
39526 1.0
39627 1.0
39652 1.0
39677 1.0
39778 0.8235294117647058
39779 0.17647058823529413
39803 1.0
39904 1.0
40126 1.0
40151 1.0
40252 1.0
40277 0.5
40278 0.5
40378 1.0
40403 0.8181818181818182
40404 0.18181818181818182
40504 1.0
40529 1.0
40655 1.0
40660 1.0
40680 1.0
40685 1.0
40705 1.0
40710 1.0
40735 1.0
40806 1.0
40826 1.0
40831 1.0
40836 1.0
40856 1.0
40861 1.0
41280 1.0
41406 1.0
41426 1.0
41431 0.8
41432 0.2
41451 0.8571428571428571
41452 0.14285714285714285
41456 0.8461538461538461
41457 0.15384615384615385
41552 1.0
41577 1.0
41900 1.0
41905 1.0
42026 1.0
42031 1.0
42052 1.0
42056 1.0
42152 1.0
42177 0.9629629629629629
42178 0.037037037037037035
42202 1.0
42278 1.0
42303 1.0
42651 1.0
42752 1.0
42777 0.9230769230769231
42778 0.07692307692307693
42802 1.0
42903 0.9629629629629629
42904 0.037037037037037035
42928 1.0
43029 1.0
43251 0.75
43252 0.25
43276 1.0
43377 1.0
43402 1.0
43503 1.0
43528 0.9714285714285714
43529 0.02857142857142857
43629 1.0
43654 1.0
43780 1.0
43805 1.0
43810 1.0
43835 1.0
43860 1.0
43956 1.0
43961 1.0
43981 1.0
43986 1.0
44405 1.0
44430 1.0
44531 1.0
44551 1.0
44556 1.0
44581 1.0
44677 1.0
44682 1.0
44702 1.0
44707 1.0
44803 1.0
45151 1.0
45156 1.0
45176 1.0
45277 0.6666666666666666
45278 0.3333333333333333
45302 0.9615384615384616
45303 0.038461538461538464
45403 1.0
45428 1.0
45751 1.0
45776 1.0
45902 0.8181818181818182
45903 0.18181818181818182
45927 1.0
46028 0.9333333333333333
46029 0.06666666666666667
46053 1.0
46154 1.0
46376 0.75
46377 0.25
46401 1.0
46502 1.0
46527 1.0
46653 1.0
46754 1.0
46779 1.0
46930 1.0
46950 1.0
46955 1.0
46960 1.0
46975 1.0
46980 1.0
46985 1.0
47076 1.0
47101 1.0
47550 1.0
47575 1.0
47600 1.0
47676 1.0
47701 0.9333333333333333
47702 0.06666666666666667
47726 1.0
47802 1.0
47827 1.0
48150 1.0
48276 1.0
48301 1.0
48326 0.6666666666666666
48327 0.3333333333333333
48427 0.8076923076923077
48428 0.19230769230769232
48452 1.0
48528 1.0
48553 1.0
48901 1.0
49002 1.0
49027 1.0
49052 1.0
49153 0.9666666666666667
49154 0.03333333333333333
49178 1.0
49279 1.0
49501 1.0
49627 1.0
49753 0.8571428571428571
49754 0.14285714285714285
49778 0.9
49779 0.1
49879 1.0
49904 1.0
50050 1.0
50055 1.0
50060 1.0
50080 1.0
50100 0.875
50101 0.125
50105 1.0
50110 1.0
50201 1.0
50226 1.0
50675 1.0
50776 1.0
50801 1.0
50826 1.0
50851 1.0
50927 1.0
50952 1.0
51275 1.0
51401 0.8333333333333334
51402 0.16666666666666666
51426 1.0
51451 0.5
51452 0.5
51527 1.0
51552 0.9545454545454546
51553 0.045454545454545456
51577 1.0
51653 1.0
51678 1.0
52026 1.0
52152 1.0
52177 1.0
52278 1.0
52303 1.0
52404 1.0
52626 1.0
52651 1.0
52752 1.0
52878 1.0
52903 0.95
52904 0.05
53004 1.0
53029 1.0
53175 1.0
53180 1.0
53205 1.0
53230 1.0
53235 1.0
53326 1.0
53331 1.0
53351 1.0
53356 1.0
53775 0.5
53776 0.5
53800 0.5
53801 0.5
53805 1.0
53830 0.5
53831 0.5
53926 1.0
53951 0.8518518518518519
53952 0.14814814814814814
53956 1.0
53976 1.0
54052 1.0
54077 1.0
54400 1.0
54526 1.0
54551 1.0
54677 1.0
54702 1.0
54803 1.0
55151 0.8333333333333334
55152 0.16666666666666666
55252 1.0
55277 0.7142857142857143
55278 0.2857142857142857
55302 0.5
55303 0.5
55403 0.9523809523809523
55404 0.047619047619047616
55428 1.0
55529 1.0
55752 1.0
55877 1.0
55903 1.0
56003 1.0
56028 0.9375
56029 0.0625
56129 1.0
56154 1.0
56305 1.0
56330 0.875
56331 0.125
56335 1.0
56355 1.0
56360 1.0
56451 0.8571428571428571
56452 0.14285714285714285
56456 1.0
56481 1.0
56900 1.0
56905 1.0
56925 1.0
56930 1.0
56956 1.0
57051 1.0
57056 1.0
57076 0.9375
57077 0.0625
57081 1.0
57101 1.0
57177 1.0
57202 1.0
57530 1.0
57651 1.0
57676 1.0
57777 1.0
57802 0.8888888888888888
57803 0.1111111111111111
57827 0.5
57828 0.5
57928 1.0
58251 1.0
58276 0.8
58277 0.2
58402 0.8
58403 0.2
58427 1.0
58528 0.9655172413793104
58529 0.034482758620689655
58553 1.0
58654 1.0
59002 0.8
59003 0.2
59128 1.0
59153 0.9333333333333333
59154 0.06666666666666667
59254 1.0
59279 1.0
59430 1.0
59435 1.0
59460 1.0
59581 1.0
59606 1.0
60025 1.0
60030 1.0
60055 1.0
60060 1.0
60151 1.0
60176 0.8571428571428571
60177 0.14285714285714285
60181 1.0
60201 0.6666666666666666
60202 0.3333333333333333
60206 1.0
60302 0.8571428571428571
60303 0.14285714285714285
60327 1.0
60776 1.0
60801 1.0
60806 1.0
60902 0.75
60903 0.25
60927 0.9
60928 0.1
60952 1.0
61028 1.0
61053 1.0
61402 1.0
61527 0.8
61528 0.2
61552 1.0
61653 0.9166666666666666
61654 0.08333333333333333
61779 1.0
62002 1.0
62026 1.0
62127 1.0
62253 0.75
62254 0.25
62278 0.95
62279 0.05
62379 1.0
62404 1.0
62550 1.0
62555 1.0
62560 1.0
62575 1.0
62600 1.0
62605 1.0
62726 1.0
63175 1.0
63200 1.0
63225 1.0
63301 1.0
63326 0.8461538461538461
63327 0.15384615384615385
63351 1.0
63452 1.0
63553 1.0
63775 1.0
63800 1.0
63901 1.0
63926 0.6666666666666666
63927 0.3333333333333333
63951 0.5
63952 0.5
64028 1.0
64052 0.85
64053 0.15
64077 1.0
64153 1.0
64178 1.0
64526 1.0
64627 1.0
64652 1.0
64677 1.0
64778 0.8857142857142857
64779 0.11428571428571428
64904 1.0
65126 1.0
65252 1.0
65378 0.6
65379 0.4
65403 1.0
65504 1.0
65529 1.0
65675 1.0
65680 1.0
65685 1.0
65700 1.0
65705 1.0
65725 0.9166666666666666
65726 0.08333333333333333
65730 1.0
65735 1.0
65826 1.0
65851 1.0
66275 1.0
66300 0.75
66301 0.25
66325 1.0
66350 1.0
66426 1.0
66451 0.9655172413793104
66452 0.034482758620689655
66476 1.0
66552 1.0
66577 1.0
66900 1.0
67026 1.0
67051 0.75
67052 0.25
67076 1.0
67152 1.0
67177 0.6428571428571429
67178 0.35714285714285715
67202 1.0
67278 1.0
67303 1.0
67651 1.0
67752 1.0
67777 1.0
67802 0.3333333333333333
67803 0.6666666666666666
67903 0.8
67904 0.2
67928 1.0
68029 1.0
68251 0.5
68252 0.5
68276 1.0
68377 1.0
68403 1.0
68503 0.8
68504 0.2
68528 0.625
68529 0.375
68629 1.0
68654 1.0
68800 1.0
68805 1.0
68810 1.0
68830 1.0
68835 1.0
68850 1.0
68855 0.95
68856 0.05
68860 1.0
68951 1.0
68976 1.0
69425 1.0
69430 1.0
69475 1.0
69526 1.0
69551 1.0
69576 0.9259259259259259
69577 0.07407407407407407
69601 1.0
69677 1.0
69702 1.0
70025 1.0
70151 1.0
70176 1.0
70201 1.0
70277 1.0
70302 0.8421052631578947
70303 0.15789473684210525
70403 1.0
70428 1.0
70776 1.0
70877 1.0
70902 0.75
70903 0.25
70927 1.0
71028 0.8571428571428571
71029 0.14285714285714285
71053 1.0
71154 1.0
71376 0.6666666666666666
71377 0.3333333333333333
71401 1.0
71502 1.0
71527 0.5
71528 0.5
71628 0.8
71629 0.2
71653 0.9473684210526315
71654 0.05263157894736842
71754 1.0
71779 1.0
71910 1.0
71925 1.0
71930 1.0
71935 1.0
71955 0.75
71956 0.25
71960 1.0
71980 1.0
71985 1.0
72076 1.0
72081 1.0
72101 1.0
72106 1.0
72530 1.0
72550 1.0
72555 1.0
72676 1.0
72701 1.0
72706 1.0
72802 1.0
72827 1.0
73276 1.0
73302 1.0
73402 0.5
73403 0.5
73427 0.88
73428 0.12
73452 1.0
73528 1.0
73553 1.0
73901 1.0
74002 1.0
74027 1.0
74052 1.0
74153 0.9565217391304348
74154 0.043478260869565216
74178 1.0
74279 1.0
74501 1.0
74627 1.0
74652 1.0
74753 0.6
74754 0.4
74778 0.8125
74779 0.1875
74879 1.0
74904 1.0
75035 1.0
75055 1.0
75060 1.0
75080 0.9090909090909091
75081 0.09090909090909091
75085 1.0
75105 1.0
75110 1.0
75176 1.0
75201 1.0
75206 1.0
75226 1.0
75231 1.0
75650 1.0
75801 1.0
75826 0.9285714285714286
75827 0.07142857142857142
75831 1.0
75851 1.0
75927 0.8
75928 0.2
75952 1.0
76275 1.0
76280 1.0
76401 0.8571428571428571
76402 0.14285714285714285
76426 0.5
76427 0.5
76451 1.0
76527 0.5
76528 0.5
76552 0.8947368421052632
76553 0.10526315789473684
76577 1.0
76653 1.0
76678 1.0
77026 1.0
77127 1.0
77152 0.6
77153 0.4
77177 0.3333333333333333
77178 0.6666666666666666
77278 0.8947368421052632
77279 0.10526315789473684
77303 1.0
77404 1.0
77752 0.8333333333333334
77753 0.16666666666666666
77878 0.8
77879 0.2
77903 0.8235294117647058
77904 0.17647058823529413
78004 1.0
78029 1.0
