0 1.0
6 1.0
25 1.0
31 1.0
50 0.953125
51 0.046875
56 1.0
75 0.9438775510204082
76 0.05612244897959184
81 0.9945945945945946
82 0.005405405405405406
100 0.95
101 0.05
106 0.9871794871794872
107 0.01282051282051282
112 1.0
125 0.9615384615384616
126 0.038461538461538464
131 1.0
150 0.9666666666666667
151 0.03333333333333333
156 0.9855072463768116
157 0.014492753623188406
162 1.0
175 0.75
176 0.25
181 0.9113300492610837
182 0.08866995073891626
187 0.9875
188 0.0125
200 0.75
201 0.25
206 0.8640483383685801
207 0.13595166163141995
212 0.9887640449438202
213 0.011235955056179775
218 1.0
231 0.865979381443299
232 0.13402061855670103
237 0.9868421052631579
238 0.013157894736842105
250 0.9444444444444444
251 0.05555555555555555
256 1.0
275 0.5714285714285714
276 0.42857142857142855
281 0.8961038961038961
282 0.1038961038961039
287 0.9759036144578314
288 0.024096385542168676
293 1.0
306 0.7710843373493976
307 0.2289156626506024
312 0.8991596638655462
313 0.10084033613445378
318 1.0
324 1.0
331 0.2727272727272727
332 0.7272727272727273
337 0.8647540983606558
338 0.13524590163934427
343 1.0
349 1.0
362 1.0
375 1.0
381 1.0
387 1.0
400 1.0
406 0.8852459016393442
407 0.11475409836065574
412 0.9015151515151515
413 0.09848484848484848
418 0.954954954954955
419 0.04504504504504504
424 1.0
431 0.5
432 0.5
437 0.7583333333333333
438 0.24166666666666667
443 0.9423076923076923
444 0.057692307692307696
449 1.0
468 0.6666666666666666
469 0.3333333333333333
500 0.9090909090909091
501 0.09090909090909091
506 0.9333333333333333
507 0.06666666666666667
512 1.0
531 0.78125
532 0.21875
537 0.8581560283687943
538 0.14184397163120568
543 0.8728813559322034
544 0.1271186440677966
549 1.0
562 0.2857142857142857
563 0.7142857142857143
568 0.8357142857142857
569 0.16428571428571428
574 1.0
