57 1.0
62 1.0
83 1.0
88 1.0
104 1.0
109 1.0
114 1.0
177 1.0
182 1.0
187 1.0
203 1.0
208 1.0
213 1.0
234 1.0
239 1.0
265 1.0
307 1.0
312 1.0
317 1.0
395 1.0
416 1.0
437 1.0
656 1.0
776 1.0
781 1.0
807 1.0
828 1.0
833 1.0
906 1.0
911 1.0
916 1.0
927 1.0
932 1.0
937 1.0
952 0.5
953 0.5
958 1.0
1036 1.0
1057 1.0
1145 1.0
1166 1.0
1401 1.0
1406 1.0
1526 1.0
1531 1.0
1552 1.0
1556 0.6666666666666666
1557 0.3333333333333333
1651 1.0
1656 1.0
1661 1.0
1676 0.25
1677 0.75
1682 1.0
1765 1.0
2000 1.0
2010 1.0
2026 1.0
2130 1.0
2151 1.0
2156 1.0
2265 1.0
2276 1.0
2281 1.0
2286 1.0
2390 1.0
2395 1.0
2401 1.0
2406 1.0
2411 1.0
2750 1.0
2765 1.0
2770 1.0
2875 1.0
2885 1.0
2900 0.3333333333333333
2901 0.6666666666666666
2905 0.3333333333333333
2906 0.6666666666666666
3000 1.0
3005 1.0
3010 1.0
3015 1.0
3020 1.0
3026 1.0
3030 1.0
3036 1.0
3161 1.0
3187 1.0
3213 1.0
3281 1.0
3286 1.0
3291 1.0
3307 1.0
3312 1.0
3333 1.0
3338 1.0
3359 1.0
3364 1.0
3411 1.0
3416 1.0
3437 1.0
3458 1.0
3520 1.0
3541 1.0
3786 1.0
3812 1.0
3906 1.0
3911 1.0
3932 1.0
3958 1.0
4015 1.0
4020 1.0
4052 1.0
4057 1.0
4062 1.0
4078 1.0
4083 1.0
4140 1.0
4161 1.0
4166 1.0
4182 1.0
4270 1.0
4531 1.0
4651 1.0
4656 1.0
4661 1.0
4677 1.0
4682 1.0
4776 1.0
4781 1.0
4786 1.0
4801 0.4
4802 0.6
4890 1.0
4895 1.0
4911 1.0
4916 1.0
5130 1.0
5135 1.0
5151 1.0
5250 1.0
5255 1.0
5276 1.0
5281 1.0
5385 1.0
5401 1.0
5406 1.0
5411 1.0
5510 1.0
5520 1.0
5526 1.0
5536 1.0
5750 1.0
5755 1.0
5760 1.0
5875 1.0
5880 1.0
5885 1.0
5895 1.0
5906 1.0
6000 1.0
6005 1.0
6010 1.0
6015 1.0
6025 0.16666666666666666
6026 0.8333333333333334
6030 0.3333333333333333
6031 0.6666666666666666
6125 1.0
6135 1.0
6140 1.0
6145 1.0
6150 0.4
6151 0.6
6156 1.0
6286 1.0
6390 1.0
6411 1.0
6416 1.0
6432 1.0
6437 1.0
6463 1.0
6515 1.0
6536 1.0
6557 1.0
6562 1.0
6567 1.0
6583 1.0
6588 1.0
6645 1.0
6661 1.0
6666 1.0
6692 1.0
6770 1.0
7015 1.0
7031 1.0
7036 1.0
7140 1.0
7161 1.0
7166 1.0
7182 1.0
7187 1.0
7208 1.0
7265 1.0
7270 1.0
7281 1.0
7286 1.0
7291 1.0
7307 1.0
7390 1.0
7395 1.0
7630 1.0
7651 1.0
7656 1.0
7760 1.0
7765 1.0
7770 1.0
7781 1.0
7786 1.0
7885 1.0
7890 1.0
7895 1.0
7901 1.0
7906 1.0
7911 1.0
7932 1.0
8015 1.0
8041 1.0
8250 1.0
8255 1.0
8380 1.0
8385 1.0
8390 1.0
8406 1.0
8510 1.0
8526 1.0
8531 1.0
8536 1.0
8640 1.0
8645 1.0
8651 1.0
8656 1.0
8661 1.0
8666 1.0
8885 1.0
9000 1.0
9005 1.0
9010 1.0
9125 1.0
9130 1.0
9135 1.0
9150 0.125
9151 0.875
9156 1.0
9250 1.0
9260 1.0
9265 1.0
9270 1.0
9275 0.3333333333333333
9276 0.6666666666666666
9281 1.0
9286 1.0
9411 1.0
9515 1.0
9536 1.0
9541 1.0
9562 1.0
9588 1.0
9666 1.0
9682 1.0
9687 1.0
9692 1.0
9713 1.0
9770 1.0
9786 1.0
9791 1.0
9796 1.0
9895 1.0
9916 1.0
10156 1.0
10160 0.2
10161 0.8
10265 1.0
10270 1.0
10281 1.0
10286 1.0
10306 0.09090909090909091
10307 0.9090909090909091
10312 1.0
10390 1.0
10406 1.0
10411 1.0
10416 1.0
10432 1.0
10515 1.0
10520 1.0
10541 1.0
10755 1.0
10760 1.0
10781 1.0
10786 1.0
10890 1.0
10906 1.0
10926 1.0
10932 1.0
11026 1.0
11031 1.0
11036 1.0
11041 1.0
11057 1.0
11140 1.0
11145 1.0
11406 1.0
11505 1.0
11515 1.0
11635 1.0
11651 1.0
11656 1.0
11661 1.0
11760 1.0
11770 1.0
11776 1.0
11781 1.0
12005 1.0
12125 1.0
12130 1.0
12135 1.0
12250 1.0
12255 1.0
12265 1.0
12275 0.1111111111111111
12276 0.8888888888888888
12281 1.0
12375 1.0
12380 1.0
12390 1.0
12395 1.0
12400 0.5
12401 0.5
12406 1.0
12411 1.0
12640 1.0
12645 1.0
12661 1.0
12666 1.0
12687 1.0
12692 1.0
12713 1.0
12765 1.0
12770 1.0
12791 1.0
12807 1.0
12812 1.0
12817 1.0
12838 1.0
12890 1.0
12916 1.0
12937 1.0
13020 1.0
13265 1.0
13286 1.0
13390 1.0
13406 1.0
13411 1.0
13432 1.0
13437 1.0
13515 1.0
13520 1.0
13531 1.0
13536 1.0
13541 1.0
13557 1.0
13640 1.0
13645 1.0
13661 1.0
13666 1.0
13885 1.0
13890 1.0
14015 1.0
14031 1.0
14036 1.0
14140 1.0
14151 1.0
14156 1.0
14161 1.0
14166 1.0
14182 1.0
14265 1.0
14270 1.0
14281 1.0
14285 0.3333333333333333
14286 0.6666666666666666
14291 1.0
14510 1.0
14630 1.0
14635 1.0
14640 1.0
14656 1.0
14760 1.0
14765 1.0
14776 1.0
14781 1.0
14885 1.0
14890 1.0
14895 1.0
14901 1.0
14906 1.0
14911 1.0
15130 1.0
15255 1.0
15260 1.0
15375 1.0
15380 1.0
15385 1.0
15401 1.0
15406 1.0
15500 1.0
15505 1.0
15510 1.0
15515 1.0
15525 0.1111111111111111
15526 0.8888888888888888
15531 1.0
15536 1.0
15682 1.0
15687 1.0
15703 1.0
15708 1.0
15713 1.0
15729 1.0
15734 1.0
15739 1.0
15828 1.0
15833 1.0
15854 1.0
16276 1.0
16281 1.0
16302 1.0
16307 1.0
16333 1.0
16401 1.0
16427 1.0
16453 1.0
16479 1.0
16552 1.0
16577 0.42857142857142855
16578 0.5714285714285714
16677 1.0
16901 1.0
17026 1.0
17151 1.0
17176 0.23809523809523808
17177 0.7619047619047619
17276 1.0
17302 1.0
17401 1.0
17650 1.0
17750 1.0
17775 0.14285714285714285
17776 0.8571428571428571
17875 1.0
17901 1.0
18000 1.0
18025 0.25
18026 0.75
18375 1.0
18500 1.0
18525 0.5
18526 0.5
18625 1.0
18650 0.6666666666666666
18651 0.3333333333333333
18781 1.0
18786 1.0
18807 1.0
18812 1.0
18833 1.0
18859 1.0
18931 1.0
18953 1.0
18958 1.0
18963 1.0
18984 1.0
18989 1.0
19406 1.0
19432 1.0
19526 1.0
19552 1.0
19557 1.0
19578 1.0
19582 0.5
19583 0.5
19677 1.0
19682 1.0
19702 0.3
19703 0.7
19802 1.0
20151 1.0
20156 1.0
20177 1.0
20276 1.0
20301 0.09523809523809523
20302 0.9047619047619048
20401 1.0
20427 1.0
20526 1.0
20750 1.0
20775 0.25
20776 0.75
20875 1.0
20901 1.0
21000 1.0
21026 1.0
21125 1.0
21150 0.1111111111111111
21151 0.8888888888888888
21375 1.0
21500 1.0
21526 1.0
21625 1.0
21650 0.14285714285714285
21651 0.8571428571428571
21750 1.0
21775 0.3333333333333333
21776 0.6666666666666666
21906 1.0
21911 1.0
21932 1.0
21937 1.0
21958 1.0
21963 1.0
22057 1.0
22062 1.0
22083 1.0
22088 1.0
22108 0.16666666666666666
22109 0.8333333333333334
22114 1.0
22182 1.0
22208 1.0
22531 1.0
22651 1.0
22656 1.0
22677 1.0
22682 1.0
22708 1.0
22802 1.0
22807 1.0
22828 1.0
22833 1.0
23276 1.0
23281 1.0
23401 1.0
23426 0.125
23427 0.875
23526 1.0
23552 1.0
23651 1.0
23900 0.16666666666666666
23901 0.8333333333333334
24000 1.0
24026 1.0
24125 1.0
24151 1.0
24250 1.0
24276 1.0
24500 1.0
24625 1.0
24750 1.0
24775 0.5
24776 0.5
24875 1.0
24900 1.0
25031 1.0
25036 1.0
25062 1.0
25161 1.0
25182 1.0
25187 1.0
25208 1.0
25213 1.0
25307 1.0
25332 0.5
25333 0.5
25338 1.0
25781 1.0
25807 1.0
25833 1.0
25901 1.0
25927 1.0
25932 1.0
26052 1.0
26057 1.0
26281 1.0
26401 1.0
26406 1.0
26526 1.0
26531 1.0
26551 0.14285714285714285
26552 0.8571428571428571
26557 1.0
26651 1.0
26677 1.0
26776 1.0
27000 1.0
27125 1.0
27151 1.0
27276 1.0
27400 0.2857142857142857
27401 0.7142857142857143
27625 1.0
27750 1.0
27875 1.0
27900 0.25
27901 0.75
28000 1.0
28025 0.42857142857142855
28026 0.5714285714285714
28156 1.0
28161 1.0
28286 1.0
28307 1.0
28312 1.0
28333 1.0
28338 1.0
28343 1.0
28432 1.0
28457 0.14285714285714285
28458 0.8571428571428571
28463 1.0
28781 1.0
28906 1.0
28911 1.0
28932 1.0
28958 1.0
29026 1.0
29051 0.3333333333333333
29052 0.6666666666666666
29057 1.0
29062 1.0
29083 1.0
29177 1.0
29182 1.0
29526 1.0
29531 1.0
29651 1.0
29656 1.0
29676 0.2857142857142857
29677 0.7142857142857143
29682 1.0
29776 1.0
29781 1.0
29802 1.0
29807 1.0
30250 1.0
30275 0.5
30276 0.5
30400 0.05555555555555555
30401 0.9444444444444444
30406 1.0
30526 1.0
30750 1.0
30875 1.0
31000 1.0
31025 0.2857142857142857
31026 0.7142857142857143
31125 1.0
31151 1.0
31281 1.0
31302 1.0
31307 1.0
31312 1.0
31328 1.0
31333 1.0
31354 1.0
31359 1.0
31453 1.0
31479 1.0
31901 1.0
31927 1.0
31953 1.0
31978 1.0
32026 1.0
32051 0.14285714285714285
32052 0.8571428571428571
32078 1.0
32104 1.0
32177 1.0
32202 0.3333333333333333
32203 0.6666666666666666
32526 1.0
32651 1.0
32677 1.0
32775 0.14285714285714285
32776 0.8571428571428571
32801 0.09090909090909091
32802 0.9090909090909091
32901 1.0
32927 1.0
33026 1.0
33250 1.0
33375 1.0
33401 1.0
33500 1.0
33525 0.15384615384615385
33526 0.8461538461538461
33625 1.0
33650 0.4117647058823529
33651 0.5882352941176471
34000 1.0
34125 1.0
34250 1.0
34275 1.0
34406 1.0
34432 1.0
34437 1.0
34457 0.16666666666666666
34458 0.8333333333333334
34479 1.0
34484 1.0
34489 1.0
34578 1.0
34583 1.0
34604 1.0
34609 1.0
35026 1.0
35031 1.0
35052 1.0
35151 1.0
35177 1.0
35203 1.0
35208 1.0
35302 1.0
35328 1.0
35427 1.0
35776 1.0
35875 1.0
35901 1.0
35926 0.08333333333333333
35927 0.9166666666666666
36026 1.0
36051 0.18181818181818182
36052 0.8181818181818182
36151 1.0
36375 1.0
36401 1.0
36500 1.0
36526 1.0
36625 1.0
36650 0.125
36651 0.875
36750 1.0
36775 0.3333333333333333
36776 0.6666666666666666
37000 1.0
37125 1.0
37250 1.0
37375 1.0
37536 1.0
37557 1.0
37562 1.0
37583 1.0
37588 1.0
37609 1.0
37677 1.0
37703 1.0
37708 1.0
37729 1.0
37734 1.0
37828 1.0
38156 1.0
38177 1.0
38276 1.0
38302 1.0
38328 1.0
38333 1.0
38427 1.0
38453 1.0
38552 1.0
38901 1.0
38927 1.0
39026 1.0
39051 0.08333333333333333
39052 0.9166666666666666
39151 1.0
39176 0.25
39177 0.75
39276 1.0
39500 1.0
39625 1.0
39651 1.0
39750 1.0
39775 0.043478260869565216
39776 0.9565217391304348
39875 1.0
39900 0.1111111111111111
39901 0.8888888888888888
40125 1.0
40250 1.0
40375 1.0
40401 1.0
40500 1.0
40656 1.0
40661 1.0
40682 1.0
40687 1.0
40708 1.0
40713 1.0
40739 1.0
40807 1.0
40833 1.0
40838 1.0
40859 1.0
40864 1.0
40953 1.0
41281 1.0
41401 1.0
41406 1.0
41427 1.0
41432 1.0
41453 1.0
41458 1.0
41552 1.0
41577 0.18181818181818182
41578 0.8181818181818182
41677 1.0
41906 1.0
42000 1.0
42026 1.0
42151 1.0
42176 0.07692307692307693
42177 0.9230769230769231
42276 1.0
42301 0.25
42302 0.75
42401 1.0
42625 1.0
42650 1.0
42750 1.0
42776 1.0
42901 1.0
43000 1.0
43025 0.2727272727272727
43026 0.7272727272727273
43250 1.0
43375 1.0
43500 1.0
43625 1.0
43650 0.5
43651 0.5
43781 1.0
43807 1.0
43812 1.0
43838 1.0
43864 1.0
43932 1.0
43958 1.0
43963 1.0
43984 1.0
43988 0.3333333333333333
43989 0.6666666666666666
44078 1.0
44083 1.0
44406 1.0
44526 1.0
44531 1.0
44552 1.0
44557 1.0
44583 1.0
44677 1.0
44702 0.5
44703 0.5
44708 1.0
44802 1.0
45151 1.0
45156 1.0
45276 1.0
45301 0.14285714285714285
45302 0.8571428571428571
45401 1.0
45426 0.38461538461538464
45427 0.6153846153846154
45526 1.0
45750 1.0
45776 1.0
45875 1.0
45901 1.0
46000 1.0
46025 0.05263157894736842
46026 0.9473684210526315
46125 1.0
46151 1.0
46375 1.0
46500 1.0
46625 1.0
46650 0.75
46651 0.25
46750 1.0
46927 1.0
46932 1.0
46953 1.0
46958 1.0
46963 1.0
46978 0.047619047619047616
46979 0.9523809523809523
46984 1.0
46989 1.0
47078 1.0
47104 1.0
47552 1.0
47651 1.0
47677 1.0
47703 1.0
47728 0.6666666666666666
47729 0.3333333333333333
47802 1.0
47827 0.16666666666666666
47828 0.8333333333333334
47927 1.0
48276 1.0
48375 1.0
48400 0.125
48401 0.875
48426 0.16666666666666666
48427 0.8333333333333334
48526 1.0
48551 0.25
48552 0.75
48651 1.0
48875 1.0
49000 1.0
49125 1.0
49150 0.07692307692307693
49151 0.9230769230769231
49250 1.0
49275 0.2222222222222222
49276 0.7777777777777778
49625 1.0
49750 1.0
49875 1.0
50052 1.0
50057 1.0
50062 1.0
50078 1.0
50083 1.0
50104 1.0
50109 1.0
50114 1.0
50203 1.0
50229 1.0
50651 1.0
50677 1.0
50802 1.0
50828 1.0
50901 1.0
50927 1.0
50953 1.0
51052 1.0
51276 1.0
51401 1.0
51427 1.0
51525 0.1111111111111111
51526 0.8888888888888888
51551 0.42857142857142855
51552 0.5714285714285714
51651 1.0
51676 0.6666666666666666
51677 0.3333333333333333
51776 1.0
52025 0.3333333333333333
52026 0.6666666666666666
52125 1.0
52151 1.0
52250 1.0
52275 0.13333333333333333
52276 0.8666666666666667
52375 1.0
52400 0.5
52401 0.5
52625 1.0
52750 1.0
52875 1.0
53000 1.0
53177 1.0
53182 1.0
53208 1.0
53234 1.0
53239 1.0
53328 1.0
53354 1.0
53359 1.0
53776 1.0
53806 0.5
53807 0.5
53901 1.0
53927 1.0
53953 1.0
53958 1.0
53978 1.0
54052 1.0
54077 0.1111111111111111
54078 0.8888888888888888
54401 1.0
54526 1.0
54651 1.0
54677 1.0
54776 1.0
54801 0.5
54802 0.5
54901 1.0
55125 1.0
55250 1.0
55275 1.0
55375 1.0
55400 0.21052631578947367
55401 0.7894736842105263
55500 1.0
55525 0.16666666666666666
55526 0.8333333333333334
55875 1.0
56000 1.0
56025 1.0
56125 1.0
56307 1.0
56333 1.0
56338 1.0
56359 1.0
56364 1.0
56453 1.0
56458 1.0
56478 0.5
56479 0.5
56483 0.2
56484 0.8
56578 1.0
56901 1.0
56906 1.0
56931 1.0
57026 1.0
57051 0.1111111111111111
57052 0.8888888888888888
57078 1.0
57083 1.0
57177 1.0
57203 1.0
57302 1.0
57526 1.0
57651 1.0
57775 0.2
57776 0.8
57801 0.25
57802 0.75
57901 1.0
57927 1.0
58026 1.0
58250 1.0
58275 0.5
58276 0.5
58375 1.0
58401 1.0
58500 1.0
58525 0.2777777777777778
58526 0.7222222222222222
58625 1.0
58650 0.3333333333333333
58651 0.6666666666666666
59000 1.0
59125 1.0
59250 1.0
59432 1.0
59437 1.0
59463 1.0
59557 1.0
59577 0.2
59578 0.8
59583 1.0
59609 1.0
60031 1.0
60057 1.0
60151 1.0
60177 1.0
60203 1.0
60208 1.0
60302 1.0
60328 1.0
60427 1.0
60750 1.0
60776 1.0
60901 1.0
60927 1.0
61026 1.0
61051 0.3
61052 0.7
61151 1.0
61176 1.0
61500 1.0
61526 1.0
61625 1.0
61651 1.0
61750 1.0
61775 0.23076923076923078
61776 0.7692307692307693
62000 1.0
62125 1.0
62250 1.0
62375 1.0
62552 1.0
62557 1.0
62562 1.0
62578 1.0
62604 1.0
62609 1.0
62703 1.0
62728 0.25
62729 0.75
63151 1.0
63177 1.0
63203 1.0
63228 1.0
63301 0.3333333333333333
63302 0.6666666666666666
63327 0.07142857142857142
63328 0.9285714285714286
63354 1.0
63427 1.0
63452 0.4166666666666667
63453 0.5833333333333334
63552 1.0
63776 1.0
63901 1.0
64000 1.0
64026 1.0
64051 0.16666666666666666
64052 0.8333333333333334
64151 1.0
64176 0.6
64177 0.4
64276 1.0
64625 1.0
64750 1.0
64775 0.38461538461538464
64776 0.6153846153846154
64875 1.0
64900 0.5
64901 0.5
65125 1.0
65250 1.0
65375 1.0
65500 1.0
65677 1.0
65682 1.0
65703 1.0
65708 1.0
65728 0.06666666666666667
65729 0.9333333333333333
65734 1.0
65828 1.0
65854 1.0
66276 1.0
66302 1.0
66401 1.0
66427 1.0
66453 1.0
66552 1.0
66578 1.0
66677 1.0
66901 1.0
67026 1.0
67125 1.0
67151 1.0
67177 1.0
67276 1.0
67401 1.0
67650 1.0
67750 1.0
67875 1.0
67900 0.07692307692307693
67901 0.9230769230769231
68000 1.0
68025 0.4
68026 0.6
68250 1.0
68375 1.0
68500 1.0
68625 1.0
68802 1.0
68807 1.0
68812 1.0
68828 1.0
68833 1.0
68838 1.0
68854 1.0
68859 1.0
68953 1.0
68958 1.0
68979 1.0
68984 1.0
69427 1.0
69526 1.0
69552 1.0
69577 0.06666666666666667
69578 0.9333333333333333
69603 1.0
69677 1.0
69702 0.16666666666666666
69703 0.8333333333333334
69802 1.0
70026 1.0
70151 1.0
70250 1.0
70276 1.0
70302 1.0
70401 1.0
70426 1.0
70526 1.0
70750 1.0
70875 1.0
70901 1.0
71000 1.0
71025 0.2857142857142857
71026 0.7142857142857143
71125 1.0
71150 0.25
71151 0.75
71375 1.0
71500 1.0
71625 1.0
71750 1.0
71906 1.0
71932 1.0
71937 1.0
71958 1.0
71963 1.0
71984 1.0
71989 1.0
72052 1.0
72078 1.0
72083 1.0
72104 1.0
72109 1.0
72203 1.0
72526 1.0
72531 1.0
72552 1.0
72677 1.0
72702 0.25
72703 0.75
72802 1.0
72828 1.0
72927 1.0
73276 1.0
73375 1.0
73401 1.0
73427 1.0
73526 1.0
73551 0.2
73552 0.8
73651 1.0
73875 1.0
73901 1.0
74000 1.0
74026 1.0
74125 1.0
74150 0.125
74151 0.875
74250 1.0
74275 0.2222222222222222
74276 0.7777777777777778
74500 1.0
74625 1.0
74750 1.0
74875 1.0
75031 1.0
75036 1.0
75057 1.0
75062 1.0
75083 1.0
75088 1.0
75108 0.125
75109 0.875
75114 1.0
75177 1.0
75203 1.0
75208 1.0
75229 1.0
75233 0.14285714285714285
75234 0.8571428571428571
75328 1.0
75776 1.0
75802 1.0
75828 1.0
75833 1.0
75927 1.0
75952 0.25
75953 0.75
76052 1.0
76276 1.0
76401 1.0
76526 1.0
76552 1.0
76651 1.0
76676 0.6
76677 0.4
76776 1.0
77000 1.0
77025 1.0
77125 1.0
77250 1.0
77275 0.058823529411764705
77276 0.9411764705882353
77375 1.0
77400 0.14285714285714285
77401 0.8571428571428571
77750 1.0
77875 1.0
78000 1.0
