55 1.0
60 1.0
80 1.0
85 1.0
105 1.0
110 1.0
186 1.0
206 1.0
211 1.0
231 1.0
236 1.0
267 1.0
292 1.0
312 1.0
317 1.0
398 1.0
418 1.0
655 1.0
781 1.0
786 1.0
806 1.0
826 1.0
831 0.9
832 0.1
836 1.0
912 1.0
917 1.0
932 1.0
937 1.0
952 1.0
957 1.0
962 1.0
1038 1.0
1043 1.0
1058 1.0
1149 1.0
1169 1.0
1401 1.0
1406 1.0
1411 1.0
1431 0.5
1432 0.5
1537 1.0
1552 1.0
1557 0.9473684210526315
1558 0.05263157894736842
1562 1.0
1577 1.0
1582 1.0
1658 1.0
1663 1.0
1688 1.0
1769 1.0
2011 1.0
2031 1.0
2152 1.0
2157 0.6666666666666666
2158 0.3333333333333333
2162 1.0
2177 0.625
2178 0.375
2182 1.0
2268 1.0
2283 1.0
2288 1.0
2303 1.0
2308 1.0
2399 1.0
2414 1.0
2419 1.0
2656 1.0
2767 1.0
2772 1.0
2777 0.75
2778 0.25
2782 1.0
2888 1.0
2893 1.0
2903 1.0
2908 1.0
2913 1.0
2928 1.0
2933 1.0
3019 1.0
3024 1.0
3039 1.0
3160 1.0
3165 1.0
3185 1.0
3210 1.0
3286 1.0
3291 1.0
3306 1.0
3311 1.0
3331 1.0
3336 1.0
3356 1.0
3361 1.0
3417 1.0
3437 1.0
3442 1.0
3457 1.0
3523 1.0
3543 1.0
3785 1.0
3810 1.0
3906 1.0
3911 1.0
3931 0.7142857142857143
3932 0.2857142857142857
3936 1.0
3956 1.0
3961 1.0
4022 1.0
4037 1.0
4057 1.0
4062 1.0
4082 1.0
4148 1.0
4163 1.0
4168 1.0
4274 1.0
4531 1.0
4541 1.0
4556 1.0
4678 1.0
4682 0.9444444444444444
4683 0.05555555555555555
4687 1.0
4783 1.0
4788 1.0
4793 1.0
4808 1.0
4894 1.0
4899 1.0
4914 1.0
5156 1.0
5161 1.0
5282 1.0
5287 1.0
5302 1.0
5307 0.8571428571428571
5308 0.14285714285714285
5388 1.0
5408 1.0
5413 1.0
5418 1.0
5428 1.0
5433 1.0
5519 1.0
5524 1.0
5544 1.0
5756 1.0
5761 1.0
5781 1.0
5887 1.0
5897 1.0
5902 1.0
5907 0.8571428571428571
5908 0.14285714285714285
6013 1.0
6018 1.0
6028 1.0
6033 1.0
6038 1.0
6053 1.0
6144 1.0
6149 1.0
6154 1.0
6159 1.0
6164 1.0
6169 1.0
6285 1.0
6396 1.0
6411 1.0
6416 1.0
6431 1.0
6436 1.0
6461 1.0
6517 1.0
6537 1.0
6562 1.0
6567 1.0
6582 1.0
6587 1.0
6592 1.0
6648 1.0
6663 1.0
6668 1.0
6693 1.0
6774 1.0
7016 1.0
7031 1.0
7036 1.0
7056 1.0
7061 1.0
7142 1.0
7167 1.0
7182 1.0
7187 1.0
7207 1.0
7212 1.0
7268 1.0
7273 1.0
7288 1.0
7293 1.0
7298 1.0
7313 1.0
7394 1.0
7399 1.0
7656 1.0
7661 1.0
7767 1.0
7772 1.0
7782 1.0
7787 1.0
7792 1.0
7807 1.0
7812 1.0
7893 1.0
7898 1.0
7908 1.0
7913 1.0
7918 1.0
7933 1.0
7938 1.0
8019 1.0
8044 1.0
8281 1.0
8286 1.0
8387 1.0
8392 1.0
8407 1.0
8412 1.0
8417 1.0
8432 0.5
8433 0.5
8437 1.0
8518 1.0
8533 1.0
8538 1.0
8543 1.0
8558 1.0
8644 1.0
8649 1.0
8664 1.0
8886 1.0
8906 1.0
9007 1.0
9012 1.0
9017 1.0
9027 1.0
9032 1.0
9037 1.0
9143 1.0
9153 1.0
9158 1.0
9163 1.0
9168 1.0
9264 1.0
9274 1.0
9279 1.0
9284 1.0
9289 1.0
9415 1.0
9516 1.0
9541 1.0
9561 1.0
9566 1.0
9586 1.0
9687 1.0
9692 1.0
9707 1.0
9712 1.0
9773 1.0
9788 1.0
9793 1.0
9798 1.0
9899 1.0
9919 1.0
10161 1.0
10166 1.0
10186 1.0
10267 1.0
10272 1.0
10287 1.0
10307 1.0
10312 1.0
10317 1.0
10332 1.0
10337 1.0
10393 1.0
10398 1.0
10413 1.0
10418 1.0
10433 1.0
10438 1.0
10519 1.0
10524 1.0
10544 1.0
10761 1.0
10766 1.0
10786 1.0
10791 1.0
10892 1.0
10907 0.5
10908 0.5
10912 1.0
10932 1.0
10937 1.0
11033 1.0
11038 1.0
11043 1.0
11058 1.0
11063 1.0
11144 1.0
11149 1.0
11174 1.0
11411 1.0
11512 1.0
11517 1.0
11532 1.0
11537 1.0
11638 1.0
11643 1.0
11658 1.0
11663 1.0
11668 1.0
11683 1.0
11764 1.0
11774 1.0
12006 1.0
12011 1.0
12031 1.0
12142 1.0
12157 1.0
12268 1.0
12278 1.0
12283 1.0
12288 1.0
12394 1.0
12399 1.0
12409 1.0
12414 1.0
12646 1.0
12661 1.0
12666 1.0
12686 1.0
12691 1.0
12711 1.0
12767 1.0
12772 1.0
12792 1.0
12812 1.0
12817 1.0
12837 1.0
12842 1.0
12893 1.0
12918 1.0
12938 1.0
12943 1.0
13024 1.0
13266 0.5
13267 0.5
13286 1.0
13291 1.0
13311 1.0
13392 1.0
13397 1.0
13412 1.0
13432 1.0
13437 1.0
13518 1.0
13523 1.0
13538 1.0
13543 1.0
13558 1.0
13649 1.0
13669 1.0
13886 1.0
13891 1.0
13906 1.0
13911 1.0
14017 1.0
14032 1.0
14037 1.0
14057 0.6666666666666666
14058 0.3333333333333333
14062 1.0
14143 1.0
14148 1.0
14158 1.0
14163 1.0
14168 1.0
14183 1.0
14188 1.0
14269 1.0
14274 1.0
14289 1.0
14294 1.0
14516 1.0
14637 1.0
14642 1.0
14657 1.0
14662 0.8333333333333334
14663 0.16666666666666666
14763 1.0
14768 1.0
14783 1.0
14788 1.0
14793 1.0
14894 1.0
14899 1.0
14914 1.0
14919 1.0
15136 1.0
15262 1.0
15267 1.0
15282 0.6666666666666666
15283 0.3333333333333333
15388 1.0
15393 1.0
15408 0.9285714285714286
15409 0.07142857142857142
15413 1.0
15519 1.0
15524 1.0
15534 1.0
15539 1.0
15544 1.0
15680 1.0
15685 1.0
15705 1.0
15710 1.0
15725 1.0
15730 1.0
15735 1.0
15826 1.0
15831 1.0
15851 1.0
15856 1.0
16280 1.0
16300 1.0
16305 1.0
16325 1.0
16330 0.6666666666666666
16331 0.3333333333333333
16355 1.0
16426 1.0
16451 1.0
16456 1.0
16476 1.0
16481 1.0
16577 1.0
16905 1.0
16925 1.0
17026 1.0
17051 0.8461538461538461
17052 0.15384615384615385
17057 1.0
17076 0.7777777777777778
17077 0.2222222222222222
17081 1.0
17177 1.0
17202 1.0
17303 1.0
17651 0.8333333333333334
17652 0.16666666666666666
17676 1.0
17777 0.6666666666666666
17778 0.3333333333333333
17802 0.8536585365853658
17803 0.14634146341463414
17807 1.0
17903 1.0
17928 0.9090909090909091
17929 0.09090909090909091
18276 0.6666666666666666
18277 0.3333333333333333
18402 0.7333333333333333
18403 0.26666666666666666
18427 0.5
18428 0.5
18528 0.9411764705882353
18529 0.058823529411764705
18553 1.0
18654 1.0
18780 1.0
18785 1.0
18805 1.0
18810 1.0
18830 1.0
18835 1.0
18855 1.0
18956 1.0
18961 1.0
18976 1.0
18981 1.0
18986 1.0
19405 1.0
19410 1.0
19430 0.5
19431 0.5
19551 1.0
19556 1.0
19576 1.0
19581 1.0
19601 1.0
19606 1.0
19677 1.0
19702 1.0
19707 1.0
20030 1.0
20156 1.0
20176 0.8
20177 0.2
20181 1.0
20201 1.0
20206 0.8333333333333334
20207 0.16666666666666666
20302 1.0
20307 1.0
20327 1.0
20332 1.0
20428 1.0
20655 1.0
20776 1.0
20781 1.0
20801 1.0
20902 1.0
20927 0.8823529411764706
20928 0.11764705882352941
20932 1.0
21028 1.0
21053 1.0
21376 1.0
21401 1.0
21527 0.875
21528 0.125
21552 1.0
21653 0.9583333333333334
21654 0.041666666666666664
21678 1.0
21779 1.0
21905 1.0
21910 1.0
21930 1.0
21935 1.0
21955 1.0
21960 1.0
21985 1.0
22056 1.0
22081 1.0
22086 1.0
22106 1.0
22111 1.0
22535 1.0
22555 1.0
22656 1.0
22676 1.0
22681 1.0
22686 1.0
22701 1.0
22706 0.8461538461538461
22707 0.15384615384615385
22802 1.0
22807 1.0
22832 1.0
23155 1.0
23276 1.0
23281 1.0
23301 0.5
23302 0.5
23306 1.0
23326 1.0
23332 1.0
23427 0.9375
23428 0.0625
23432 1.0
23452 1.0
23457 1.0
23553 1.0
23558 1.0
23901 1.0
23906 1.0
24027 0.6
24028 0.4
24032 1.0
24052 0.7777777777777778
24053 0.2222222222222222
24057 1.0
24153 0.5
24154 0.5
24178 1.0
24183 1.0
24506 1.0
24526 0.5
24527 0.5
24531 1.0
24652 1.0
24657 1.0
24778 1.0
24803 1.0
24904 1.0
25035 1.0
25040 1.0
25060 1.0
25181 1.0
25186 1.0
25206 1.0
25211 1.0
25231 1.0
25236 1.0
25332 1.0
25655 1.0
25680 1.0
25781 1.0
25806 1.0
25811 1.0
25831 1.0
25927 1.0
25932 1.0
25957 1.0
26280 1.0
26406 1.0
26431 1.0
26552 0.8571428571428571
26553 0.14285714285714285
26557 1.0
26582 1.0
26678 1.0
26683 1.0
27031 1.0
27057 1.0
27152 0.7
27153 0.3
27157 1.0
27177 0.9
27178 0.1
27182 0.8333333333333334
27183 0.16666666666666666
27278 1.0
27303 1.0
27626 1.0
27651 1.0
27656 1.0
27777 0.7142857142857143
27778 0.2857142857142857
27782 0.6666666666666666
27783 0.3333333333333333
27802 0.5
27803 0.5
27903 1.0
27928 1.0
27933 1.0
28029 1.0
28160 1.0
28286 1.0
28306 1.0
28311 1.0
28331 1.0
28336 1.0
28341 1.0
28361 1.0
28437 1.0
28457 1.0
28462 1.0
28780 1.0
28785 1.0
28805 1.0
28906 1.0
28911 1.0
28931 1.0
28936 1.0
28956 1.0
28961 1.0
29057 1.0
29062 1.0
29082 1.0
29087 1.0
29183 1.0
29531 1.0
29677 1.0
29682 1.0
29803 1.0
29808 1.0
30151 1.0
30277 0.6666666666666666
30278 0.3333333333333333
30282 0.8571428571428571
30283 0.14285714285714285
30302 0.5
30303 0.5
30307 1.0
30403 1.0
30408 1.0
30428 1.0
30433 1.0
30777 1.0
30781 1.0
30902 1.0
30907 0.5
30908 0.5
31028 0.9230769230769231
31029 0.07692307692307693
31033 1.0
31053 1.0
31058 1.0
31154 1.0
31280 1.0
31305 1.0
31310 1.0
31325 1.0
31330 1.0
31350 1.0
31355 1.0
31925 0.8571428571428571
31926 0.14285714285714285
31930 1.0
31950 1.0
31955 1.0
31975 0.8
31976 0.2
31980 1.0
32051 1.0
32076 0.95
32077 0.05
32101 1.0
32525 1.0
32550 1.0
32651 1.0
32676 1.0
32701 1.0
32802 0.9285714285714286
32803 0.07142857142857142
32827 1.0
32928 1.0
33276 1.0
33301 0.5
33302 0.5
33402 1.0
33427 0.782608695652174
33428 0.21739130434782608
33528 1.0
33553 1.0
33901 1.0
34002 1.0
34027 0.8571428571428571
34028 0.14285714285714285
34052 1.0
34153 0.9615384615384616
34154 0.038461538461538464
34178 1.0
34279 1.0
34430 1.0
34435 1.0
34455 1.0
34460 1.0
34475 1.0
34480 1.0
34485 1.0
34576 1.0
34581 1.0
34601 1.0
34606 1.0
35030 1.0
35050 1.0
35055 1.0
35105 1.0
35176 1.0
35201 0.9333333333333333
35202 0.06666666666666667
35206 1.0
35226 1.0
35231 1.0
35327 1.0
35650 1.0
35680 1.0
35776 1.0
35801 1.0
35826 0.7
35827 0.3
35927 1.0
35952 1.0
36053 1.0
36401 0.875
36402 0.125
36427 1.0
36527 0.5
36528 0.5
36552 0.88
36553 0.12
36653 1.0
36678 1.0
37026 0.8
37027 0.2
37152 1.0
37278 0.92
37279 0.08
37404 1.0
37535 1.0
37555 1.0
37560 1.0
37580 0.75
37581 0.25
37585 1.0
37605 1.0
37701 1.0
37706 1.0
37731 1.0
38155 1.0
38180 1.0
38206 1.0
38301 1.0
38306 1.0
38326 0.8571428571428571
38327 0.14285714285714285
38331 1.0
38356 1.0
38452 1.0
38780 1.0
38901 1.0
38926 0.5
38927 0.5
38951 0.5
38952 0.5
38956 1.0
39052 1.0
39077 1.0
39178 1.0
39526 1.0
39652 1.0
39677 0.92
39678 0.08
39778 1.0
39803 1.0
40151 1.0
40277 1.0
40302 1.0
40403 0.9642857142857143
40404 0.03571428571428571
40428 1.0
40529 1.0
40655 1.0
40660 1.0
40680 1.0
40685 1.0
40705 1.0
40710 1.0
40735 1.0
40806 1.0
40831 1.0
40836 1.0
40856 1.0
40861 1.0
41280 0.8
41281 0.2
41306 1.0
41426 1.0
41431 1.0
41451 0.3333333333333333
41452 0.6666666666666666
41456 1.0
41552 1.0
41577 1.0
41582 1.0
41905 1.0
42026 1.0
42031 1.0
42051 0.3333333333333333
42052 0.6666666666666666
42056 1.0
42076 0.3333333333333333
42077 0.6666666666666666
42177 0.92
42178 0.08
42182 1.0
42202 1.0
42303 1.0
42651 0.8
42652 0.2
42677 1.0
42777 0.7142857142857143
42778 0.2857142857142857
42802 0.8275862068965517
42803 0.1724137931034483
42903 1.0
42928 1.0
43251 1.0
43276 1.0
43281 1.0
43402 0.7058823529411765
43403 0.29411764705882354
43528 0.9428571428571428
43529 0.05714285714285714
43553 1.0
43654 1.0
43780 1.0
43805 1.0
43810 1.0
43835 1.0
43860 1.0
43956 1.0
43961 1.0
43981 1.0
43986 1.0
44410 1.0
44430 1.0
44531 1.0
44551 1.0
44556 1.0
44581 1.0
44682 1.0
44702 1.0
44707 1.0
45151 1.0
45156 1.0
45181 0.5
45182 0.5
45302 1.0
45307 1.0
45327 1.0
45428 1.0
45776 1.0
45781 1.0
45902 0.8
45903 0.2
45927 0.9230769230769231
45928 0.07692307692307693
45932 1.0
46028 1.0
46053 1.0
46376 1.0
46401 1.0
46527 0.8
46528 0.2
46653 0.95
46654 0.05
46678 1.0
46779 1.0
46930 1.0
46950 1.0
46955 1.0
46960 1.0
46975 0.9444444444444444
46976 0.05555555555555555
46980 1.0
46985 1.0
47101 1.0
47550 1.0
47555 1.0
47575 0.8
47576 0.2
47600 0.875
47601 0.125
47701 1.0
47726 1.0
47827 1.0
48150 1.0
48276 1.0
48301 0.42857142857142855
48302 0.5714285714285714
48326 0.7142857142857143
48327 0.2857142857142857
48427 0.8888888888888888
48428 0.1111111111111111
48452 1.0
48553 1.0
48901 1.0
49027 0.8333333333333334
49028 0.16666666666666666
49052 0.76
49053 0.24
49153 1.0
49178 1.0
49526 1.0
49627 0.5
49628 0.5
49652 0.7
49653 0.3
49778 0.8421052631578947
49779 0.15789473684210525
49803 1.0
49904 1.0
50055 1.0
50060 1.0
50080 1.0
50100 1.0
50105 1.0
50110 1.0
50201 1.0
50226 1.0
50675 1.0
50680 1.0
50705 1.0
50725 1.0
50801 1.0
50826 1.0
50851 1.0
50952 1.0
51280 1.0
51300 1.0
51401 1.0
51426 0.9
51427 0.1
51451 0.8571428571428571
51452 0.14285714285714285
51552 0.8333333333333334
51553 0.16666666666666666
51577 1.0
51678 1.0
51900 0.5
51901 0.5
52026 1.0
52052 1.0
52152 1.0
52177 0.8421052631578947
52178 0.15789473684210525
52278 1.0
52303 1.0
52525 1.0
52651 1.0
52777 0.7
52778 0.3
52803 1.0
52903 0.9722222222222222
52904 0.027777777777777776
53029 1.0
53175 1.0
53180 1.0
53205 1.0
53230 1.0
53235 1.0
53326 1.0
53331 1.0
53351 1.0
53356 1.0
53780 1.0
53800 1.0
53805 1.0
53830 0.6666666666666666
53831 0.3333333333333333
53926 1.0
53951 0.9166666666666666
53952 0.08333333333333333
53956 1.0
53976 1.0
53981 1.0
54077 1.0
54400 0.25
54401 0.75
54405 1.0
54426 1.0
54551 0.6666666666666666
54552 0.3333333333333333
54576 0.875
54577 0.125
54677 1.0
54702 1.0
54803 1.0
54828 1.0
55151 0.875
55152 0.125
55277 1.0
55302 0.7142857142857143
55303 0.2857142857142857
55403 0.8
55404 0.2
55428 1.0
55776 0.8
55777 0.2
55877 1.0
55902 0.75
55903 0.25
55927 1.0
56028 0.8181818181818182
56029 0.18181818181818182
56154 1.0
56305 1.0
56310 1.0
56330 0.9090909090909091
56331 0.09090909090909091
56335 1.0
56355 1.0
56360 1.0
56451 1.0
56456 1.0
56481 1.0
56905 1.0
56930 1.0
56935 1.0
56955 1.0
57051 1.0
57076 0.8571428571428571
57077 0.14285714285714285
57081 1.0
57106 1.0
57177 1.0
57202 1.0
57530 1.0
57555 1.0
57651 1.0
57676 0.6666666666666666
57677 0.3333333333333333
57701 0.8
57702 0.2
57802 1.0
57827 1.0
57928 1.0
58150 1.0
58276 0.8333333333333334
58277 0.16666666666666666
58302 1.0
58402 0.7777777777777778
58403 0.2222222222222222
58427 0.9375
58428 0.0625
58528 1.0
58553 1.0
58901 1.0
59027 0.375
59028 0.625
59153 0.9523809523809523
59154 0.047619047619047616
59279 1.0
59430 1.0
59435 1.0
59460 1.0
59581 1.0
59606 1.0
60030 1.0
60055 0.8
60056 0.2
60060 1.0
60176 1.0
60181 1.0
60201 0.8333333333333334
60202 0.16666666666666666
60206 1.0
60327 1.0
60332 1.0
60650 1.0
60655 1.0
60776 1.0
60801 0.6666666666666666
60802 0.3333333333333333
60806 1.0
60826 1.0
60831 1.0
60927 0.9655172413793104
60928 0.034482758620689655
60952 0.8571428571428571
60953 0.14285714285714285
61053 1.0
61401 0.6666666666666666
61402 0.3333333333333333
61427 1.0
61528 1.0
61552 0.9375
61553 0.0625
61653 1.0
61678 1.0
62026 1.0
62152 0.875
62153 0.125
62278 1.0
62303 0.6666666666666666
62304 0.3333333333333333
62404 1.0
62550 1.0
62555 1.0
62560 1.0
62580 1.0
62600 1.0
62605 1.0
63175 1.0
63180 1.0
63200 0.6666666666666666
63201 0.3333333333333333
63225 0.9333333333333333
63226 0.06666666666666667
63326 1.0
63351 1.0
63452 1.0
63775 1.0
63800 1.0
63901 1.0
63926 1.0
63951 0.7777777777777778
63952 0.2222222222222222
64052 0.8125
64053 0.1875
64077 1.0
64178 1.0
64526 0.7142857142857143
64527 0.2857142857142857
64551 0.5
64552 0.5
64652 1.0
64677 0.7142857142857143
64678 0.2857142857142857
64778 1.0
64803 0.9375
64804 0.0625
64904 1.0
65151 1.0
65252 1.0
65277 1.0
65403 0.9
65404 0.1
65529 1.0
65680 1.0
65685 1.0
65700 0.5
65701 0.5
65705 1.0
65725 1.0
65730 1.0
65735 1.0
66300 1.0
66305 1.0
66325 0.5
66326 0.5
66350 1.0
66355 1.0
66426 1.0
66451 1.0
66476 1.0
66577 1.0
66900 1.0
66905 1.0
66925 0.5
66926 0.5
67026 0.6666666666666666
67027 0.3333333333333333
67051 0.875
67052 0.125
67076 0.8
67077 0.2
67177 0.9047619047619048
67178 0.09523809523809523
67202 1.0
67303 1.0
67525 1.0
67651 1.0
67677 1.0
67777 0.6666666666666666
67778 0.3333333333333333
67802 0.9375
67803 0.0625
67903 1.0
67928 1.0
68029 1.0
68151 1.0
68276 1.0
68402 0.8571428571428571
68403 0.14285714285714285
68528 0.9411764705882353
68529 0.058823529411764705
68654 1.0
68805 1.0
68810 1.0
68830 1.0
68835 1.0
68850 1.0
68855 1.0
68860 1.0
68976 1.0
69425 1.0
69430 1.0
69450 1.0
69480 1.0
69551 1.0
69576 1.0
69601 1.0
69606 1.0
69702 1.0
70025 0.6666666666666666
70026 0.3333333333333333
70030 1.0
70151 1.0
70176 0.75
70177 0.25
70201 1.0
70302 0.9230769230769231
70303 0.07692307692307693
70327 1.0
70776 0.8
70777 0.2
70801 0.6666666666666666
70802 0.3333333333333333
70902 1.0
70927 0.875
70928 0.125
71028 1.0
71053 1.0
71275 1.0
71377 1.0
71401 1.0
71527 0.7142857142857143
71528 0.2857142857142857
71553 1.0
71653 0.8571428571428571
71654 0.14285714285714285
71779 1.0
71910 1.0
71930 1.0
71935 1.0
71955 1.0
71960 1.0
71980 1.0
71985 1.0
72076 1.0
72081 1.0
72101 1.0
72106 1.0
72555 1.0
72580 1.0
72676 1.0
72701 1.0
72706 1.0
72726 1.0
72827 1.0
73150 1.0
73175 1.0
73276 1.0
73301 0.9166666666666666
73302 0.08333333333333333
73326 0.7142857142857143
73327 0.2857142857142857
73427 1.0
73452 1.0
73553 1.0
73901 1.0
74027 0.8
74028 0.2
74052 0.8947368421052632
74053 0.10526315789473684
74153 0.8571428571428571
74154 0.14285714285714285
74178 1.0
74279 1.0
74526 1.0
74652 1.0
74778 0.9090909090909091
74779 0.09090909090909091
74803 1.0
74904 1.0
75035 1.0
75050 1.0
75055 1.0
75060 1.0
75080 1.0
75085 1.0
75105 1.0
75110 1.0
75206 1.0
75231 1.0
75655 1.0
75680 1.0
75801 1.0
75826 1.0
75831 1.0
75851 1.0
75856 1.0
75952 1.0
76275 1.0
76280 1.0
76301 1.0
76401 1.0
76426 0.6
76427 0.4
76451 0.75
76452 0.25
76552 0.9473684210526315
76553 0.05263157894736842
76577 1.0
76678 1.0
76900 1.0
77026 1.0
77152 1.0
77177 0.8823529411764706
77178 0.11764705882352941
77278 1.0
77303 1.0
77651 1.0
77777 0.875
77778 0.125
77903 0.9333333333333333
77904 0.06666666666666667
78029 1.0
