31 1.0
37 1.0
56 1.0
62 1.0
81 1.0
87 1.0
106 1.0
112 1.0
137 1.0
156 1.0
161 0.4
162 0.6
181 1.0
186 0.4
187 0.6
206 1.0
211 0.1
212 0.9
231 1.0
237 1.0
268 1.0
274 1.0
281 1.0
287 1.0
292 0.25
293 0.75
300 1.0
305 0.034482758620689655
306 0.9655172413793104
311 0.08333333333333333
312 0.9166666666666666
318 1.0
330 0.1
331 0.9
393 1.0
399 1.0
406 1.0
412 1.0
417 0.16666666666666666
418 0.8333333333333334
425 1.0
431 1.0
437 1.0
518 1.0
524 1.0
537 1.0
542 0.2
543 0.8
662 1.0
668 1.0
687 1.0
712 1.0
768 1.0
781 1.0
786 0.15384615384615385
787 0.8461538461538461
793 1.0
806 1.0
812 1.0
831 1.0
836 0.13333333333333333
837 0.8666666666666667
856 1.0
862 1.0
887 1.0
899 1.0
906 1.0
912 1.0
918 1.0
931 1.0
936 0.05
937 0.95
942 0.3333333333333333
943 0.6666666666666666
956 1.0
961 0.5
962 0.5
1012 1.0
1018 1.0
1024 1.0
1031 1.0
1037 1.0
1042 0.10526315789473684
1043 0.8947368421052632
1050 1.0
1056 1.0
1061 0.5
1062 0.5
1143 1.0
1149 1.0
1162 1.0
1168 1.0
1287 1.0
1387 1.0
1393 1.0
1399 1.0
1406 1.0
1412 1.0
1418 1.0
1424 1.0
1437 1.0
1462 1.0
1518 1.0
1523 0.3333333333333333
1524 0.6666666666666666
1531 1.0
1537 1.0
1543 1.0
1556 1.0
1562 1.0
1568 1.0
1581 1.0
1586 0.125
1587 0.875
1592 0.5
1593 0.5
1643 1.0
1649 1.0
1655 0.1
1656 0.9
1661 0.045454545454545456
1662 0.9545454545454546
1668 1.0
1674 1.0
1681 1.0
1686 0.14285714285714285
1687 0.8571428571428571
1693 1.0
1768 1.0
1774 1.0
1781 1.0
1793 1.0
1918 1.0
2012 1.0
2018 1.0
2031 1.0
2036 0.08333333333333333
2037 0.9166666666666666
2043 1.0
2062 1.0
2067 0.3333333333333333
2068 0.6666666666666666
2087 1.0
2137 1.0
2143 1.0
2149 1.0
2156 1.0
2162 1.0
2168 1.0
2181 1.0
2186 0.1
2187 0.9
2193 1.0
2212 1.0
2268 1.0
2273 0.3333333333333333
2274 0.6666666666666666
2281 1.0
2287 1.0
2292 0.17391304347826086
2293 0.8260869565217391
2299 1.0
2306 1.0
2312 1.0
2387 1.0
2393 1.0
2399 1.0
2418 1.0
2424 1.0
2637 1.0
2643 1.0
2649 1.0
2662 1.0
2668 1.0
2687 1.0
2693 1.0
2712 1.0
2762 1.0
2768 1.0
2773 0.25
2774 0.75
2781 1.0
2786 0.2
2787 0.8
2792 0.25
2793 0.75
2806 1.0
2811 0.034482758620689655
2812 0.9655172413793104
2818 1.0
2837 1.0
2843 1.0
2887 1.0
2893 1.0
2899 1.0
2906 1.0
2911 0.04
2912 0.96
2918 1.0
2931 1.0
2936 0.16666666666666666
2937 0.8333333333333334
2943 1.0
3018 1.0
3023 0.0625
3024 0.9375
3037 1.0
3043 1.0
3049 1.0
3155 0.2
3156 0.8
3175 1.0
3180 0.18181818181818182
3181 0.8181818181818182
3187 1.0
3200 1.0
3206 1.0
3212 1.0
3225 1.0
3231 1.0
3237 1.0
3275 1.0
3280 0.4
3281 0.6
3300 1.0
3305 0.46153846153846156
3306 0.5384615384615384
3325 1.0
3330 0.15555555555555556
3331 0.8444444444444444
3350 1.0
3356 1.0
3400 1.0
3425 1.0
3430 0.5
3431 0.5
3450 1.0
3455 1.0
3525 1.0
3550 1.0
3781 1.0
3786 0.25
3787 0.75
3806 1.0
3812 1.0
3831 1.0
3837 1.0
3856 1.0
3862 1.0
3900 1.0
3905 0.06666666666666667
3906 0.9333333333333333
3925 1.0
3931 1.0
3950 1.0
3955 0.03636363636363636
3956 0.9636363636363636
3962 1.0
3975 1.0
3980 0.1111111111111111
3981 0.8888888888888888
3987 1.0
4025 1.0
4050 1.0
4055 0.25
4056 0.75
4075 1.0
4081 1.0
4150 1.0
4175 1.0
4406 1.0
4412 1.0
4431 1.0
4437 1.0
4456 1.0
4462 1.0
4487 1.0
4525 1.0
4531 1.0
4556 1.0
4562 1.0
4581 1.0
4586 0.36363636363636365
4587 0.6363636363636364
4606 1.0
4612 1.0
4650 1.0
4656 1.0
4675 1.0
4680 0.11764705882352941
4681 0.8823529411764706
4700 1.0
4705 0.08333333333333333
4706 0.9166666666666666
4775 1.0
4800 1.0
4806 1.0
5031 1.0
5037 1.0
5042 0.5
5043 0.5
5056 1.0
5062 1.0
5150 1.0
5156 1.0
5162 1.0
5181 1.0
5186 0.2222222222222222
5187 0.7777777777777778
5206 1.0
5212 1.0
5231 1.0
5237 1.0
5275 1.0
5280 0.6
5281 0.4
5300 1.0
5305 0.1320754716981132
5306 0.8679245283018868
5312 1.0
5331 1.0
5337 1.0
5400 1.0
5406 1.0
5425 1.0
5431 1.0
5656 1.0
5662 1.0
5687 1.0
5775 1.0
5781 1.0
5787 1.0
5806 1.0
5811 0.06666666666666667
5812 0.9333333333333333
5831 1.0
5836 0.0625
5837 0.9375
5843 1.0
5862 1.0
5900 1.0
5906 1.0
5925 1.0
5930 0.056338028169014086
5931 0.9436619718309859
5937 1.0
5956 1.0
5961 0.125
5962 0.875
6025 1.0
6030 0.3333333333333333
6031 0.6666666666666666
6050 1.0
6055 0.15384615384615385
6056 0.8461538461538461
6275 1.0
6281 1.0
6300 1.0
6305 0.16666666666666666
6306 0.8333333333333334
6312 1.0
6325 1.0
6330 0.16666666666666666
6331 0.8333333333333334
6350 1.0
6355 0.02564102564102564
6356 0.9743589743589743
6400 1.0
6425 1.0
6450 1.0
6456 1.0
6475 1.0
6525 1.0
6550 1.0
6575 1.0
6650 1.0
6675 1.0
6900 1.0
6905 0.2
6906 0.8
6925 1.0
6931 1.0
6937 1.0
6956 1.0
6962 1.0
6975 1.0
6980 0.041666666666666664
6981 0.9583333333333334
6987 1.0
7025 1.0
7030 1.0
7050 1.0
7075 1.0
7080 0.16666666666666666
7081 0.8333333333333334
7100 1.0
7106 1.0
7150 1.0
7175 1.0
7200 1.0
7275 1.0
7300 1.0
7531 1.0
7537 1.0
7556 1.0
7562 1.0
7581 1.0
7587 1.0
7606 1.0
7612 1.0
7650 1.0
7655 0.5
7656 0.5
7675 1.0
7680 0.5
7681 0.5
7700 1.0
7705 0.07894736842105263
7706 0.9210526315789473
7731 1.0
7775 1.0
7800 1.0
7805 1.0
7825 1.0
7925 1.0
8155 0.125
8156 0.875
8162 1.0
8181 1.0
8186 0.25
8187 0.75
8206 1.0
8212 1.0
8231 1.0
8237 1.0
8275 1.0
8280 0.16666666666666666
8281 0.8333333333333334
8300 1.0
8305 0.2631578947368421
8306 0.7368421052631579
8325 1.0
8331 1.0
8337 1.0
8356 1.0
8362 1.0
8400 1.0
8425 1.0
8430 0.25
8431 0.75
8450 1.0
8456 1.0
8525 1.0
8550 1.0
8787 1.0
8806 1.0
8812 1.0
8837 1.0
8862 1.0
8900 1.0
8906 1.0
8925 1.0
8930 0.1875
8931 0.8125
8937 1.0
8956 1.0
8961 0.16666666666666666
8962 0.8333333333333334
8981 1.0
8987 1.0
9025 1.0
9050 1.0
9055 0.4117647058823529
9056 0.5882352941176471
9075 1.0
9080 0.11764705882352941
9081 0.8823529411764706
9150 1.0
9175 1.0
9400 1.0
9406 1.0
9425 1.0
9430 0.25
9431 0.75
9437 1.0
9450 1.0
9456 1.0
9462 1.0
9475 1.0
9480 0.029411764705882353
9481 0.9705882352941176
9487 1.0
9525 1.0
9550 1.0
9575 1.0
9600 1.0
9650 1.0
9675 1.0
9700 1.0
9775 1.0
9800 1.0
10025 1.0
10031 1.0
10050 1.0
10055 0.18181818181818182
10056 0.8181818181818182
10062 1.0
10075 1.0
10081 1.0
10100 1.0
10105 0.10526315789473684
10106 0.8947368421052632
10112 1.0
10150 1.0
10175 1.0
10200 1.0
10225 1.0
10230 1.0
10300 1.0
10325 1.0
10400 1.0
10425 1.0
10650 1.0
10655 0.5
10656 0.5
10680 0.13333333333333333
10681 0.8666666666666667
10687 1.0
10706 1.0
10731 1.0
10737 1.0
10775 1.0
10800 1.0
10805 1.0
10825 1.0
10830 0.36363636363636365
10831 0.6363636363636364
10850 1.0
10855 0.2
10856 0.8
10900 1.0
10925 1.0
10950 1.0
11025 1.0
11050 1.0
11275 1.0
11280 0.14285714285714285
11281 0.8571428571428571
11306 1.0
11312 1.0
11331 1.0
11336 0.5
11337 0.5
11356 1.0
11362 1.0
11400 1.0
11425 1.0
11431 1.0
11450 1.0
11455 0.075
11456 0.925
11481 1.0
11525 1.0
11550 1.0
11575 1.0
11650 1.0
11675 1.0
11906 1.0
11931 1.0
11937 1.0
11956 1.0
11962 1.0
12025 1.0
12030 1.0
12050 1.0
12056 1.0
12075 1.0
12080 0.07692307692307693
12081 0.9230769230769231
12106 1.0
12112 1.0
12150 1.0
12175 1.0
12200 1.0
12275 1.0
12300 1.0
12525 1.0
12550 1.0
12555 0.3333333333333333
12556 0.6666666666666666
12562 1.0
12575 1.0
12581 1.0
12600 1.0
12605 0.10714285714285714
12606 0.8928571428571429
12650 1.0
12675 1.0
12700 1.0
12725 1.0
12775 1.0
12800 1.0
12825 1.0
12900 1.0
12925 1.0
13150 1.0
13156 1.0
13175 1.0
13181 1.0
13187 1.0
13200 1.0
13205 0.3333333333333333
13206 0.6666666666666666
13225 1.0
13230 0.07317073170731707
13231 0.926829268292683
13237 1.0
13275 1.0
13300 1.0
13325 1.0
13350 1.0
13400 1.0
13425 1.0
13450 1.0
13525 1.0
13550 1.0
13775 1.0
13781 1.0
13800 1.0
13805 0.09090909090909091
13806 0.9090909090909091
13812 1.0
13825 1.0
13831 1.0
13837 1.0
13850 1.0
13855 0.05405405405405406
13856 0.9459459459459459
13862 1.0
13900 1.0
13925 1.0
13950 1.0
13955 0.6666666666666666
13956 0.3333333333333333
13975 1.0
13980 0.3333333333333333
13981 0.6666666666666666
14025 1.0
14050 1.0
14075 1.0
14150 1.0
14175 1.0
14400 1.0
14412 1.0
14425 1.0
14431 1.0
14437 1.0
14456 1.0
14462 1.0
14481 1.0
14487 1.0
14525 1.0
14550 1.0
14575 1.0
14580 0.25
14581 0.75
14600 1.0
14605 0.2222222222222222
14606 0.7777777777777778
14650 1.0
14675 1.0
14700 1.0
14775 1.0
14800 1.0
15031 1.0
15037 1.0
15056 1.0
15061 0.5
15062 0.5
15081 1.0
15086 0.3333333333333333
15087 0.6666666666666666
15106 1.0
15112 1.0
15150 1.0
15175 1.0
15180 1.0
15200 1.0
15205 0.14285714285714285
15206 0.8571428571428571
15225 1.0
15230 0.04
15231 0.96
15275 1.0
15300 1.0
15325 1.0
15400 1.0
15425 1.0
