52 1.0
57 1.0
62 1.0
83 1.0
88 1.0
104 1.0
109 1.0
156 1.0
177 1.0
182 1.0
187 1.0
203 1.0
208 1.0
213 1.0
229 1.0
234 1.0
239 1.0
265 1.0
307 1.0
312 1.0
328 1.0
391 1.0
411 1.0
416 1.0
437 1.0
656 1.0
776 1.0
802 1.0
807 1.0
827 1.0
885 1.0
901 1.0
906 1.0
927 1.0
932 1.0
1031 1.0
1036 1.0
1041 1.0
1052 1.0
1057 1.0
1140 1.0
1145 1.0
1161 1.0
1400 0.2
1401 0.8
1500 1.0
1525 0.5
1526 0.5
1531 1.0
1651 1.0
1656 1.0
1765 1.0
1775 0.4
1776 0.6
2000 1.0
2005 1.0
2125 1.0
2250 1.0
2255 1.0
2260 1.0
2265 1.0
2275 0.5
2276 0.5
2280 0.3333333333333333
2281 0.6666666666666666
2375 1.0
2380 1.0
2385 1.0
2390 1.0
2395 1.0
2406 1.0
2750 1.0
2760 1.0
2765 1.0
2875 1.0
2880 1.0
2885 1.0
3000 1.0
3005 1.0
3010 1.0
3015 1.0
3020 1.0
3161 1.0
3187 1.0
3213 1.0
3281 1.0
3286 1.0
3291 1.0
3307 1.0
3312 1.0
3332 0.125
3333 0.875
3338 1.0
3359 1.0
3364 1.0
3411 1.0
3416 1.0
3427 1.0
3432 1.0
3437 1.0
3453 1.0
3458 1.0
3520 1.0
3541 1.0
3781 1.0
3880 1.0
3901 1.0
3906 1.0
3932 1.0
3958 1.0
4015 1.0
4020 1.0
4026 1.0
4031 1.0
4052 1.0
4057 1.0
4140 1.0
4151 1.0
4156 1.0
4161 1.0
4166 1.0
4176 0.16666666666666666
4177 0.8333333333333334
4182 1.0
4265 1.0
4270 1.0
4286 1.0
4526 1.0
4625 1.0
4635 1.0
4651 1.0
4776 1.0
4781 1.0
4786 1.0
4885 1.0
4895 1.0
4900 0.6
4901 0.4
4906 1.0
5130 1.0
5250 1.0
5255 1.0
5375 1.0
5380 1.0
5385 1.0
5400 0.75
5401 0.25
5406 1.0
5500 1.0
5505 1.0
5510 1.0
5520 1.0
5525 1.0
5531 1.0
5875 1.0
5880 1.0
5890 1.0
6000 1.0
6005 1.0
6010 1.0
6125 1.0
6130 1.0
6135 1.0
6140 1.0
6145 1.0
6286 1.0
6390 1.0
6406 1.0
6411 1.0
6416 1.0
6437 1.0
6458 1.0
6463 1.0
6515 1.0
6536 1.0
6557 1.0
6562 1.0
6567 1.0
6583 1.0
6588 1.0
6645 1.0
6661 1.0
6666 1.0
6687 1.0
6692 1.0
6770 1.0
7010 1.0
7026 1.0
7031 1.0
7135 1.0
7182 1.0
7260 1.0
7265 1.0
7270 1.0
7276 1.0
7281 1.0
7286 1.0
7291 1.0
7302 1.0
7307 1.0
7390 1.0
7395 1.0
7625 1.0
7630 1.0
7750 1.0
7755 1.0
7760 1.0
7765 1.0
7776 1.0
7781 1.0
7880 1.0
7885 1.0
7890 1.0
7895 1.0
7901 1.0
7906 1.0
7911 1.0
8000 1.0
8010 1.0
8015 1.0
8026 1.0
8250 1.0
8375 1.0
8380 1.0
8385 1.0
8390 1.0
8500 1.0
8505 1.0
8510 1.0
8525 0.25
8526 0.75
8531 1.0
8625 1.0
8630 1.0
8635 1.0
8640 1.0
8645 1.0
8650 0.3333333333333333
8651 0.6666666666666666
8880 1.0
9000 1.0
9005 1.0
9010 1.0
9125 1.0
9135 1.0
9250 1.0
9255 1.0
9260 1.0
9265 1.0
9270 1.0
9411 1.0
9510 1.0
9536 1.0
9541 1.0
9562 1.0
9588 1.0
9661 1.0
9682 1.0
9687 1.0
9713 1.0
9770 1.0
9786 1.0
9791 1.0
9796 1.0
9812 1.0
9895 1.0
9916 1.0
10130 1.0
10161 1.0
10260 1.0
10265 1.0
10270 1.0
10281 1.0
10306 0.16666666666666666
10307 0.8333333333333334
10312 1.0
10390 1.0
10406 1.0
10411 1.0
10432 1.0
10510 1.0
10515 1.0
10520 1.0
10531 1.0
10536 1.0
10541 1.0
10755 1.0
10760 1.0
10880 1.0
10885 1.0
10890 1.0
11026 1.0
11031 1.0
11036 1.0
11130 1.0
11135 1.0
11140 1.0
11145 1.0
11151 1.0
11156 1.0
11505 1.0
11515 1.0
11625 1.0
11630 1.0
11635 1.0
11750 1.0
11755 1.0
11760 1.0
11770 1.0
12005 1.0
12125 1.0
12130 1.0
12250 1.0
12255 1.0
12260 1.0
12375 1.0
12380 1.0
12385 1.0
12390 1.0
12395 1.0
12640 1.0
12645 1.0
12656 1.0
12661 1.0
12666 1.0
12687 1.0
12692 1.0
12713 1.0
12765 1.0
12770 1.0
12781 1.0
12791 1.0
12807 1.0
12812 1.0
12817 1.0
12838 1.0
12890 1.0
12906 1.0
12911 1.0
12916 1.0
12937 1.0
13020 1.0
13260 1.0
13265 1.0
13385 1.0
13390 1.0
13406 1.0
13411 1.0
13431 1.0
13515 1.0
13520 1.0
13526 1.0
13531 1.0
13536 1.0
13541 1.0
13557 1.0
13640 1.0
13645 1.0
13661 1.0
13666 1.0
13880 1.0
13890 1.0
14000 1.0
14005 1.0
14015 1.0
14031 1.0
14125 1.0
14135 1.0
14140 1.0
14151 1.0
14155 0.14285714285714285
14156 0.8571428571428571
14161 1.0
14255 1.0
14260 1.0
14265 1.0
14270 1.0
14276 1.0
14281 1.0
14286 1.0
14505 1.0
14625 1.0
14630 1.0
14640 1.0
14656 1.0
14750 1.0
14755 1.0
14760 1.0
14765 1.0
14781 1.0
14875 1.0
14880 1.0
14885 1.0
14890 1.0
14895 1.0
14900 1.0
14905 0.5
14906 0.5
15250 1.0
15255 1.0
15375 1.0
15380 1.0
15385 1.0
15500 1.0
15505 1.0
15510 1.0
15515 1.0
15656 1.0
15677 1.0
15682 1.0
15687 1.0
15703 1.0
15708 1.0
15729 1.0
15734 1.0
15739 1.0
15828 1.0
15854 1.0
15953 1.0
16276 1.0
16302 1.0
16401 1.0
16427 1.0
16453 1.0
16526 1.0
16551 0.1
16552 0.9
16578 1.0
16651 1.0
16676 0.14285714285714285
16677 0.8571428571428571
16776 1.0
17000 1.0
17125 1.0
17151 1.0
17250 1.0
17275 0.047619047619047616
17276 0.9523809523809523
17375 1.0
17401 1.0
17750 1.0
17875 1.0
18000 1.0
18375 1.0
18500 1.0
18625 1.0
18776 1.0
18781 1.0
18786 1.0
18807 1.0
18812 1.0
18833 1.0
18859 1.0
18901 1.0
18932 1.0
18952 0.16666666666666666
18953 0.8333333333333334
18958 1.0
18979 1.0
18984 1.0
19078 1.0
19083 1.0
19406 1.0
19526 1.0
19552 1.0
19578 1.0
19651 1.0
19677 1.0
19702 0.5
19703 0.5
19776 1.0
19801 0.25
19802 0.75
20125 1.0
20151 1.0
20250 1.0
20276 1.0
20400 0.08
20401 0.92
20500 1.0
20525 0.42857142857142855
20526 0.5714285714285714
20750 1.0
20875 1.0
21000 1.0
21125 1.0
21375 1.0
21500 1.0
21625 1.0
21750 1.0
21911 1.0
21932 1.0
21937 1.0
21963 1.0
22031 1.0
22052 1.0
22057 1.0
22078 1.0
22083 1.0
22109 1.0
22114 1.0
22177 1.0
22182 1.0
22208 1.0
22651 1.0
22656 1.0
22776 1.0
22802 1.0
22807 1.0
22901 1.0
22926 0.25
22927 0.75
23250 1.0
23275 1.0
23375 1.0
23401 1.0
23500 1.0
23525 0.08695652173913043
23526 0.9130434782608695
23625 1.0
23650 0.25
23651 0.75
24000 1.0
24125 1.0
24151 1.0
24250 1.0
24275 1.0
24500 1.0
24625 1.0
24750 1.0
24875 1.0
25031 1.0
25036 1.0
25062 1.0
25161 1.0
25182 1.0
25187 1.0
25208 1.0
25213 1.0
25302 1.0
25307 1.0
25333 1.0
25776 1.0
25781 1.0
25901 1.0
25927 1.0
25932 1.0
26026 1.0
26051 0.25
26052 0.75
26057 1.0
26151 1.0
26375 1.0
26401 1.0
26500 1.0
26526 1.0
26625 1.0
26650 0.10526315789473684
26651 0.8947368421052632
26750 1.0
26776 1.0
27000 1.0
27125 1.0
27250 1.0
27375 1.0
27750 1.0
27875 1.0
28000 1.0
28156 1.0
28161 1.0
28281 1.0
28286 1.0
28307 1.0
28312 1.0
28333 1.0
28338 1.0
28432 1.0
28458 1.0
28463 1.0
28901 1.0
28906 1.0
28932 1.0
29026 1.0
29031 1.0
29052 1.0
29056 0.06666666666666667
29057 0.9333333333333333
29077 1.0
29151 1.0
29156 1.0
29176 0.14285714285714285
29177 0.8571428571428571
29276 1.0
29500 1.0
29526 1.0
29625 1.0
29750 1.0
29776 1.0
29875 1.0
29901 1.0
30250 1.0
30375 1.0
30500 1.0
30526 1.0
30875 1.0
31000 1.0
31125 1.0
31276 1.0
31302 1.0
31307 1.0
31312 1.0
31328 1.0
31333 1.0
31354 1.0
31359 1.0
31427 1.0
31453 1.0
31479 1.0
31578 1.0
31901 1.0
32026 1.0
32052 1.0
32078 1.0
32151 1.0
32176 0.05555555555555555
32177 0.9444444444444444
32276 1.0
32301 0.25
32302 0.75
32401 1.0
32625 1.0
32651 1.0
32750 1.0
32776 1.0
32875 1.0
32900 0.1111111111111111
32901 0.8888888888888888
33000 1.0
33025 0.4
33026 0.6
33375 1.0
33500 1.0
33625 1.0
34000 1.0
34125 1.0
34250 1.0
34401 1.0
34406 1.0
34427 1.0
34432 1.0
34458 1.0
34484 1.0
34489 1.0
34577 0.1
34578 0.9
34583 1.0
34604 1.0
34703 1.0
35026 1.0
35151 1.0
35177 1.0
35203 1.0
35276 1.0
35302 1.0
35328 1.0
35401 1.0
35426 0.6
35427 0.4
35526 1.0
35750 1.0
35775 1.0
35875 1.0
36000 1.0
36026 1.0
36125 1.0
36150 0.1
36151 0.9
36500 1.0
36625 1.0
36750 1.0
37125 1.0
37250 1.0
37375 1.0
37531 1.0
37557 1.0
37562 1.0
37583 1.0
37609 1.0
37651 1.0
37677 1.0
37703 1.0
37708 1.0
37734 1.0
37802 1.0
37828 1.0
38151 1.0
38276 1.0
38302 1.0
38328 1.0
38401 1.0
38426 0.08333333333333333
38427 0.9166666666666666
38453 1.0
38526 1.0
38552 1.0
38875 1.0
39000 1.0
39026 1.0
39125 1.0
39151 1.0
39250 1.0
39276 1.0
39500 1.0
39625 1.0
39750 1.0
39875 1.0
40250 1.0
40375 1.0
40500 1.0
40656 1.0
40661 1.0
40682 1.0
40687 1.0
40708 1.0
40713 1.0
40739 1.0
40802 1.0
40807 1.0
40828 1.0
40832 0.05263157894736842
40833 0.9473684210526315
40859 1.0
40864 1.0
40952 0.5
40953 0.5
41401 1.0
41526 1.0
41551 0.045454545454545456
41552 0.9545454545454546
41651 1.0
41676 0.14285714285714285
41677 0.8571428571428571
42000 1.0
42026 1.0
42125 1.0
42150 0.5
42151 0.5
42250 1.0
42276 1.0
42375 1.0
42400 0.1
42401 0.9
42625 1.0
42750 1.0
42875 1.0
43000 1.0
43375 1.0
43500 1.0
43625 1.0
43807 1.0
43812 1.0
43863 1.0
43906 1.0
43927 1.0
43932 1.0
43958 1.0
43963 1.0
43984 1.0
43989 1.0
44052 1.0
44057 1.0
44083 1.0
44406 1.0
44526 1.0
44552 1.0
44557 1.0
44651 1.0
44676 0.08333333333333333
44677 0.9166666666666666
44682 1.0
44703 1.0
44776 1.0
44802 1.0
44901 1.0
45151 1.0
45250 1.0
45276 1.0
45375 1.0
45401 1.0
45500 1.0
45526 1.0
45875 1.0
46000 1.0
46125 1.0
46500 1.0
46625 1.0
46750 1.0
46927 1.0
46932 1.0
46953 1.0
46963 1.0
46979 1.0
46984 1.0
46989 1.0
47078 1.0
47103 0.6
47104 0.4
47177 1.0
47202 0.5
47203 0.5
47651 1.0
47703 1.0
47776 1.0
47802 1.0
47828 1.0
47901 1.0
47926 0.16666666666666666
47927 0.8333333333333334
48026 1.0
48250 1.0
48375 1.0
48500 1.0
48525 0.14285714285714285
48526 0.8571428571428571
48625 1.0
48651 1.0
49000 1.0
49125 1.0
49250 1.0
49625 1.0
49750 1.0
49875 1.0
50052 1.0
50057 1.0
50062 1.0
50078 1.0
50083 1.0
50104 1.0
50109 1.0
50114 1.0
50203 1.0
50228 0.3333333333333333
50229 0.6666666666666666
50302 1.0
50328 1.0
50651 1.0
50776 1.0
50802 1.0
50875 1.0
50901 1.0
50927 1.0
50953 1.0
51026 1.0
51052 1.0
51151 1.0
51375 1.0
51500 1.0
51526 1.0
51625 1.0
51650 0.125
51651 0.875
51750 1.0
51775 0.36363636363636365
51776 0.6363636363636364
52125 1.0
52250 1.0
52375 1.0
52625 1.0
52750 1.0
52875 1.0
53000 1.0
53181 0.2
53182 0.8
53208 1.0
53234 1.0
53239 1.0
53276 1.0
53302 1.0
53328 1.0
53354 1.0
53359 1.0
53427 1.0
53453 1.0
53802 1.0
53901 1.0
53927 1.0
53952 1.0
54026 1.0
54052 1.0
54078 1.0
54151 1.0
54176 0.09090909090909091
54177 0.9090909090909091
54500 1.0
54526 1.0
54625 1.0
54651 1.0
54750 1.0
54775 0.08333333333333333
54776 0.9166666666666666
54875 1.0
54901 1.0
55250 1.0
55375 1.0
55500 1.0
55875 1.0
56000 1.0
56125 1.0
56307 1.0
56333 1.0
56338 1.0
56359 1.0
56364 1.0
56427 1.0
56432 1.0
56453 1.0
56458 1.0
56479 1.0
56484 1.0
56552 1.0
56577 0.2
56578 0.8
56901 1.0
57026 1.0
57052 1.0
57077 0.5
57078 0.5
57151 1.0
57176 0.041666666666666664
57177 0.9583333333333334
57203 1.0
57276 1.0
57301 0.3333333333333333
57302 0.6666666666666666
57401 1.0
57625 1.0
57651 1.0
57750 1.0
57776 1.0
57875 1.0
57901 1.0
58000 1.0
58026 1.0
58250 1.0
58375 1.0
58500 1.0
58625 1.0
59000 1.0
59125 1.0
59250 1.0
59432 1.0
59463 1.0
59552 1.0
59578 1.0
59583 1.0
59609 1.0
59677 1.0
59703 1.0
60026 1.0
60031 1.0
60151 1.0
60177 1.0
60276 1.0
60302 1.0
60401 1.0
60426 0.6666666666666666
60427 0.3333333333333333
60526 1.0
60750 1.0
60875 1.0
60901 1.0
61000 1.0
61026 1.0
61125 1.0
61151 1.0
61500 1.0
61625 1.0
61750 1.0
62125 1.0
62250 1.0
62375 1.0
62552 1.0
62557 1.0
62578 1.0
62604 1.0
62609 1.0
62703 1.0
62729 1.0
62802 1.0
62828 1.0
63151 1.0
63276 1.0
63302 1.0
63328 1.0
63401 1.0
63427 1.0
63453 1.0
63526 1.0
63551 0.38461538461538464
63552 0.6153846153846154
63651 1.0
63875 1.0
63900 1.0
64000 1.0
64125 1.0
64151 1.0
64250 1.0
64275 0.5
64276 0.5
64625 1.0
64750 1.0
64875 1.0
65250 1.0
65375 1.0
65500 1.0
65677 1.0
65682 1.0
65703 1.0
65729 1.0
65734 1.0
65802 1.0
65828 1.0
65854 1.0
65927 1.0
65953 1.0
66276 1.0
66401 1.0
66427 1.0
66453 1.0
66526 1.0
66552 1.0
66577 1.0
66651 1.0
66676 0.3
66677 0.7
66776 1.0
67000 1.0
67026 1.0
67125 1.0
67250 1.0
67275 0.25
67276 0.75
67375 1.0
67400 0.5
67401 0.5
67750 1.0
67875 1.0
68000 1.0
68375 1.0
68500 1.0
68625 1.0
68781 1.0
68802 1.0
68807 1.0
68812 1.0
68828 1.0
68833 1.0
68838 1.0
68854 1.0
68859 1.0
68953 1.0
68979 1.0
68984 1.0
69052 1.0
69077 0.2857142857142857
69078 0.7142857142857143
69427 1.0
69526 1.0
69552 1.0
69578 1.0
69625 1.0
69651 1.0
69677 1.0
69702 0.6666666666666666
69703 0.3333333333333333
69776 1.0
69802 1.0
69901 1.0
70125 1.0
70150 1.0
70250 1.0
70375 1.0
70401 1.0
70500 1.0
70526 1.0
70875 1.0
71000 1.0
71125 1.0
71375 1.0
71500 1.0
71625 1.0
71750 1.0
71906 1.0
71911 1.0
71926 0.5
71927 0.5
71932 1.0
71937 1.0
71958 1.0
71963 1.0
71984 1.0
71989 1.0
72052 1.0
72077 0.125
72078 0.875
72104 1.0
72109 1.0
72177 1.0
72203 1.0
72526 1.0
72651 1.0
72677 1.0
72776 1.0
72802 1.0
72901 1.0
72927 1.0
73026 1.0
73250 1.0
73375 1.0
73500 1.0
73525 0.13333333333333333
73526 0.8666666666666667
73625 1.0
73651 1.0
74000 1.0
74125 1.0
74250 1.0
74625 1.0
74750 1.0
74875 1.0
75031 1.0
75036 1.0
75052 1.0
75057 1.0
75083 1.0
75088 1.0
75109 1.0
75177 1.0
75203 1.0
75208 1.0
75229 1.0
75234 1.0
75302 1.0
75328 1.0
75776 1.0
75802 1.0
75901 1.0
75926 0.0625
75927 0.9375
75952 1.0
76026 1.0
76051 0.14285714285714285
76052 0.8571428571428571
76151 1.0
76375 1.0
76500 1.0
76625 1.0
76651 1.0
76750 1.0
76775 0.375
76776 0.625
77000 1.0
77125 1.0
77250 1.0
77375 1.0
77750 1.0
77875 1.0
78000 1.0
