31 1.0
56 1.0
62 1.0
81 1.0
87 1.0
106 1.0
111 0.5
112 0.5
137 1.0
150 1.0
156 1.0
161 0.3333333333333333
162 0.6666666666666666
181 1.0
187 1.0
200 1.0
206 1.0
212 1.0
231 1.0
237 1.0
268 1.0
274 1.0
275 1.0
280 0.16666666666666666
281 0.8333333333333334
287 1.0
293 1.0
300 1.0
305 0.15384615384615385
306 0.8461538461538461
311 0.2222222222222222
312 0.7777777777777778
318 1.0
325 1.0
330 0.2
331 0.8
387 1.0
393 1.0
399 1.0
400 1.0
405 0.375
406 0.625
411 0.06666666666666667
412 0.9333333333333333
417 0.2
418 0.8
425 1.0
431 1.0
437 1.0
518 1.0
524 1.0
537 1.0
543 1.0
662 1.0
668 1.0
687 1.0
712 1.0
756 1.0
762 1.0
781 1.0
786 0.25
787 0.75
793 1.0
806 1.0
812 1.0
831 1.0
836 0.09090909090909091
837 0.9090909090909091
856 1.0
862 1.0
887 1.0
899 1.0
900 1.0
905 0.09090909090909091
906 0.9090909090909091
911 0.5
912 0.5
918 1.0
925 1.0
931 1.0
936 0.16666666666666666
937 0.8333333333333334
943 1.0
956 1.0
1012 1.0
1018 1.0
1024 1.0
1025 1.0
1031 1.0
1036 0.1875
1037 0.8125
1043 1.0
1050 1.0
1055 0.5
1056 0.5
1143 1.0
1149 1.0
1162 1.0
1168 1.0
1287 1.0
1387 1.0
1392 0.3333333333333333
1393 0.6666666666666666
1399 1.0
1406 1.0
1411 0.07142857142857142
1412 0.9285714285714286
1418 1.0
1431 1.0
1437 1.0
1462 1.0
1506 1.0
1512 1.0
1518 1.0
1523 0.5
1524 0.5
1530 0.1
1531 0.9
1537 1.0
1543 1.0
1556 1.0
1562 1.0
1567 0.3333333333333333
1568 0.6666666666666666
1581 1.0
1587 1.0
1593 1.0
1643 1.0
1649 1.0
1650 1.0
1655 0.03571428571428571
1656 0.9642857142857143
1661 0.1111111111111111
1662 0.8888888888888888
1667 0.07692307692307693
1668 0.9230769230769231
1674 1.0
1681 1.0
1687 1.0
1693 1.0
1762 1.0
1768 1.0
1774 1.0
1781 1.0
1787 1.0
1793 1.0
1918 1.0
2006 1.0
2011 0.3333333333333333
2012 0.6666666666666666
2018 1.0
2031 1.0
2037 1.0
2043 1.0
2062 1.0
2068 1.0
2087 1.0
2137 1.0
2143 1.0
2148 0.25
2149 0.75
2155 0.125
2156 0.875
2162 1.0
2181 1.0
2187 1.0
2193 1.0
2206 1.0
2211 0.25
2212 0.75
2262 1.0
2268 1.0
2274 1.0
2281 1.0
2287 1.0
2293 1.0
2299 1.0
2306 1.0
2312 1.0
2387 1.0
2393 1.0
2399 1.0
2406 1.0
2412 1.0
2418 1.0
2424 1.0
2637 1.0
2643 1.0
2649 1.0
2656 1.0
2662 1.0
2668 1.0
2687 1.0
2693 1.0
2712 1.0
2762 1.0
2768 1.0
2773 0.3333333333333333
2774 0.6666666666666666
2781 1.0
2786 0.08333333333333333
2787 0.9166666666666666
2793 1.0
2806 1.0
2811 0.045454545454545456
2812 0.9545454545454546
2818 1.0
2837 1.0
2843 1.0
2887 1.0
2893 1.0
2899 1.0
2906 1.0
2911 0.045454545454545456
2912 0.9545454545454546
2917 0.14285714285714285
2918 0.8571428571428571
2931 1.0
2936 0.14285714285714285
2937 0.8571428571428571
2943 1.0
3018 1.0
3023 0.06666666666666667
3024 0.9333333333333333
3031 1.0
3036 0.125
3037 0.875
3043 1.0
3156 1.0
3175 1.0
3180 0.125
3181 0.875
3187 1.0
3200 1.0
3206 1.0
3212 1.0
3225 1.0
3230 0.03333333333333333
3231 0.9666666666666667
3237 1.0
3275 1.0
3300 1.0
3305 0.6666666666666666
3306 0.3333333333333333
3325 1.0
3330 0.1
3331 0.9
3350 1.0
3356 1.0
3400 1.0
3425 1.0
3431 1.0
3450 1.0
3525 1.0
3550 1.0
3650 1.0
3781 1.0
3786 0.3333333333333333
3787 0.6666666666666666
3806 1.0
3812 1.0
3831 1.0
3837 1.0
3856 1.0
3900 1.0
3905 0.3333333333333333
3906 0.6666666666666666
3925 1.0
3930 0.2727272727272727
3931 0.7272727272727273
3950 1.0
3955 0.08333333333333333
3956 0.9166666666666666
3962 1.0
3975 1.0
3981 1.0
3987 1.0
4025 1.0
4050 1.0
4055 0.42857142857142855
4056 0.5714285714285714
4075 1.0
4080 0.3333333333333333
4081 0.6666666666666666
4150 1.0
4175 1.0
4275 1.0
4406 1.0
4411 0.3333333333333333
4412 0.6666666666666666
4431 1.0
4436 0.07142857142857142
4437 0.9285714285714286
4456 1.0
4462 1.0
4487 1.0
4506 1.0
4525 1.0
4530 0.07692307692307693
4531 0.9230769230769231
4550 1.0
4555 0.09090909090909091
4556 0.9090909090909091
4562 1.0
4580 0.05
4581 0.95
4587 1.0
4606 1.0
4612 1.0
4650 1.0
4655 0.3333333333333333
4656 0.6666666666666666
4675 1.0
4680 0.15151515151515152
4681 0.8484848484848485
4700 1.0
4705 0.1
4706 0.9
4775 1.0
4780 1.0
4800 1.0
4805 0.5
4806 0.5
4900 1.0
5031 1.0
5037 1.0
5043 1.0
5056 1.0
5061 0.3333333333333333
5062 0.6666666666666666
5150 1.0
5155 0.06666666666666667
5156 0.9333333333333333
5181 1.0
5187 1.0
5206 1.0
5211 0.13636363636363635
5212 0.8636363636363636
5231 1.0
5237 1.0
5275 1.0
5280 0.42857142857142855
5281 0.5714285714285714
5300 1.0
5305 0.19047619047619047
5306 0.8095238095238095
5331 1.0
5400 1.0
5405 1.0
5425 1.0
5430 0.3333333333333333
5431 0.6666666666666666
5525 1.0
5656 1.0
5662 1.0
5686 1.0
5775 1.0
5780 0.1
5781 0.9
5787 1.0
5806 1.0
5812 1.0
5831 1.0
5836 0.1
5837 0.9
5843 1.0
5862 1.0
5900 1.0
5905 0.18181818181818182
5906 0.8181818181818182
5925 1.0
5930 0.022222222222222223
5931 0.9777777777777777
5936 0.16666666666666666
5937 0.8333333333333334
5956 1.0
5962 1.0
6025 1.0
6031 1.0
6050 1.0
6055 0.1111111111111111
6056 0.8888888888888888
6150 1.0
6275 1.0
6280 0.5
6281 0.5
6300 1.0
6306 1.0
6312 1.0
6325 1.0
6330 0.14285714285714285
6331 0.8571428571428571
6350 1.0
6355 0.08
6356 0.92
6400 1.0
6425 1.0
6450 1.0
6475 1.0
6525 1.0
6550 1.0
6575 1.0
6650 1.0
6675 1.0
6775 1.0
6900 1.0
6906 1.0
6925 1.0
6930 0.08333333333333333
6931 0.9166666666666666
6937 1.0
6956 1.0
6962 1.0
6975 1.0
6981 1.0
6987 1.0
7025 1.0
7030 1.0
7050 1.0
7055 1.0
7075 1.0
7080 0.26666666666666666
7081 0.7333333333333333
7100 1.0
7105 0.09090909090909091
7106 0.9090909090909091
7150 1.0
7175 1.0
7200 1.0
7275 1.0
7300 1.0
7400 1.0
7531 1.0
7537 1.0
7556 1.0
7562 1.0
7581 1.0
7587 1.0
7606 1.0
7650 1.0
7675 1.0
7681 1.0
7700 1.0
7705 0.038461538461538464
7706 0.9615384615384616
7731 1.0
7775 1.0
7800 1.0
7825 1.0
7900 1.0
7925 1.0
8025 1.0
8156 1.0
8162 1.0
8181 1.0
8187 1.0
8206 1.0
8212 1.0
8237 1.0
8275 1.0
8280 0.2
8281 0.8
8300 1.0
8306 1.0
8325 1.0
8330 0.07692307692307693
8331 0.9230769230769231
8337 1.0
8356 1.0
8362 1.0
8400 1.0
8425 1.0
8431 1.0
8450 1.0
8455 0.25
8456 0.75
8525 1.0
8550 1.0
8650 1.0
8786 0.5
8787 0.5
8806 1.0
8812 1.0
8837 1.0
8862 1.0
8875 1.0
8900 1.0
8905 0.42857142857142855
8906 0.5714285714285714
8930 0.07692307692307693
8931 0.9230769230769231
8950 1.0
8956 1.0
8961 0.1111111111111111
8962 0.8888888888888888
8981 1.0
8987 1.0
9025 1.0
9050 1.0
9055 0.3333333333333333
9056 0.6666666666666666
9075 1.0
9080 0.16666666666666666
9081 0.8333333333333334
9150 1.0
9175 1.0
9275 1.0
9400 1.0
9425 1.0
9431 1.0
9450 1.0
9456 1.0
9462 1.0
9475 1.0
9480 0.08695652173913043
9481 0.9130434782608695
9487 1.0
9525 1.0
9550 1.0
9575 1.0
9600 1.0
9625 1.0
9650 1.0
9675 1.0
9700 1.0
9775 1.0
9800 1.0
9900 1.0
10025 1.0
10031 1.0
10050 1.0
10055 0.125
10056 0.875
10062 1.0
10075 1.0
10081 1.0
10100 1.0
10105 0.03225806451612903
10106 0.967741935483871
10112 1.0
10150 1.0
10175 1.0
10200 1.0
10225 1.0
10275 1.0
10300 1.0
10325 1.0
10400 1.0
10425 1.0
10525 1.0
10650 1.0
10656 1.0
10675 1.0
10680 0.2222222222222222
10681 0.7777777777777778
10686 1.0
10706 1.0
10731 1.0
10737 1.0
10775 1.0
10800 1.0
10825 1.0
10830 0.14285714285714285
10831 0.8571428571428571
10850 1.0
10855 0.14285714285714285
10856 0.8571428571428571
10900 1.0
10925 1.0
10950 1.0
11025 1.0
11050 1.0
11150 1.0
11275 1.0
11280 0.16666666666666666
11281 0.8333333333333334
11306 1.0
11312 1.0
11331 1.0
11337 1.0
11356 1.0
11362 1.0
11400 1.0
11425 1.0
11430 1.0
11450 1.0
11455 0.0625
11456 0.9375
11481 1.0
11525 1.0
11550 1.0
11575 1.0
11650 1.0
11675 1.0
11775 1.0
11900 1.0
11906 1.0
11931 1.0
11936 0.3333333333333333
11937 0.6666666666666666
11956 1.0
11962 1.0
12025 1.0
12050 1.0
12056 1.0
12075 1.0
12080 0.14705882352941177
12081 0.8529411764705882
12106 1.0
12150 1.0
12175 1.0
12200 1.0
12275 1.0
12300 1.0
12400 1.0
12525 1.0
12550 1.0
12555 0.2
12556 0.8
12562 1.0
12575 1.0
12580 0.3333333333333333
12581 0.6666666666666666
12600 1.0
12605 0.2
12606 0.8
12650 1.0
12675 1.0
12700 1.0
12725 1.0
12750 1.0
12775 1.0
12800 1.0
12825 1.0
12900 1.0
12925 1.0
13025 1.0
13150 1.0
13156 1.0
13175 1.0
13181 1.0
13187 1.0
13200 1.0
13206 1.0
13225 1.0
13230 0.03125
13231 0.96875
13237 1.0
13275 1.0
13300 1.0
13325 1.0
13350 1.0
13400 1.0
13425 1.0
13450 1.0
13525 1.0
13550 1.0
13650 1.0
13775 1.0
13781 1.0
13800 1.0
13806 1.0
13812 1.0
13825 1.0
13830 0.16666666666666666
13831 0.8333333333333334
13837 1.0
13850 1.0
13855 0.03571428571428571
13856 0.9642857142857143
13862 1.0
13900 1.0
13925 1.0
13950 1.0
13975 1.0
13980 0.5
13981 0.5
14025 1.0
14050 1.0
14075 1.0
14150 1.0
14175 1.0
14275 1.0
14400 1.0
14412 1.0
14425 1.0
14430 0.14285714285714285
14431 0.8571428571428571
14437 1.0
14456 1.0
14462 1.0
14481 1.0
14487 1.0
14525 1.0
14550 1.0
14575 1.0
14580 0.125
14581 0.875
14600 1.0
14605 0.4
14606 0.6
14650 1.0
14675 1.0
14700 1.0
14775 1.0
14800 1.0
14900 1.0
15025 1.0
15031 1.0
15037 1.0
15050 1.0
15055 0.125
15056 0.875
15062 1.0
15081 1.0
15087 1.0
15106 1.0
15112 1.0
15150 1.0
15175 1.0
15180 1.0
15200 1.0
15205 0.09523809523809523
15206 0.9047619047619048
15225 1.0
15231 1.0
15275 1.0
15300 1.0
15325 1.0
15400 1.0
15425 1.0
15525 1.0
