0 1.0
6 1.0
25 1.0
31 0.9811320754716981
32 0.018867924528301886
37 0.9736842105263158
38 0.02631578947368421
43 1.0
50 1.0
56 0.9724770642201835
57 0.027522935779816515
62 0.9397590361445783
63 0.060240963855421686
68 1.0
74 1.0
75 1.0
81 0.9735099337748344
82 0.026490066225165563
87 0.9936305732484076
88 0.006369426751592357
93 1.0
99 1.0
100 0.9534883720930233
101 0.046511627906976744
106 0.9923664122137404
107 0.007633587786259542
112 1.0
118 1.0
125 1.0
131 0.9629629629629629
132 0.037037037037037035
137 1.0
143 1.0
149 1.0
150 1.0
156 0.9285714285714286
157 0.07142857142857142
162 0.9468085106382979
163 0.05319148936170213
168 0.9642857142857143
169 0.03571428571428571
174 1.0
187 0.9107142857142857
188 0.08928571428571429
193 0.9724770642201835
194 0.027522935779816515
199 1.0
218 1.0
250 1.0
256 1.0
262 1.0
268 0.9242424242424242
269 0.07575757575757576
274 1.0
287 0.9090909090909091
288 0.09090909090909091
293 0.8490566037735849
294 0.1509433962264151
299 1.0
375 0.6666666666666666
376 0.3333333333333333
381 1.0
387 0.9166666666666666
388 0.08333333333333333
393 0.8679245283018868
394 0.1320754716981132
399 1.0
424 1.0
500 1.0
506 1.0
512 1.0
518 0.9767441860465116
519 0.023255813953488372
524 1.0
