0 1.0
6 1.0
25 1.0
31 1.0
37 1.0
50 0.9875
51 0.0125
56 0.9927007299270073
57 0.0072992700729927005
62 1.0
75 0.972972972972973
76 0.02702702702702703
81 0.9482071713147411
82 0.05179282868525897
87 1.0
100 0.9607843137254902
101 0.0392156862745098
106 0.9896907216494846
107 0.010309278350515464
112 0.9811320754716981
113 0.018867924528301886
118 1.0
125 1.0
131 1.0
150 1.0
156 0.9166666666666666
157 0.08333333333333333
162 0.935064935064935
163 0.06493506493506493
168 0.95
169 0.05
181 0.8888888888888888
182 0.1111111111111111
187 0.898360655737705
188 0.10163934426229508
193 0.987603305785124
194 0.012396694214876033
199 1.0
206 0.9166666666666666
207 0.08333333333333333
212 0.95
213 0.05
218 0.9764705882352941
219 0.023529411764705882
224 1.0
237 1.0
243 1.0
250 1.0
256 1.0
262 1.0
268 1.0
274 1.0
281 0.9615384615384616
282 0.038461538461538464
287 0.8938053097345132
288 0.10619469026548672
293 0.925414364640884
294 0.07458563535911603
299 1.0
312 0.8181818181818182
313 0.18181818181818182
318 0.9380952380952381
319 0.06190476190476191
324 1.0
375 1.0
381 1.0
387 0.9
388 0.1
393 0.9743589743589743
394 0.02564102564102564
399 1.0
406 0.6
407 0.4
412 0.9318181818181818
413 0.06818181818181818
418 0.8925619834710744
419 0.10743801652892562
424 1.0
500 0.75
501 0.25
506 0.8709677419354839
507 0.12903225806451613
512 0.9523809523809523
513 0.047619047619047616
518 0.8382352941176471
519 0.16176470588235295
524 1.0
537 0.9166666666666666
538 0.08333333333333333
543 0.9180327868852459
544 0.08196721311475409
549 1.0
