142 0.5
143 0.5
162 1.0
167 0.35294117647058826
168 0.6470588235294118
187 1.0
192 0.75
193 0.25
218 1.0
268 1.0
274 1.0
287 1.0
292 0.2222222222222222
293 0.7777777777777778
298 0.5
299 0.5
312 1.0
317 0.36666666666666664
318 0.6333333333333333
337 1.0
342 0.6
343 0.4
393 1.0
398 0.2222222222222222
399 0.7777777777777778
412 1.0
417 0.08333333333333333
418 0.9166666666666666
423 0.5714285714285714
424 0.42857142857142855
437 1.0
442 0.25
443 0.75
518 1.0
523 0.09523809523809523
524 0.9047619047619048
543 1.0
548 0.4
549 0.6
768 1.0
773 0.5
774 0.5
787 1.0
792 0.08333333333333333
793 0.9166666666666666
798 1.0
818 1.0
843 1.0
893 1.0
899 1.0
912 1.0
917 0.21052631578947367
918 0.7894736842105263
923 1.0
937 1.0
942 0.46938775510204084
943 0.5306122448979592
962 1.0
967 0.6666666666666666
968 0.3333333333333333
1018 1.0
1023 0.5
1024 0.5
1037 1.0
1042 0.046511627906976744
1043 0.9534883720930233
1048 0.6666666666666666
1049 0.3333333333333333
1062 1.0
1068 1.0
1143 1.0
1148 0.10526315789473684
1149 0.8947368421052632
1168 1.0
1173 0.09090909090909091
1174 0.9090909090909091
1393 1.0
1399 1.0
1412 1.0
1417 0.13636363636363635
1418 0.8636363636363636
1424 1.0
1518 1.0
1524 1.0
1537 1.0
1542 0.1111111111111111
1543 0.8888888888888888
1549 1.0
1562 1.0
1567 0.23076923076923078
1568 0.7692307692307693
1592 1.0
1643 1.0
1649 1.0
1662 1.0
1667 0.047619047619047616
1668 0.9523809523809523
1673 0.5454545454545454
1674 0.45454545454545453
1687 1.0
1693 1.0
1768 1.0
1773 0.08333333333333333
1774 0.9166666666666666
1793 1.0
1799 1.0
2018 1.0
2024 1.0
2037 1.0
2043 1.0
2049 1.0
2068 1.0
2143 1.0
2148 0.125
2149 0.875
2162 1.0
2167 0.14285714285714285
2168 0.8571428571428571
2187 1.0
2192 0.25925925925925924
2193 0.7407407407407407
2218 1.0
2268 1.0
2274 1.0
2287 1.0
2292 0.023255813953488372
2293 0.9767441860465116
2298 0.5
2299 0.5
2312 1.0
2317 0.3
2318 0.7
2393 1.0
2398 0.0967741935483871
2399 0.9032258064516129
2418 1.0
2424 1.0
2643 1.0
2648 0.3333333333333333
2649 0.6666666666666666
2668 1.0
2768 1.0
2773 0.08333333333333333
2774 0.9166666666666666
2787 1.0
2792 0.047619047619047616
2793 0.9523809523809523
2798 1.0
2812 1.0
2817 0.22580645161290322
2818 0.7741935483870968
2893 1.0
2898 0.2
2899 0.8
2917 0.0625
2918 0.9375
2923 0.36363636363636365
2924 0.6363636363636364
2937 1.0
2942 0.25
2943 0.75
3018 1.0
3023 0.03333333333333333
3024 0.9666666666666667
3043 1.0
3048 0.25
3049 0.75
3162 1.0
3167 1.0
3187 1.0
3192 0.75
3193 0.25
3212 1.0
3237 1.0
3286 0.1
3287 0.9
3292 1.0
3306 1.0
3311 0.14814814814814814
3312 0.8518518518518519
3317 1.0
3331 1.0
3336 0.19607843137254902
3337 0.803921568627451
3342 1.0
3356 1.0
3361 0.14285714285714285
3362 0.8571428571428571
3431 1.0
3436 0.10909090909090909
3437 0.8909090909090909
3442 1.0
3456 1.0
3461 0.43333333333333335
3462 0.5666666666666667
3787 1.0
3792 0.4
3793 0.6
3812 1.0
3818 1.0
3912 1.0
3917 1.0
3931 1.0
3937 1.0
3942 0.8571428571428571
3943 0.14285714285714285
3956 1.0
3961 0.14285714285714285
3962 0.8571428571428571
3967 1.0
3986 1.0
4056 1.0
4061 0.07317073170731707
4062 0.926829268292683
4067 0.8
4068 0.2
4081 1.0
4086 0.2
4087 0.8
4412 1.0
4417 0.25
4418 0.75
4437 1.0
4442 0.5
4443 0.5
4537 1.0
4542 0.4
4543 0.6
4556 1.0
4561 0.02127659574468085
4562 0.9787234042553191
4567 0.8333333333333334
4568 0.16666666666666666
4581 1.0
4586 0.047619047619047616
4587 0.9523809523809523
4592 1.0
4686 0.08928571428571429
4687 0.9107142857142857
4692 0.8181818181818182
4693 0.18181818181818182
4706 1.0
4711 0.1724137931034483
4712 0.8275862068965517
4717 0.3333333333333333
4718 0.6666666666666666
5037 1.0
5042 0.2
5043 0.8
5062 1.0
5068 1.0
5162 1.0
5167 0.7142857142857143
5168 0.2857142857142857
5187 1.0
5192 0.6363636363636364
5193 0.36363636363636365
5212 1.0
5218 1.0
5287 1.0
5311 0.0945945945945946
5312 0.9054054054054054
5317 0.4
5318 0.6
5331 1.0
5336 0.034482758620689655
5337 0.9655172413793104
5342 0.6666666666666666
5343 0.3333333333333333
5662 1.0
5667 0.3333333333333333
5668 0.6666666666666666
5692 0.5
5693 0.5
5787 1.0
5792 0.3
5793 0.7
5812 1.0
5817 0.3333333333333333
5818 0.6666666666666666
5837 1.0
5842 0.25
5843 0.75
5912 1.0
5931 1.0
5937 1.0
5942 0.4444444444444444
5943 0.5555555555555556
5962 1.0
5967 0.8333333333333334
5968 0.16666666666666666
6062 1.0
6281 1.0
6286 0.14285714285714285
6287 0.8571428571428571
6306 1.0
6311 0.20833333333333334
6312 0.7916666666666666
6331 1.0
6336 0.36
6337 0.64
6356 1.0
6361 0.2857142857142857
6362 0.7142857142857143
6431 1.0
6436 0.8
6437 0.2
6456 1.0
6461 0.66
6462 0.34
6481 1.0
6486 0.9166666666666666
6487 0.08333333333333333
6581 1.0
6912 1.0
6931 1.0
6936 0.12903225806451613
6937 0.8709677419354839
6962 1.0
6986 0.25
6987 0.75
7056 1.0
7061 0.8333333333333334
7062 0.16666666666666666
7081 1.0
7086 0.4358974358974359
7087 0.5641025641025641
7106 1.0
7111 0.4117647058823529
7112 0.5882352941176471
7206 1.0
7537 1.0
7543 1.0
7556 1.0
7561 0.3125
7562 0.6875
7567 0.5
7568 0.5
7587 1.0
7612 1.0
7681 1.0
7686 0.375
7687 0.625
7706 1.0
7711 0.43956043956043955
7712 0.5604395604395604
7731 1.0
7736 0.25
7737 0.75
7831 1.0
7836 1.0
8161 0.06666666666666667
8162 0.9333333333333333
8168 1.0
8187 1.0
8193 1.0
8212 1.0
8287 1.0
8306 1.0
8311 0.39285714285714285
8312 0.6071428571428571
8331 1.0
8336 0.20689655172413793
8337 0.7931034482758621
8356 1.0
8361 0.21428571428571427
8362 0.7857142857142857
8431 1.0
8456 1.0
8461 1.0
8787 1.0
8792 1.0
8812 1.0
8817 0.5
8818 0.5
8837 1.0
8911 0.25
8912 0.75
8931 1.0
8936 0.2222222222222222
8937 0.7777777777777778
8956 1.0
8961 0.16071428571428573
8962 0.8392857142857143
8986 0.1111111111111111
8987 0.8888888888888888
9061 1.0
9081 1.0
9086 0.5
9087 0.5
9431 1.0
9436 0.4444444444444444
9437 0.5555555555555556
9456 1.0
9461 0.42857142857142855
9462 0.5714285714285714
9481 1.0
9486 0.6666666666666666
9487 0.3333333333333333
9556 1.0
9580 0.03225806451612903
9581 0.967741935483871
9586 1.0
9605 0.06060606060606061
9606 0.9393939393939394
9611 1.0
10036 0.25
10037 0.75
10056 1.0
10061 0.22727272727272727
10062 0.7727272727272727
10081 1.0
10086 0.4666666666666667
10087 0.5333333333333333
10106 1.0
10111 0.25
10112 0.75
10206 1.0
10211 1.0
10231 1.0
10236 1.0
10661 1.0
10681 1.0
10686 0.25
10687 0.75
10706 1.0
10711 0.21428571428571427
10712 0.7857142857142857
10731 1.0
10736 0.42105263157894735
10737 0.5789473684210527
10831 1.0
10836 0.7142857142857143
10837 0.2857142857142857
10856 1.0
10861 0.75
10862 0.25
11286 0.3333333333333333
11287 0.6666666666666666
11306 1.0
11311 0.24
11312 0.76
11331 1.0
11336 0.047619047619047616
11337 0.9523809523809523
11356 1.0
11361 0.08333333333333333
11362 0.9166666666666666
11431 1.0
11456 1.0
11461 0.6060606060606061
11462 0.3939393939393939
11481 1.0
11486 0.35714285714285715
11487 0.6428571428571429
11581 1.0
11906 1.0
11912 1.0
11931 1.0
11936 0.15789473684210525
11937 0.8421052631578947
11961 0.2857142857142857
11962 0.7142857142857143
11987 1.0
12056 1.0
12061 0.6666666666666666
12062 0.3333333333333333
12081 1.0
12086 0.4
12087 0.6
12106 1.0
12111 0.23529411764705882
12112 0.7647058823529411
12206 1.0
12536 1.0
12555 0.11764705882352941
12556 0.8823529411764706
12561 0.1875
12562 0.8125
12580 0.045454545454545456
12581 0.9545454545454546
12586 0.75
12587 0.25
12606 1.0
12611 0.7
12612 0.3
12700 1.0
12705 0.2857142857142857
12706 0.7142857142857143
12725 1.0
12730 0.3953488372093023
12731 0.6046511627906976
13162 1.0
13181 1.0
13186 0.2777777777777778
13187 0.7222222222222222
13206 1.0
13211 1.0
13231 1.0
13236 0.7619047619047619
13237 0.23809523809523808
13330 0.03333333333333333
13331 0.9666666666666667
13355 0.15217391304347827
13356 0.8478260869565217
13787 1.0
13806 1.0
13811 0.17391304347826086
13812 0.8260869565217391
13831 1.0
13836 0.5
13837 0.5
13856 1.0
13861 0.21052631578947367
13862 0.7894736842105263
13955 0.05263157894736842
13956 0.9473684210526315
13961 1.0
13981 1.0
14411 0.6666666666666666
14412 0.3333333333333333
14431 1.0
14436 0.2916666666666667
14437 0.7083333333333334
14456 1.0
14461 0.2857142857142857
14462 0.7142857142857143
14481 1.0
14486 0.47058823529411764
14487 0.5294117647058824
14581 1.0
14586 1.0
14606 1.0
14611 1.0
15036 0.16666666666666666
15037 0.8333333333333334
15056 1.0
15061 0.15789473684210525
15062 0.8421052631578947
15081 1.0
15086 0.29411764705882354
15087 0.7058823529411765
15106 1.0
15111 0.09090909090909091
15112 0.9090909090909091
15181 1.0
15206 1.0
15211 1.0
15231 1.0
15236 0.4666666666666667
15237 0.5333333333333333
