57 1.0
62 1.0
83 1.0
88 1.0
109 1.0
114 1.0
182 1.0
187 1.0
208 1.0
213 1.0
234 1.0
239 1.0
265 1.0
307 1.0
312 1.0
317 1.0
395 1.0
411 1.0
416 1.0
656 1.0
776 1.0
781 1.0
807 1.0
828 1.0
832 0.3333333333333333
833 0.6666666666666666
911 1.0
916 1.0
927 1.0
932 1.0
937 1.0
953 1.0
958 1.0
1036 1.0
1057 1.0
1140 1.0
1145 1.0
1166 1.0
1401 1.0
1406 1.0
1526 1.0
1531 1.0
1536 1.0
1551 0.08333333333333333
1552 0.9166666666666666
1557 1.0
1651 1.0
1656 1.0
1661 1.0
1676 0.3333333333333333
1677 0.6666666666666666
1682 1.0
1765 1.0
2000 1.0
2010 1.0
2026 1.0
2130 1.0
2151 1.0
2156 1.0
2176 1.0
2265 1.0
2276 1.0
2281 1.0
2286 1.0
2301 1.0
2390 1.0
2395 1.0
2406 1.0
2411 1.0
2625 1.0
2750 1.0
2765 1.0
2770 1.0
2885 1.0
2901 1.0
2906 1.0
3010 1.0
3015 1.0
3020 1.0
3026 1.0
3030 0.5
3031 0.5
3036 1.0
3161 1.0
3187 1.0
3213 1.0
3281 1.0
3286 1.0
3291 1.0
3307 1.0
3312 1.0
3333 1.0
3338 1.0
3359 1.0
3364 1.0
3411 1.0
3416 1.0
3437 1.0
3458 1.0
3520 1.0
3541 1.0
3786 1.0
3812 1.0
3906 1.0
3911 1.0
3932 1.0
3937 1.0
3958 1.0
4015 1.0
4020 1.0
4052 1.0
4057 1.0
4062 1.0
4083 1.0
4140 1.0
4161 1.0
4166 1.0
4182 1.0
4187 1.0
4270 1.0
4531 1.0
4651 1.0
4656 1.0
4666 1.0
4677 1.0
4681 0.16666666666666666
4682 0.8333333333333334
4776 1.0
4781 1.0
4786 1.0
4802 1.0
4807 1.0
4890 1.0
4895 1.0
4911 1.0
4916 1.0
5135 1.0
5150 1.0
5155 0.5
5156 0.5
5255 1.0
5276 1.0
5281 1.0
5385 1.0
5401 1.0
5406 1.0
5411 1.0
5510 1.0
5520 1.0
5526 1.0
5536 1.0
5755 1.0
5760 1.0
5875 1.0
5880 1.0
5885 1.0
5895 1.0
5900 1.0
5905 0.5
5906 0.5
6005 1.0
6010 1.0
6015 1.0
6025 0.07142857142857142
6026 0.9285714285714286
6031 1.0
6125 1.0
6135 1.0
6140 1.0
6145 1.0
6151 1.0
6156 1.0
6161 1.0
6286 1.0
6390 1.0
6411 1.0
6416 1.0
6432 1.0
6437 1.0
6463 1.0
6515 1.0
6536 1.0
6557 1.0
6562 1.0
6567 1.0
6583 1.0
6587 0.25
6588 0.75
6645 1.0
6661 1.0
6666 1.0
6692 1.0
6770 1.0
7015 1.0
7031 1.0
7036 1.0
7140 1.0
7166 1.0
7182 1.0
7187 1.0
7208 1.0
7265 1.0
7270 1.0
7281 1.0
7286 1.0
7291 1.0
7307 1.0
7312 1.0
7390 1.0
7395 1.0
7655 0.16666666666666666
7656 0.8333333333333334
7765 1.0
7770 1.0
7781 1.0
7786 1.0
7790 1.0
7885 1.0
7890 1.0
7895 1.0
7901 1.0
7906 1.0
7911 1.0
7931 0.3333333333333333
7932 0.6666666666666666
8015 1.0
8041 1.0
8250 1.0
8255 1.0
8380 1.0
8385 1.0
8390 1.0
8406 1.0
8510 1.0
8515 1.0
8526 1.0
8531 1.0
8536 1.0
8640 1.0
8645 1.0
8651 1.0
8656 1.0
8661 1.0
8666 1.0
8875 1.0
8885 1.0
9000 1.0
9005 1.0
9010 1.0
9015 1.0
9031 1.0
9130 1.0
9135 1.0
9140 1.0
9151 1.0
9156 1.0
9260 1.0
9265 1.0
9270 1.0
9275 0.16666666666666666
9276 0.8333333333333334
9281 1.0
9286 1.0
9416 1.0
9515 1.0
9536 1.0
9541 1.0
9562 1.0
9588 1.0
9666 1.0
9682 1.0
9687 1.0
9692 1.0
9713 1.0
9770 1.0
9786 1.0
9791 1.0
9796 1.0
9895 1.0
9916 1.0
10156 1.0
10161 1.0
10265 1.0
10270 1.0
10281 1.0
10286 1.0
10307 1.0
10312 1.0
10333 1.0
10390 1.0
10411 1.0
10416 1.0
10432 1.0
10436 0.3333333333333333
10437 0.6666666666666666
10515 1.0
10520 1.0
10541 1.0
10760 1.0
10781 1.0
10786 1.0
10890 1.0
10906 1.0
10932 1.0
11031 1.0
11036 1.0
11041 1.0
11057 1.0
11140 1.0
11145 1.0
11406 1.0
11505 1.0
11515 1.0
11530 1.0
11536 1.0
11635 1.0
11640 1.0
11651 1.0
11656 1.0
11661 1.0
11760 1.0
11770 1.0
11776 1.0
11781 1.0
12005 1.0
12125 1.0
12130 1.0
12135 1.0
12156 1.0
12250 1.0
12255 1.0
12265 1.0
12276 1.0
12281 1.0
12286 1.0
12375 1.0
12380 1.0
12390 1.0
12395 1.0
12401 1.0
12406 1.0
12411 1.0
12640 1.0
12645 1.0
12661 1.0
12666 1.0
12687 1.0
12692 1.0
12713 1.0
12765 1.0
12770 1.0
12791 1.0
12807 1.0
12812 1.0
12817 1.0
12838 1.0
12890 1.0
12916 1.0
12937 1.0
13020 1.0
13265 1.0
13286 1.0
13390 1.0
13406 1.0
13411 1.0
13431 0.2
13432 0.8
13437 1.0
13515 1.0
13520 1.0
13531 1.0
13536 1.0
13541 1.0
13557 1.0
13640 1.0
13645 1.0
13666 1.0
13885 1.0
13890 1.0
14015 1.0
14031 1.0
14036 1.0
14140 1.0
14156 1.0
14161 1.0
14166 1.0
14181 1.0
14186 0.5
14187 0.5
14265 1.0
14270 1.0
14281 1.0
14286 1.0
14291 1.0
14510 1.0
14630 1.0
14635 1.0
14640 1.0
14656 1.0
14660 1.0
14760 1.0
14765 1.0
14781 1.0
14786 1.0
14885 1.0
14890 1.0
14895 1.0
14906 1.0
14911 1.0
15130 1.0
15255 1.0
15260 1.0
15385 1.0
15401 1.0
15405 0.1
15406 0.9
15505 1.0
15510 1.0
15515 1.0
15520 1.0
15526 1.0
15531 1.0
15536 1.0
15682 1.0
15687 1.0
15703 1.0
15708 1.0
15713 1.0
15729 1.0
15734 1.0
15739 1.0
15828 1.0
15833 1.0
15853 0.16666666666666666
15854 0.8333333333333334
16276 1.0
16281 1.0
16302 1.0
16307 1.0
16333 1.0
16354 1.0
16427 1.0
16452 0.047619047619047616
16453 0.9523809523809523
16458 1.0
16479 1.0
16552 1.0
16577 0.3333333333333333
16578 0.6666666666666666
16677 1.0
16901 1.0
17026 1.0
17052 1.0
17151 1.0
17176 0.06666666666666667
17177 0.9333333333333333
17203 1.0
17276 1.0
17301 0.5
17302 0.5
17650 0.4
17651 0.6
17750 1.0
17776 1.0
17901 1.0
18000 1.0
18025 0.2
18026 0.8
18375 1.0
18500 1.0
18525 0.25
18526 0.75
18625 1.0
18650 0.5384615384615384
18651 0.46153846153846156
18781 1.0
18786 1.0
18807 1.0
18812 1.0
18833 1.0
18859 1.0
18953 1.0
18958 1.0
18963 1.0
18984 1.0
18989 1.0
19406 1.0
19432 1.0
19526 1.0
19552 1.0
19557 1.0
19577 0.125
19578 0.875
19583 1.0
19677 1.0
19682 1.0
19702 0.15384615384615385
19703 0.8461538461538461
20151 1.0
20156 1.0
20177 1.0
20276 1.0
20301 0.045454545454545456
20302 0.9545454545454546
20401 1.0
20427 1.0
20651 1.0
20750 1.0
20775 0.25
20776 0.75
20781 1.0
20875 1.0
20901 1.0
21026 1.0
21151 1.0
21375 1.0
21500 1.0
21526 1.0
21625 1.0
21650 0.3
21651 0.7
21750 1.0
21775 0.16666666666666666
21776 0.8333333333333334
21906 1.0
21911 1.0
21932 1.0
21937 1.0
21958 1.0
21963 1.0
22057 1.0
22083 1.0
22088 1.0
22109 1.0
22114 1.0
22182 1.0
22536 1.0
22556 0.5
22557 0.5
22656 1.0
22677 1.0
22682 1.0
22703 1.0
22708 1.0
22802 1.0
22807 1.0
22827 0.16666666666666666
22828 0.8333333333333334
22833 1.0
23276 1.0
23281 1.0
23401 1.0
23426 0.05555555555555555
23427 0.9444444444444444
23432 1.0
23526 1.0
23552 1.0
23901 1.0
24000 1.0
24026 1.0
24056 1.0
24151 1.0
24276 1.0
24500 1.0
24625 1.0
24750 1.0
24775 0.2
24776 0.8
24875 1.0
24900 0.4444444444444444
24901 0.5555555555555556
25031 1.0
25036 1.0
25062 1.0
25161 1.0
25182 1.0
25187 1.0
25208 1.0
25213 1.0
25234 1.0
25307 1.0
25333 1.0
25338 1.0
25656 1.0
25682 1.0
25781 1.0
25807 1.0
25833 1.0
25927 1.0
25932 1.0
25957 0.6666666666666666
25958 0.3333333333333333
26052 1.0
26057 1.0
26281 1.0
26406 1.0
26526 1.0
26531 1.0
26551 0.1111111111111111
26552 0.8888888888888888
26557 1.0
26651 1.0
26677 1.0
27026 1.0
27150 0.14285714285714285
27151 0.8571428571428571
27156 1.0
27276 1.0
27401 1.0
27625 1.0
27750 1.0
27776 1.0
27875 1.0
27900 0.2631578947368421
27901 0.7368421052631579
28000 1.0
28025 0.4166666666666667
28026 0.5833333333333334
28156 1.0
28161 1.0
28286 1.0
28307 1.0
28312 1.0
28333 1.0
28338 1.0
28343 1.0
28432 1.0
28437 1.0
28458 1.0
28463 1.0
28781 1.0
28906 1.0
28911 1.0
28932 1.0
28957 0.25
28958 0.75
29052 1.0
29056 0.043478260869565216
29057 0.9565217391304348
29062 1.0
29082 0.3333333333333333
29083 0.6666666666666666
29177 1.0
29182 1.0
29526 1.0
29531 1.0
29651 1.0
29656 1.0
29676 0.14285714285714285
29677 0.8571428571428571
29682 1.0
29776 1.0
29801 0.42857142857142855
29802 0.5714285714285714
29807 1.0
30276 1.0
30401 1.0
30406 1.0
30526 1.0
30750 1.0
30775 1.0
30875 1.0
31000 1.0
31026 1.0
31125 1.0
31150 0.5
31151 0.5
31281 1.0
31302 1.0
31307 1.0
31312 1.0
31328 1.0
31333 1.0
31354 1.0
31359 1.0
31453 1.0
31478 0.3333333333333333
31479 0.6666666666666666
31901 1.0
31927 1.0
31953 1.0
31979 1.0
32026 1.0
32052 1.0
32078 1.0
32103 0.3333333333333333
32104 0.6666666666666666
32177 1.0
32202 0.16666666666666666
32203 0.8333333333333334
32526 1.0
32651 1.0
32677 1.0
32776 1.0
32802 1.0
32901 1.0
32926 0.2857142857142857
32927 0.7142857142857143
33026 1.0
33250 1.0
33276 1.0
33375 1.0
33400 0.2
33401 0.8
33526 1.0
33625 1.0
33650 0.07692307692307693
33651 0.9230769230769231
34000 1.0
34125 1.0
34150 0.5
34151 0.5
34250 1.0
34275 1.0
34431 0.3333333333333333
34432 0.6666666666666666
34437 1.0
34458 1.0
34463 1.0
34479 1.0
34484 1.0
34489 1.0
34578 1.0
34583 1.0
34604 1.0
34609 1.0
35026 1.0
35031 1.0
35052 1.0
35057 1.0
35151 1.0
35177 1.0
35202 0.04
35203 0.96
35208 1.0
35302 1.0
35327 0.2857142857142857
35328 0.7142857142857143
35427 1.0
35776 1.0
35802 1.0
35901 1.0
35926 0.1111111111111111
35927 0.8888888888888888
36026 1.0
36051 0.25
36052 0.75
36375 1.0
36400 0.25
36401 0.75
36500 1.0
36526 1.0
36650 0.03571428571428571
36651 0.9642857142857143
36750 1.0
36775 0.4
36776 0.6
37000 1.0
37125 1.0
37250 1.0
37276 1.0
37375 1.0
37400 1.0
37536 1.0
37557 1.0
37562 1.0
37583 1.0
37588 1.0
37609 1.0
37703 1.0
37708 1.0
37729 1.0
37733 0.14285714285714285
37734 0.8571428571428571
38151 1.0
38182 1.0
38276 1.0
38301 0.125
38302 0.875
38327 0.09090909090909091
38328 0.9090909090909091
38333 1.0
38354 1.0
38427 1.0
38453 1.0
38901 1.0
38927 1.0
39026 1.0
39051 0.06666666666666667
39052 0.9333333333333333
39151 1.0
39176 0.2727272727272727
39177 0.7272727272727273
39276 1.0
39500 1.0
39625 1.0
39651 1.0
39775 0.038461538461538464
39776 0.9615384615384616
39901 1.0
40125 1.0
40250 1.0
40375 1.0
40400 0.2857142857142857
40401 0.7142857142857143
40500 1.0
40525 0.6666666666666666
40526 0.3333333333333333
40656 1.0
40661 1.0
40682 1.0
40687 1.0
40708 1.0
40713 1.0
40739 1.0
40807 1.0
40828 1.0
40833 1.0
40838 1.0
40859 1.0
41281 1.0
41401 1.0
41406 1.0
41427 1.0
41432 1.0
41453 1.0
41457 0.16666666666666666
41458 0.8333333333333334
41552 1.0
41577 0.18181818181818182
41578 0.8181818181818182
41906 1.0
42026 1.0
42031 1.0
42052 1.0
42151 1.0
42176 0.15789473684210525
42177 0.8421052631578947
42276 1.0
42301 0.14285714285714285
42302 0.8571428571428571
42625 1.0
42651 1.0
42750 1.0
42776 1.0
42901 1.0
43026 1.0
43250 1.0
43375 1.0
43500 1.0
43525 0.26666666666666666
43526 0.7333333333333333
43625 1.0
43650 0.3333333333333333
43651 0.6666666666666666
43781 1.0
43807 1.0
43812 1.0
43838 1.0
43864 1.0
43932 1.0
43958 1.0
43963 1.0
43984 1.0
43989 1.0
44078 1.0
44406 1.0
44526 1.0
44531 1.0
44552 1.0
44557 1.0
44578 1.0
44583 1.0
44677 1.0
44682 1.0
44703 1.0
44708 1.0
44802 1.0
45151 1.0
45156 1.0
45276 1.0
45302 1.0
45401 1.0
45426 0.2
45427 0.8
45526 1.0
45750 1.0
45776 1.0
45875 1.0
45901 1.0
46026 1.0
46151 1.0
46375 1.0
46500 1.0
46526 1.0
46625 1.0
46650 0.45454545454545453
46651 0.5454545454545454
46750 1.0
46775 0.5714285714285714
46776 0.42857142857142855
46927 1.0
46932 1.0
46953 1.0
46958 1.0
46963 1.0
46979 1.0
46984 1.0
46989 1.0
47078 1.0
47103 0.5
47104 0.5
47552 1.0
47677 1.0
47702 0.07692307692307693
47703 0.9230769230769231
47729 1.0
47802 1.0
47828 1.0
47927 1.0
48276 1.0
48302 1.0
48401 1.0
48426 0.07692307692307693
48427 0.9230769230769231
48526 1.0
48551 0.3333333333333333
48552 0.6666666666666666
48651 1.0
48900 0.5
48901 0.5
49000 1.0
49026 1.0
49125 1.0
49150 0.14814814814814814
49151 0.8518518518518519
49250 1.0
49275 0.2857142857142857
49276 0.7142857142857143
49500 1.0
49625 1.0
49750 1.0
49775 1.0
49875 1.0
49900 1.0
50052 1.0
50057 1.0
50062 1.0
50078 1.0
50083 1.0
50103 0.125
50104 0.875
50109 1.0
50114 1.0
50203 1.0
50229 1.0
50651 1.0
50676 0.5
50677 0.5
50802 1.0
50828 1.0
50854 1.0
50901 1.0
50927 1.0
50952 0.25
50953 0.75
51052 1.0
51276 1.0
51401 1.0
51426 0.5
51427 0.5
51526 1.0
51552 1.0
51651 1.0
51676 0.1111111111111111
51677 0.8888888888888888
51776 1.0
52000 1.0
52025 0.25
52026 0.75
52125 1.0
52150 0.16666666666666666
52151 0.8333333333333334
52250 1.0
52275 0.05
52276 0.95
52400 0.2
52401 0.8
52625 1.0
52750 1.0
52875 1.0
52900 0.6666666666666666
52901 0.3333333333333333
53000 1.0
53025 1.0
53177 1.0
53182 1.0
53208 1.0
53234 1.0
53239 1.0
53328 1.0
53333 1.0
53353 0.5
53354 0.5
53359 1.0
53776 1.0
53802 1.0
53807 1.0
53833 1.0
53901 1.0
53927 1.0
53953 1.0
53958 1.0
53979 1.0
54052 1.0
54078 1.0
54401 1.0
54526 1.0
54676 0.11764705882352941
54677 0.8823529411764706
54776 1.0
54801 0.4
54802 0.6
54901 1.0
55125 1.0
55151 1.0
55250 1.0
55276 1.0
55375 1.0
55400 0.04
55401 0.96
55525 0.2857142857142857
55526 0.7142857142857143
55875 1.0
56000 1.0
56025 0.5
56026 0.5
56125 1.0
56150 1.0
56307 1.0
56333 1.0
56338 1.0
56359 1.0
56364 1.0
56453 1.0
56458 1.0
56484 1.0
56578 1.0
56901 1.0
56931 0.3333333333333333
56932 0.6666666666666666
57026 1.0
57052 1.0
57057 1.0
57077 0.13333333333333333
57078 0.8666666666666667
57083 1.0
57177 1.0
57202 0.2857142857142857
57203 0.7142857142857143
57526 1.0
57651 1.0
57776 1.0
57801 0.16666666666666666
57802 0.8333333333333334
57901 1.0
57926 0.16666666666666666
57927 0.8333333333333334
58026 1.0
58250 1.0
58276 1.0
58375 1.0
58400 0.5
58401 0.5
58525 0.06451612903225806
58526 0.9354838709677419
58651 1.0
59000 1.0
59125 1.0
59151 1.0
59250 1.0
59432 1.0
59437 1.0
59463 1.0
59578 1.0
59583 1.0
59608 0.14285714285714285
59609 0.8571428571428571
60031 1.0
60057 1.0
60151 1.0
60177 1.0
60182 1.0
60203 1.0
60208 1.0
60302 1.0
60327 0.2857142857142857
60328 0.7142857142857143
60427 1.0
60776 1.0
60802 1.0
60901 1.0
60926 0.1
60927 0.9
61026 1.0
61051 0.1
61052 0.9
61151 1.0
61500 1.0
61526 1.0
61651 1.0
61776 1.0
62000 1.0
62125 1.0
62250 1.0
62275 0.3333333333333333
62276 0.6666666666666666
62375 1.0
62400 0.4
62401 0.6
62552 1.0
62557 1.0
62562 1.0
62578 1.0
62604 1.0
62609 1.0
62703 1.0
62729 1.0
63177 1.0
63203 1.0
63229 1.0
63302 1.0
63327 0.047619047619047616
63328 0.9523809523809523
63353 0.5
63354 0.5
63427 1.0
63452 0.09090909090909091
63453 0.9090909090909091
63552 1.0
63776 1.0
63901 1.0
64026 1.0
64051 0.058823529411764705
64052 0.9411764705882353
64151 1.0
64176 0.4
64177 0.6
64276 1.0
64500 1.0
64625 1.0
64650 0.5
64651 0.5
64775 0.13793103448275862
64776 0.8620689655172413
64875 1.0
64900 0.1
64901 0.9
65125 1.0
65250 1.0
65375 1.0
65500 1.0
65677 1.0
65682 1.0
65687 1.0
65703 1.0
65708 1.0
65729 1.0
65734 1.0
65739 1.0
65828 1.0
65854 1.0
66276 1.0
66302 1.0
66328 1.0
66401 1.0
66426 0.25
66427 0.75
66452 0.05
66453 0.95
66478 0.5
66479 0.5
66552 1.0
66577 0.07692307692307693
66578 0.9230769230769231
66677 1.0
66901 1.0
67026 1.0
67151 1.0
67176 0.125
67177 0.875
67202 1.0
67276 1.0
67302 1.0
67401 1.0
67651 1.0
67750 1.0
67776 1.0
67875 1.0
67900 0.058823529411764705
67901 0.9411764705882353
68000 1.0
68025 0.3333333333333333
68026 0.6666666666666666
68250 1.0
68375 1.0
68500 1.0
68525 1.0
68625 1.0
68802 1.0
68807 1.0
68812 1.0
68828 1.0
68833 1.0
68838 1.0
68859 1.0
68953 1.0
68979 1.0
68984 1.0
69427 1.0
69432 1.0
69526 1.0
69552 1.0
69577 0.05
69578 0.95
69604 1.0
69677 1.0
69702 0.16666666666666666
69703 0.8333333333333334
70026 1.0
70150 0.125
70151 0.875
70177 1.0
70276 1.0
70301 0.15384615384615385
70302 0.8461538461538461
70401 1.0
70426 0.6666666666666666
70427 0.3333333333333333
70775 0.5
70776 0.5
70875 1.0
70900 0.16666666666666666
70901 0.8333333333333334
71000 1.0
71026 1.0
71125 1.0
71150 0.25
71151 0.75
71375 1.0
71500 1.0
71625 1.0
71650 1.0
71750 1.0
71775 1.0
71911 1.0
71927 1.0
71932 1.0
71937 1.0
71958 1.0
71963 1.0
71984 1.0
71989 1.0
72078 1.0
72083 1.0
72104 1.0
72109 1.0
72203 1.0
72526 1.0
72531 1.0
72552 1.0
72677 1.0
72702 0.06666666666666667
72703 0.9333333333333333
72802 1.0
72828 1.0
72927 1.0
73276 1.0
73401 1.0
73426 0.1
73427 0.9
73526 1.0
73551 0.6
73552 0.4
73875 1.0
73901 1.0
74000 1.0
74025 0.4
74026 0.6
74150 0.09090909090909091
74151 0.9090909090909091
74250 1.0
74275 0.08333333333333333
74276 0.9166666666666666
74500 1.0
74625 1.0
74750 1.0
74775 1.0
74875 1.0
74900 0.5
74901 0.5
75036 1.0
75057 1.0
75062 1.0
75083 1.0
75088 1.0
75108 0.1
75109 0.9
75114 1.0
75177 1.0
75203 1.0
75208 1.0
75229 1.0
75233 0.05555555555555555
75234 0.9444444444444444
75328 1.0
75651 1.0
75776 1.0
75802 1.0
75828 1.0
75833 1.0
75927 1.0
75952 0.18181818181818182
75953 0.8181818181818182
76052 1.0
76276 1.0
76401 1.0
76427 1.0
76526 1.0
76551 0.08333333333333333
76552 0.9166666666666666
76651 1.0
76676 0.2
76677 0.8
76776 1.0
77000 1.0
77026 1.0
77125 1.0
77151 1.0
77276 1.0
77375 1.0
77400 0.1111111111111111
77401 0.8888888888888888
77750 1.0
77875 1.0
77900 1.0
78000 1.0
78025 0.75
78026 0.25
