0 1.0
6 1.0
25 1.0
31 1.0
50 0.9777777777777777
51 0.022222222222222223
56 0.992
57 0.0080
62 1.0
75 0.9349593495934959
76 0.06504065040650407
81 0.9849056603773585
82 0.01509433962264151
87 1.0
100 0.9823529411764705
101 0.01764705882352941
106 0.9468599033816425
107 0.05314009661835749
112 1.0
125 0.9090909090909091
126 0.09090909090909091
131 1.0
150 0.8571428571428571
151 0.14285714285714285
156 0.9726027397260274
157 0.0273972602739726
162 0.9466666666666667
163 0.05333333333333334
168 1.0
181 0.9120879120879121
182 0.08791208791208792
187 0.9442622950819672
188 0.05573770491803279
193 1.0
206 0.7413793103448276
207 0.25862068965517243
212 0.9573770491803278
213 0.04262295081967213
218 1.0
231 0.3333333333333333
232 0.6666666666666666
237 1.0
243 1.0
250 0.9
251 0.1
256 0.9523809523809523
257 0.047619047619047616
262 1.0
275 1.0
281 0.8292682926829268
282 0.17073170731707318
287 0.9426229508196722
288 0.05737704918032787
293 0.8993506493506493
294 0.10064935064935066
299 1.0
312 0.8372093023255814
313 0.16279069767441862
318 0.9416909620991254
319 0.05830903790087463
324 1.0
343 1.0
375 1.0
381 0.9615384615384616
382 0.038461538461538464
387 1.0
393 0.9354838709677419
394 0.06451612903225806
399 1.0
406 0.8461538461538461
407 0.15384615384615385
412 0.8636363636363636
413 0.13636363636363635
418 0.8895348837209303
419 0.11046511627906977
424 1.0
443 1.0
449 1.0
500 0.8
501 0.2
506 0.9428571428571428
507 0.05714285714285714
512 0.9722222222222222
513 0.027777777777777776
518 0.8135593220338984
519 0.1864406779661017
524 1.0
531 1.0
537 0.92
538 0.08
543 0.8771929824561403
544 0.12280701754385964
549 1.0
