37 1.0
56 1.0
62 1.0
68 1.0
86 0.3333333333333333
87 0.6666666666666666
112 1.0
143 1.0
156 1.0
161 0.07692307692307693
162 0.9230769230769231
181 1.0
186 0.14285714285714285
187 0.8571428571428571
192 1.0
206 1.0
211 0.08333333333333333
212 0.9166666666666666
231 1.0
236 0.5
237 0.5
274 1.0
281 1.0
287 1.0
293 1.0
306 1.0
311 0.06896551724137931
312 0.9310344827586207
317 0.3333333333333333
318 0.6666666666666666
331 1.0
336 0.5714285714285714
337 0.42857142857142855
393 1.0
399 1.0
412 1.0
417 0.17647058823529413
418 0.8235294117647058
424 1.0
431 1.0
437 1.0
518 1.0
524 1.0
542 0.25
543 0.75
549 1.0
668 1.0
687 1.0
692 1.0
768 1.0
781 1.0
786 0.07142857142857142
787 0.9285714285714286
793 1.0
806 1.0
811 0.07692307692307693
812 0.9230769230769231
836 0.08
837 0.92
856 1.0
862 1.0
893 1.0
899 1.0
911 0.07142857142857142
912 0.9285714285714286
917 0.25
918 0.75
931 1.0
936 0.07142857142857142
937 0.9285714285714286
943 1.0
956 1.0
961 0.2857142857142857
962 0.7142857142857143
1018 1.0
1024 1.0
1031 1.0
1037 1.0
1043 1.0
1048 1.0
1056 1.0
1062 1.0
1143 1.0
1149 1.0
1168 1.0
1287 1.0
1393 1.0
1398 0.5
1399 0.5
1411 0.09523809523809523
1412 0.9047619047619048
1418 1.0
1424 1.0
1437 1.0
1462 1.0
1518 1.0
1524 1.0
1531 1.0
1537 1.0
1542 0.4
1543 0.6
1548 1.0
1556 1.0
1561 0.09523809523809523
1562 0.9047619047619048
1568 1.0
1587 1.0
1593 1.0
1643 1.0
1649 1.0
1656 1.0
1662 1.0
1667 0.047619047619047616
1668 0.9523809523809523
1674 1.0
1681 1.0
1686 0.08333333333333333
1687 0.9166666666666666
1693 1.0
1768 1.0
1774 1.0
1787 1.0
1793 1.0
1918 1.0
1943 1.0
2012 1.0
2018 1.0
2031 1.0
2037 1.0
2042 0.1111111111111111
2043 0.8888888888888888
2062 1.0
2068 1.0
2087 1.0
2137 1.0
2143 1.0
2148 0.16666666666666666
2149 0.8333333333333334
2156 1.0
2162 1.0
2167 0.25
2168 0.75
2181 1.0
2186 0.06976744186046512
2187 0.9302325581395349
2192 0.2727272727272727
2193 0.7272727272727273
2212 1.0
2268 1.0
2274 1.0
2281 1.0
2286 0.058823529411764705
2287 0.9411764705882353
2292 0.09375
2293 0.90625
2299 1.0
2306 1.0
2311 0.16666666666666666
2312 0.8333333333333334
2317 0.25
2318 0.75
2393 1.0
2399 1.0
2418 1.0
2424 1.0
2637 1.0
2643 1.0
2649 1.0
2662 1.0
2668 1.0
2687 1.0
2693 1.0
2768 1.0
2774 1.0
2781 1.0
2787 1.0
2792 0.2857142857142857
2793 0.7142857142857143
2806 1.0
2811 0.02631578947368421
2812 0.9736842105263158
2817 0.1
2818 0.9
2837 1.0
2843 1.0
2892 0.125
2893 0.875
2899 1.0
2912 1.0
2917 0.05263157894736842
2918 0.9473684210526315
2923 0.5
2924 0.5
2931 1.0
2936 0.15384615384615385
2937 0.8461538461538461
2942 0.3333333333333333
2943 0.6666666666666666
3018 1.0
3023 0.058823529411764705
3024 0.9411764705882353
3037 1.0
3043 1.0
3049 1.0
3156 1.0
3162 1.0
3181 1.0
3186 0.3
3187 0.7
3206 1.0
3211 0.4
3212 0.6
3230 0.03333333333333333
3231 0.9666666666666667
3236 0.5
3237 0.5
3275 1.0
3281 1.0
3300 1.0
3305 0.08695652173913043
3306 0.9130434782608695
3325 1.0
3330 0.16483516483516483
3331 0.8351648351648352
3336 0.3333333333333333
3337 0.6666666666666666
3350 1.0
3355 0.0625
3356 0.9375
3425 1.0
3430 0.4230769230769231
3431 0.5769230769230769
3450 1.0
3455 0.2727272727272727
3456 0.7272727272727273
3556 1.0
3781 1.0
3786 0.14285714285714285
3787 0.8571428571428571
3806 1.0
3811 0.16666666666666666
3812 0.8333333333333334
3831 1.0
3836 0.3333333333333333
3837 0.6666666666666666
3856 1.0
3862 1.0
3906 1.0
3911 0.5
3912 0.5
3925 1.0
3931 1.0
3937 1.0
3950 1.0
3956 1.0
3961 0.2727272727272727
3962 0.7272727272727273
3981 1.0
3987 1.0
4050 1.0
4055 0.21875
4056 0.78125
4075 1.0
4080 0.16666666666666666
4081 0.8333333333333334
4175 1.0
4406 1.0
4412 1.0
4417 1.0
4431 1.0
4437 1.0
4442 1.0
4456 1.0
4462 1.0
4487 1.0
4530 0.1
4531 0.9
4536 0.6
4537 0.4
4556 1.0
4561 0.5
4562 0.5
4581 1.0
4587 1.0
4606 1.0
4612 1.0
4675 1.0
4680 0.058823529411764705
4681 0.9411764705882353
4687 1.0
4700 1.0
4705 0.1
4706 0.9
4800 1.0
4806 1.0
5037 1.0
5043 1.0
5062 1.0
5156 1.0
5161 0.2222222222222222
5162 0.7777777777777778
5181 1.0
5186 0.08333333333333333
5187 0.9166666666666666
5206 1.0
5211 0.11764705882352941
5212 0.8823529411764706
5231 1.0
5237 1.0
5305 0.04054054054054054
5306 0.9594594594594594
5312 1.0
5331 1.0
5336 0.375
5337 0.625
5430 0.5
5431 0.5
5662 1.0
5667 1.0
5687 1.0
5781 1.0
5787 1.0
5806 1.0
5811 0.0625
5812 0.9375
5831 1.0
5836 0.07142857142857142
5837 0.9285714285714286
5843 1.0
5862 1.0
5906 1.0
5931 1.0
5936 0.5
5937 0.5
5956 1.0
5961 0.26666666666666666
5962 0.7333333333333333
6050 1.0
6056 1.0
6275 1.0
6280 0.4
6281 0.6
6300 1.0
6305 0.08695652173913043
6306 0.9130434782608695
6312 1.0
6330 0.08
6331 0.92
6336 1.0
6350 1.0
6355 0.07547169811320754
6356 0.9245283018867925
6400 1.0
6405 1.0
6425 1.0
6430 1.0
6450 1.0
6455 1.0
6475 1.0
6480 0.375
6481 0.625
6550 1.0
6575 1.0
6906 1.0
6912 1.0
6931 1.0
6936 0.5
6937 0.5
6955 0.047619047619047616
6956 0.9523809523809523
6962 1.0
6981 1.0
6987 1.0
7050 1.0
7055 0.4
7056 0.6
7075 1.0
7080 0.23076923076923078
7081 0.7692307692307693
7100 1.0
7105 0.13636363636363635
7106 0.8636363636363636
7175 1.0
7180 1.0
7200 1.0
7531 1.0
7537 1.0
7556 1.0
7562 1.0
7581 1.0
7587 1.0
7606 1.0
7611 0.2
7612 0.8
7650 1.0
7655 1.0
7675 1.0
7680 0.05263157894736842
7681 0.9473684210526315
7700 1.0
7705 0.12121212121212122
7706 0.8787878787878788
7731 1.0
7800 1.0
7805 0.3333333333333333
7806 0.6666666666666666
7825 1.0
7830 0.2
7831 0.8
7925 1.0
8156 1.0
8161 0.6
8162 0.4
8181 1.0
8186 0.09090909090909091
8187 0.9090909090909091
8206 1.0
8212 1.0
8237 1.0
8275 1.0
8281 1.0
8300 1.0
8305 0.23076923076923078
8306 0.7692307692307693
8325 1.0
8330 0.013333333333333334
8331 0.9866666666666667
8336 0.3333333333333333
8337 0.6666666666666666
8356 1.0
8362 1.0
8425 1.0
8430 0.4230769230769231
8431 0.5769230769230769
8450 1.0
8455 0.06666666666666667
8456 0.9333333333333333
8550 1.0
8781 1.0
8787 1.0
8806 1.0
8812 1.0
8831 1.0
8837 1.0
8862 1.0
8905 0.1
8906 0.9
8931 1.0
8956 1.0
8961 0.05263157894736842
8962 0.9473684210526315
8981 1.0
8986 0.1111111111111111
8987 0.8888888888888888
9050 1.0
9055 0.37037037037037035
9056 0.6296296296296297
9080 0.15789473684210525
9081 0.8421052631578947
9175 1.0
9405 1.0
9425 1.0
9430 0.1111111111111111
9431 0.8888888888888888
9436 0.5
9437 0.5
9450 1.0
9455 0.1
9456 0.9
9461 0.5
9462 0.5
9475 1.0
9480 0.17307692307692307
9481 0.8269230769230769
9487 1.0
9525 1.0
9550 1.0
9575 1.0
9600 1.0
9675 1.0
9700 1.0
10025 1.0
10031 1.0
10050 1.0
10055 0.2222222222222222
10056 0.7777777777777778
10062 1.0
10075 1.0
10080 0.1
10081 0.9
10087 1.0
10100 1.0
10105 0.08695652173913043
10106 0.9130434782608695
10112 1.0
10175 1.0
10200 1.0
10205 0.5
10206 0.5
10225 1.0
10230 0.25
10231 0.75
10300 1.0
10325 1.0
10650 1.0
10656 1.0
10675 1.0
10681 1.0
10686 0.2
10687 0.8
10706 1.0
10711 1.0
10731 1.0
10736 0.5
10737 0.5
10775 1.0
10780 1.0
10800 1.0
10805 1.0
10825 1.0
10830 0.21739130434782608
10831 0.782608695652174
10850 1.0
10855 0.1111111111111111
10856 0.8888888888888888
10925 1.0
10950 1.0
10975 1.0
11281 1.0
11306 1.0
11311 0.16666666666666666
11312 0.8333333333333334
11331 1.0
11337 1.0
11356 1.0
11362 1.0
11400 1.0
11406 1.0
11425 1.0
11430 1.0
11450 1.0
11455 0.14516129032258066
11456 0.8548387096774194
11475 1.0
11481 1.0
11550 1.0
11575 1.0
11675 1.0
11906 1.0
11931 1.0
11937 1.0
11956 1.0
11961 0.6666666666666666
11962 0.3333333333333333
11981 1.0
12025 1.0
12030 0.3333333333333333
12031 0.6666666666666666
12050 1.0
12055 0.26666666666666666
12056 0.7333333333333333
12075 1.0
12080 0.13414634146341464
12081 0.8658536585365854
12087 1.0
12106 1.0
12111 0.5
12112 0.5
12175 1.0
12200 1.0
12205 0.5
12206 0.5
12525 1.0
12530 1.0
12550 1.0
12555 0.07692307692307693
12556 0.9230769230769231
12562 1.0
12575 1.0
12580 0.25
12581 0.75
12587 1.0
12600 1.0
12605 0.09523809523809523
12606 0.9047619047619048
12611 1.0
12650 1.0
12675 1.0
12700 1.0
12725 1.0
12800 1.0
12825 1.0
13150 1.0
13156 1.0
13175 1.0
13180 0.16666666666666666
13181 0.8333333333333334
13187 1.0
13200 1.0
13206 1.0
13225 1.0
13230 0.11290322580645161
13231 0.8870967741935484
13237 1.0
13300 1.0
13325 1.0
13350 1.0
13425 1.0
13450 1.0
13775 1.0
13780 0.3333333333333333
13781 0.6666666666666666
13786 1.0
13800 1.0
13805 0.16666666666666666
13806 0.8333333333333334
13812 1.0
13830 0.06666666666666667
13831 0.9333333333333333
13837 1.0
13855 0.03773584905660377
13856 0.9622641509433962
13861 0.5
13862 0.5
13900 1.0
13925 1.0
13950 1.0
13955 0.5
13956 0.5
13975 1.0
13981 1.0
14050 1.0
14075 1.0
14400 1.0
14406 1.0
14412 1.0
14425 1.0
14430 0.21052631578947367
14431 0.7894736842105263
14437 1.0
14456 1.0
14462 1.0
14481 1.0
14487 1.0
14525 1.0
14550 1.0
14575 1.0
14580 0.2413793103448276
14581 0.7586206896551724
14600 1.0
14606 1.0
14675 1.0
14700 1.0
15031 1.0
15036 0.3333333333333333
15037 0.6666666666666666
15056 1.0
15062 1.0
15081 1.0
15086 0.4
15087 0.6
15106 1.0
15112 1.0
15150 1.0
15156 1.0
15175 1.0
15180 0.25
15181 0.75
15200 1.0
15205 0.23076923076923078
15206 0.7692307692307693
15225 1.0
15230 0.027777777777777776
15231 0.9722222222222222
15300 1.0
15325 1.0
15425 1.0
