31 1.0
37 1.0
56 1.0
62 1.0
81 1.0
87 1.0
106 1.0
112 1.0
137 1.0
156 1.0
162 1.0
181 1.0
187 1.0
206 1.0
211 0.2222222222222222
212 0.7777777777777778
231 1.0
237 1.0
268 1.0
274 1.0
280 0.1
281 0.9
287 1.0
293 1.0
300 1.0
305 0.1111111111111111
306 0.8888888888888888
311 0.045454545454545456
312 0.9545454545454546
317 1.0
325 1.0
330 0.1111111111111111
331 0.8888888888888888
392 0.3333333333333333
393 0.6666666666666666
398 0.5
399 0.5
400 1.0
406 1.0
412 1.0
418 1.0
425 1.0
430 0.125
431 0.875
436 0.3333333333333333
437 0.6666666666666666
518 1.0
523 0.09090909090909091
524 0.9090909090909091
537 1.0
543 1.0
662 1.0
667 0.5
668 0.5
687 1.0
712 1.0
767 1.0
780 0.14285714285714285
781 0.8571428571428571
787 1.0
793 1.0
806 1.0
812 1.0
831 1.0
837 1.0
856 1.0
862 1.0
887 1.0
899 1.0
906 1.0
912 1.0
918 1.0
931 1.0
936 0.1
937 0.9
942 0.5
943 0.5
956 1.0
962 1.0
1012 1.0
1018 1.0
1024 1.0
1031 1.0
1037 1.0
1042 0.11764705882352941
1043 0.8823529411764706
1050 1.0
1055 0.25
1056 0.75
1062 1.0
1143 1.0
1149 1.0
1162 1.0
1168 1.0
1287 1.0
1387 1.0
1393 1.0
1399 1.0
1406 1.0
1411 0.07142857142857142
1412 0.9285714285714286
1417 0.6666666666666666
1418 0.3333333333333333
1424 1.0
1436 0.2857142857142857
1437 0.7142857142857143
1462 1.0
1517 0.14285714285714285
1518 0.8571428571428571
1524 1.0
1531 1.0
1537 1.0
1542 0.2
1543 0.8
1556 1.0
1561 0.16666666666666666
1562 0.8333333333333334
1568 1.0
1581 1.0
1586 0.375
1587 0.625
1593 1.0
1643 1.0
1648 0.16666666666666666
1649 0.8333333333333334
1650 1.0
1656 1.0
1661 0.13043478260869565
1662 0.8695652173913043
1668 1.0
1674 1.0
1681 1.0
1686 0.16666666666666666
1687 0.8333333333333334
1693 1.0
1768 1.0
1774 1.0
1781 1.0
1793 1.0
1918 1.0
2012 1.0
2018 1.0
2031 1.0
2036 0.09090909090909091
2037 0.9090909090909091
2043 1.0
2062 1.0
2068 1.0
2087 1.0
2137 1.0
2143 1.0
2149 1.0
2156 1.0
2162 1.0
2168 1.0
2181 1.0
2186 0.037037037037037035
2187 0.9629629629629629
2192 0.14285714285714285
2193 0.8571428571428571
2212 1.0
2268 1.0
2274 1.0
2281 1.0
2286 0.037037037037037035
2287 0.9629629629629629
2292 0.15789473684210525
2293 0.8421052631578947
2299 1.0
2306 1.0
2312 1.0
2387 1.0
2393 1.0
2399 1.0
2417 0.16666666666666666
2418 0.8333333333333334
2424 1.0
2637 1.0
2643 1.0
2649 1.0
2662 1.0
2667 0.14285714285714285
2668 0.8571428571428571
2687 1.0
2693 1.0
2712 1.0
2762 1.0
2768 1.0
2774 1.0
2781 1.0
2786 0.07692307692307693
2787 0.9230769230769231
2793 1.0
2806 1.0
2811 0.10344827586206896
2812 0.896551724137931
2818 1.0
2837 1.0
2843 1.0
2887 1.0
2893 1.0
2899 1.0
2906 1.0
2912 1.0
2918 1.0
2931 1.0
2937 1.0
2943 1.0
3018 1.0
3024 1.0
3037 1.0
3043 1.0
3049 1.0
3156 1.0
3175 1.0
3181 1.0
3187 1.0
3200 1.0
3206 1.0
3212 1.0
3225 1.0
3230 0.03125
3231 0.96875
3237 1.0
3275 1.0
3280 0.3333333333333333
3281 0.6666666666666666
3300 1.0
3305 0.5714285714285714
3306 0.42857142857142855
3325 1.0
3330 0.21052631578947367
3331 0.7894736842105263
3350 1.0
3355 0.2
3356 0.8
3400 1.0
3425 1.0
3430 0.5
3431 0.5
3450 1.0
3525 1.0
3550 1.0
3781 1.0
3787 1.0
3806 1.0
3812 1.0
3831 1.0
3837 1.0
3856 1.0
3862 1.0
3900 1.0
3905 0.14285714285714285
3906 0.8571428571428571
3925 1.0
3930 0.08333333333333333
3931 0.9166666666666666
3950 1.0
3955 0.058823529411764705
3956 0.9411764705882353
3961 0.25
3962 0.75
3975 1.0
3980 0.125
3981 0.875
3987 1.0
4025 1.0
4050 1.0
4055 0.25
4056 0.75
4075 1.0
4081 1.0
4150 1.0
4175 1.0
4406 1.0
4411 0.25
4412 0.75
4431 1.0
4436 0.06666666666666667
4437 0.9333333333333333
4456 1.0
4462 1.0
4487 1.0
4525 1.0
4530 0.05
4531 0.95
4555 0.05555555555555555
4556 0.9444444444444444
4562 1.0
4580 0.022727272727272728
4581 0.9772727272727273
4587 1.0
4606 1.0
4612 1.0
4650 1.0
4656 1.0
4675 1.0
4680 0.022222222222222223
4681 0.9777777777777777
4700 1.0
4705 0.2727272727272727
4706 0.7272727272727273
4775 1.0
4800 1.0
4805 0.25
4806 0.75
5037 1.0
5043 1.0
5056 1.0
5061 0.25
5062 0.75
5150 1.0
5156 1.0
5161 1.0
5181 1.0
5187 1.0
5206 1.0
5212 1.0
5231 1.0
5237 1.0
5275 1.0
5281 1.0
5300 1.0
5305 0.08333333333333333
5306 0.9166666666666666
5312 1.0
5331 1.0
5337 1.0
5400 1.0
5405 0.4
5406 0.6
5425 1.0
5431 1.0
5661 0.125
5662 0.875
5687 1.0
5775 1.0
5781 1.0
5787 1.0
5806 1.0
5811 0.15384615384615385
5812 0.8461538461538461
5831 1.0
5836 0.12903225806451613
5837 0.8709677419354839
5843 1.0
5862 1.0
5900 1.0
5905 0.09090909090909091
5906 0.9090909090909091
5925 1.0
5930 0.03225806451612903
5931 0.967741935483871
5936 0.14285714285714285
5937 0.8571428571428571
5956 1.0
5961 0.2857142857142857
5962 0.7142857142857143
6025 1.0
6031 1.0
6050 1.0
6055 0.1875
6056 0.8125
6275 1.0
6281 1.0
6300 1.0
6306 1.0
6312 1.0
6325 1.0
6330 0.2
6331 0.8
6350 1.0
6355 0.07894736842105263
6356 0.9210526315789473
6400 1.0
6425 1.0
6450 1.0
6455 1.0
6475 1.0
6525 1.0
6550 1.0
6575 1.0
6650 1.0
6675 1.0
6900 1.0
6906 1.0
6931 1.0
6937 1.0
6956 1.0
6962 1.0
6975 1.0
6980 0.045454545454545456
6981 0.9545454545454546
6987 1.0
7025 1.0
7050 1.0
7075 1.0
7080 0.1
7081 0.9
7100 1.0
7105 0.07142857142857142
7106 0.9285714285714286
7150 1.0
7175 1.0
7200 1.0
7275 1.0
7300 1.0
7531 1.0
7537 1.0
7555 0.16666666666666666
7556 0.8333333333333334
7562 1.0
7581 1.0
7587 1.0
7606 1.0
7612 1.0
7650 1.0
7656 1.0
7675 1.0
7680 0.6666666666666666
7681 0.3333333333333333
7700 1.0
7705 0.16666666666666666
7706 0.8333333333333334
7731 1.0
7775 1.0
7800 1.0
7825 1.0
7900 1.0
7925 1.0
8025 1.0
8150 1.0
8156 1.0
8162 1.0
8181 1.0
8187 1.0
8206 1.0
8212 1.0
8231 1.0
8237 1.0
8275 1.0
8280 0.4
8281 0.6
8300 1.0
8305 0.0625
8306 0.9375
8325 1.0
8331 1.0
8337 1.0
8356 1.0
8361 0.5
8362 0.5
8400 1.0
8425 1.0
8430 0.6666666666666666
8431 0.3333333333333333
8450 1.0
8455 0.2222222222222222
8456 0.7777777777777778
8525 1.0
8550 1.0
8787 1.0
8806 1.0
8812 1.0
8837 1.0
8862 1.0
8900 1.0
8905 0.09090909090909091
8906 0.9090909090909091
8925 1.0
8930 0.07142857142857142
8931 0.9285714285714286
8937 1.0
8956 1.0
8962 1.0
8981 1.0
8987 1.0
9025 1.0
9050 1.0
9055 0.21428571428571427
9056 0.7857142857142857
9075 1.0
9080 0.3076923076923077
9081 0.6923076923076923
9150 1.0
9175 1.0
9275 1.0
9400 1.0
9405 1.0
9425 1.0
9431 1.0
9437 1.0
9450 1.0
9456 1.0
9462 1.0
9475 1.0
9480 0.12121212121212122
9481 0.8787878787878788
9487 1.0
9525 1.0
9550 1.0
9575 1.0
9600 1.0
9650 1.0
9675 1.0
9700 1.0
9775 1.0
9800 1.0
10025 1.0
10031 1.0
10050 1.0
10056 1.0
10061 0.3333333333333333
10062 0.6666666666666666
10075 1.0
10081 1.0
10100 1.0
10105 0.029411764705882353
10106 0.9705882352941176
10112 1.0
10150 1.0
10175 1.0
10200 1.0
10225 1.0
10275 1.0
10300 1.0
10325 1.0
10400 1.0
10425 1.0
10650 1.0
10656 1.0
10675 1.0
10680 0.15384615384615385
10681 0.8461538461538461
10687 1.0
10706 1.0
10731 1.0
10737 1.0
10775 1.0
10800 1.0
10825 1.0
10830 0.5714285714285714
10831 0.42857142857142855
10850 1.0
10856 1.0
10900 1.0
10925 1.0
10950 1.0
11025 1.0
11050 1.0
11275 1.0
11281 1.0
11306 1.0
11312 1.0
11331 1.0
11337 1.0
11356 1.0
11362 1.0
11400 1.0
11425 1.0
11431 1.0
11450 1.0
11456 1.0
11481 1.0
11525 1.0
11550 1.0
11575 1.0
11650 1.0
11675 1.0
11775 1.0
11906 1.0
11931 1.0
11937 1.0
11956 1.0
11962 1.0
12025 1.0
12050 1.0
12055 0.2857142857142857
12056 0.7142857142857143
12075 1.0
12080 0.02127659574468085
12081 0.9787234042553191
12106 1.0
12112 1.0
12150 1.0
12175 1.0
12200 1.0
12275 1.0
12300 1.0
12525 1.0
12550 1.0
12555 0.16666666666666666
12556 0.8333333333333334
12562 1.0
12575 1.0
12581 1.0
12600 1.0
12605 0.12
12606 0.88
12650 1.0
12675 1.0
12700 1.0
12725 1.0
12775 1.0
12800 1.0
12825 1.0
12900 1.0
12925 1.0
13150 1.0
13156 1.0
13175 1.0
13181 1.0
13187 1.0
13200 1.0
13206 1.0
13225 1.0
13230 0.05263157894736842
13231 0.9473684210526315
13237 1.0
13275 1.0
13300 1.0
13325 1.0
13350 1.0
13400 1.0
13425 1.0
13450 1.0
13525 1.0
13550 1.0
13650 1.0
13775 1.0
13781 1.0
13800 1.0
13806 1.0
13811 0.25
13812 0.75
13825 1.0
13830 0.16666666666666666
13831 0.8333333333333334
13837 1.0
13850 1.0
13856 1.0
13862 1.0
13900 1.0
13925 1.0
13950 1.0
13956 1.0
13975 1.0
13980 0.3333333333333333
13981 0.6666666666666666
14025 1.0
14050 1.0
14075 1.0
14150 1.0
14175 1.0
14400 1.0
14412 1.0
14425 1.0
14431 1.0
14437 1.0
14456 1.0
14462 1.0
14481 1.0
14487 1.0
14525 1.0
14550 1.0
14575 1.0
14580 0.25
14581 0.75
14600 1.0
14606 1.0
14650 1.0
14675 1.0
14700 1.0
14725 1.0
14775 1.0
14800 1.0
15030 0.3333333333333333
15031 0.6666666666666666
15037 1.0
15056 1.0
15062 1.0
15081 1.0
15087 1.0
15106 1.0
15111 0.25
15112 0.75
15150 1.0
15175 1.0
15200 1.0
15205 0.06896551724137931
15206 0.9310344827586207
15225 1.0
15231 1.0
15275 1.0
15300 1.0
15325 1.0
15400 1.0
15425 1.0
