0 1.0
6 1.0
25 1.0
31 0.96
32 0.04
37 1.0
50 0.9629629629629629
51 0.037037037037037035
56 0.976
57 0.024
62 0.9888888888888889
63 0.011111111111111112
68 1.0
75 0.9873417721518988
76 0.012658227848101266
81 0.9655172413793104
82 0.034482758620689655
87 0.9789473684210527
88 0.021052631578947368
93 1.0
100 0.9826086956521739
101 0.017391304347826087
106 0.9932432432432432
107 0.006756756756756757
112 1.0
118 1.0
125 1.0
131 0.9655172413793104
132 0.034482758620689655
137 1.0
150 1.0
156 0.9772727272727273
157 0.022727272727272728
162 0.963302752293578
163 0.03669724770642202
168 0.9675925925925926
169 0.032407407407407406
174 1.0
181 0.75
182 0.25
187 0.9171270718232044
188 0.08287292817679558
193 0.9715099715099715
194 0.02849002849002849
199 1.0
212 0.9117647058823529
213 0.08823529411764706
218 1.0
250 1.0
256 1.0
262 1.0
268 0.9512195121951219
269 0.04878048780487805
274 1.0
281 1.0
287 0.9230769230769231
288 0.07692307692307693
293 0.9315068493150684
294 0.0684931506849315
299 1.0
318 1.0
375 1.0
381 0.9411764705882353
382 0.058823529411764705
387 0.9428571428571428
388 0.05714285714285714
393 0.8695652173913043
394 0.13043478260869565
399 1.0
412 0.6666666666666666
413 0.3333333333333333
418 0.918918918918919
419 0.08108108108108109
424 1.0
500 1.0
506 0.9444444444444444
507 0.05555555555555555
512 0.9705882352941176
513 0.029411764705882353
518 0.890625
519 0.109375
524 1.0
