0 1.0
6 1.0
25 1.0
31 1.0
50 0.9917355371900827
51 0.008264462809917356
56 1.0
75 0.9508196721311475
76 0.04918032786885246
81 0.9903846153846154
82 0.009615384615384616
87 1.0
100 0.9708333333333333
101 0.029166666666666667
106 0.9873417721518988
107 0.012658227848101266
112 1.0
125 0.9583333333333334
126 0.041666666666666664
131 1.0
150 0.8888888888888888
151 0.1111111111111111
156 0.987012987012987
157 0.012987012987012988
162 1.0
175 0.7777777777777778
176 0.2222222222222222
181 0.9476439790575916
182 0.05235602094240838
187 1.0
193 1.0
200 0.6666666666666666
201 0.3333333333333333
206 0.888
207 0.112
212 0.9686609686609686
213 0.03133903133903134
218 1.0
231 0.9242424242424242
232 0.07575757575757576
237 1.0
243 1.0
250 1.0
256 1.0
275 0.875
276 0.125
281 0.8513513513513513
282 0.14864864864864866
287 0.9090909090909091
288 0.09090909090909091
293 0.9736842105263158
294 0.02631578947368421
306 0.75
307 0.25
312 0.912568306010929
313 0.08743169398907104
318 0.9664179104477612
319 0.033582089552238806
324 1.0
331 1.0
337 0.8416666666666667
338 0.15833333333333333
343 0.972972972972973
344 0.02702702702702703
349 1.0
375 0.9230769230769231
376 0.07692307692307693
381 0.9565217391304348
382 0.043478260869565216
387 1.0
406 0.7906976744186046
407 0.20930232558139536
412 0.8397435897435898
413 0.16025641025641027
418 0.9126637554585153
419 0.08733624454148471
424 1.0
437 0.7614678899082569
438 0.23853211009174313
443 0.9346846846846847
444 0.06531531531531531
449 1.0
500 1.0
506 0.9555555555555556
507 0.044444444444444446
512 0.9411764705882353
513 0.058823529411764705
518 1.0
524 1.0
531 0.782608695652174
532 0.21739130434782608
537 0.8316831683168316
538 0.16831683168316833
543 0.834051724137931
544 0.16594827586206898
549 1.0
563 1.0
568 0.7692307692307693
569 0.23076923076923078
574 1.0
