0 0.9473684210526315
1 0.05263157894736842
6 1.0
25 1.0
31 1.0
37 1.0
50 0.8958333333333334
51 0.10416666666666667
56 0.9915966386554622
57 0.008403361344537815
62 0.9596774193548387
63 0.04032258064516129
68 1.0
75 0.9324324324324325
76 0.06756756756756757
81 0.9709302325581395
82 0.029069767441860465
87 0.9728260869565217
88 0.02717391304347826
93 1.0
100 0.9901960784313726
101 0.00980392156862745
106 0.9657534246575342
107 0.03424657534246575
112 0.975
113 0.025
118 1.0
125 1.0
131 0.9642857142857143
132 0.03571428571428571
137 1.0
143 1.0
149 1.0
150 1.0
156 0.9166666666666666
157 0.08333333333333333
162 0.9387755102040817
163 0.061224489795918366
168 0.9455782312925171
169 0.05442176870748299
174 1.0
181 1.0
187 0.912
188 0.088
193 0.977491961414791
194 0.022508038585209004
199 1.0
212 1.0
218 0.9615384615384616
219 0.038461538461538464
224 1.0
250 1.0
256 0.9565217391304348
257 0.043478260869565216
262 0.9583333333333334
263 0.041666666666666664
268 0.9464285714285714
269 0.05357142857142857
274 1.0
281 1.0
287 0.96
288 0.04
293 0.9117647058823529
294 0.08823529411764706
299 1.0
375 1.0
381 1.0
387 1.0
393 0.9365079365079365
394 0.06349206349206349
399 1.0
418 0.75
419 0.25
424 1.0
500 1.0
506 1.0
512 1.0
518 1.0
524 1.0
