55 1.0
60 1.0
80 1.0
85 1.0
105 1.0
110 1.0
181 1.0
186 1.0
206 1.0
211 1.0
231 1.0
236 1.0
267 1.0
307 1.0
312 1.0
317 1.0
398 1.0
413 1.0
418 1.0
655 1.0
776 1.0
781 1.0
806 1.0
826 1.0
831 1.0
912 1.0
917 1.0
927 1.0
932 1.0
937 1.0
952 1.0
957 1.0
1038 1.0
1058 1.0
1144 1.0
1149 1.0
1169 1.0
1401 1.0
1406 1.0
1527 1.0
1532 1.0
1552 0.9
1553 0.1
1557 0.7142857142857143
1558 0.2857142857142857
1653 1.0
1658 1.0
1663 1.0
1678 1.0
1683 1.0
1769 1.0
2001 1.0
2011 1.0
2026 1.0
2132 1.0
2152 0.8
2153 0.2
2157 1.0
2268 1.0
2278 0.9411764705882353
2279 0.058823529411764705
2283 1.0
2288 1.0
2394 1.0
2399 1.0
2404 1.0
2409 1.0
2414 1.0
2626 1.0
2752 1.0
2767 1.0
2772 1.0
2888 1.0
2903 1.0
2908 1.0
3009 1.0
3014 1.0
3019 1.0
3024 1.0
3029 1.0
3034 1.0
3039 1.0
3160 1.0
3185 1.0
3210 1.0
3281 1.0
3286 1.0
3291 1.0
3306 1.0
3311 1.0
3331 0.875
3332 0.125
3336 1.0
3356 1.0
3361 1.0
3412 1.0
3417 1.0
3437 1.0
3457 1.0
3523 1.0
3543 1.0
3785 1.0
3810 1.0
3906 1.0
3911 1.0
3931 1.0
3936 1.0
3956 1.0
4017 1.0
4022 1.0
4052 1.0
4057 1.0
4062 1.0
4082 1.0
4143 1.0
4163 1.0
4168 1.0
4183 1.0
4188 1.0
4274 1.0
4531 1.0
4652 1.0
4657 1.0
4667 1.0
4677 0.3333333333333333
4678 0.6666666666666666
4682 1.0
4778 1.0
4783 1.0
4788 1.0
4803 1.0
4808 1.0
4894 1.0
4899 1.0
4914 1.0
4919 1.0
5126 1.0
5131 1.0
5136 1.0
5156 1.0
5257 1.0
5277 0.8
5278 0.2
5282 1.0
5388 1.0
5403 1.0
5408 1.0
5413 1.0
5514 1.0
5524 1.0
5529 1.0
5539 1.0
5756 1.0
5761 1.0
5877 1.0
5882 1.0
5887 1.0
5897 1.0
5907 1.0
6003 1.0
6008 1.0
6013 1.0
6018 1.0
6028 1.0
6033 1.0
6129 1.0
6139 1.0
6144 1.0
6149 1.0
6154 1.0
6159 1.0
6164 1.0
6285 1.0
6391 1.0
6411 1.0
6416 1.0
6431 1.0
6436 1.0
6461 1.0
6517 1.0
6537 1.0
6557 1.0
6562 1.0
6567 1.0
6582 1.0
6587 1.0
6648 1.0
6663 1.0
6668 1.0
6693 1.0
6774 1.0
7016 1.0
7031 1.0
7036 1.0
7142 1.0
7167 1.0
7182 0.9285714285714286
7183 0.07142857142857142
7187 1.0
7207 1.0
7268 1.0
7273 1.0
7283 1.0
7288 1.0
7293 1.0
7308 1.0
7313 1.0
7394 1.0
7399 1.0
7631 1.0
7656 1.0
7767 1.0
7772 1.0
7782 1.0
7787 1.0
7888 1.0
7893 1.0
7898 1.0
7903 1.0
7908 1.0
7913 1.0
7933 1.0
8019 1.0
8044 1.0
8251 1.0
8256 1.0
8382 1.0
8387 1.0
8392 1.0
8407 1.0
8513 1.0
8519 1.0
8528 0.8888888888888888
8529 0.1111111111111111
8533 1.0
8538 1.0
8644 1.0
8649 1.0
8654 1.0
8659 1.0
8664 1.0
8669 1.0
8876 1.0
8886 1.0
9002 1.0
9007 1.0
9012 1.0
9017 1.0
9033 1.0
9133 1.0
9138 1.0
9143 1.0
9153 1.0
9158 1.0
9254 1.0
9264 1.0
9269 1.0
9274 1.0
9279 1.0
9284 1.0
9289 1.0
9415 1.0
9516 1.0
9536 1.0
9541 1.0
9561 1.0
9586 1.0
9667 1.0
9682 1.0
9687 1.0
9692 1.0
9712 1.0
9773 1.0
9788 1.0
9793 1.0
9798 1.0
9899 1.0
9919 1.0
10156 1.0
10161 1.0
10267 1.0
10272 1.0
10282 1.0
10287 1.0
10307 1.0
10312 1.0
10332 1.0
10393 1.0
10408 1.0
10413 1.0
10418 1.0
10433 1.0
10438 1.0
10519 1.0
10524 1.0
10544 1.0
10761 1.0
10781 1.0
10786 1.0
10892 1.0
10907 1.0
10932 1.0
11033 1.0
11038 1.0
11043 1.0
11058 1.0
11144 1.0
11149 1.0
11406 1.0
11507 1.0
11517 1.0
11638 1.0
11643 1.0
11653 1.0
11658 1.0
11663 1.0
11764 1.0
11774 1.0
11779 1.0
11784 1.0
12006 1.0
12127 1.0
12132 1.0
12137 1.0
12157 1.0
12253 1.0
12258 1.0
12268 1.0
12278 1.0
12283 1.0
12288 1.0
12379 1.0
12384 1.0
12394 1.0
12399 1.0
12404 1.0
12409 1.0
12414 1.0
12641 1.0
12646 1.0
12661 1.0
12666 1.0
12686 1.0
12691 1.0
12711 1.0
12767 1.0
12772 1.0
12792 1.0
12807 1.0
12812 1.0
12817 1.0
12837 1.0
12893 1.0
12918 1.0
12938 1.0
13024 1.0
13266 1.0
13286 1.0
13392 1.0
13407 1.0
13412 1.0
13432 1.0
13437 1.0
13518 1.0
13523 1.0
13533 1.0
13538 1.0
13543 1.0
13558 1.0
13644 1.0
13649 1.0
13664 1.0
13669 1.0
13886 1.0
13891 1.0
14017 1.0
14032 1.0
14037 1.0
14143 1.0
14153 1.0
14158 1.0
14163 0.9090909090909091
14164 0.09090909090909091
14168 1.0
14183 1.0
14269 1.0
14274 1.0
14284 1.0
14289 1.0
14294 1.0
14511 1.0
14632 1.0
14637 1.0
14642 1.0
14657 1.0
14763 1.0
14768 1.0
14783 1.0
14788 1.0
14889 1.0
14894 1.0
14899 1.0
14909 1.0
14914 1.0
15131 1.0
15257 1.0
15262 1.0
15383 1.0
15388 0.75
15389 0.25
15403 0.6666666666666666
15404 0.3333333333333333
15408 0.8571428571428571
15409 0.14285714285714285
15509 1.0
15514 1.0
15519 1.0
15529 1.0
15534 1.0
15539 1.0
15680 1.0
15685 1.0
15700 0.5
15701 0.5
15705 0.75
15706 0.25
15710 1.0
15725 1.0
15730 1.0
15735 1.0
15826 1.0
15831 1.0
15851 1.0
16275 1.0
16280 1.0
16305 1.0
16330 1.0
16350 1.0
16426 0.8571428571428571
16427 0.14285714285714285
16451 0.9047619047619048
16452 0.09523809523809523
16456 1.0
16476 1.0
16552 1.0
16577 1.0
16678 1.0
16900 1.0
17026 0.75
17027 0.25
17051 0.5
17052 0.5
17152 1.0
17177 0.8888888888888888
17178 0.1111111111111111
17202 1.0
17278 1.0
17303 1.0
17404 1.0
17626 0.5
17627 0.5
17651 0.6666666666666666
17652 0.3333333333333333
17752 0.5
17753 0.5
17777 0.7777777777777778
17778 0.2222222222222222
17903 0.8780487804878049
17904 0.12195121951219512
18004 1.0
18029 1.0
18377 1.0
18503 0.8181818181818182
18504 0.18181818181818182
18528 0.8666666666666667
18529 0.13333333333333333
18629 1.0
18654 1.0
18780 1.0
18785 1.0
18805 1.0
18810 1.0
18830 1.0
18855 1.0
18951 1.0
18956 1.0
18961 1.0
18981 1.0
18986 1.0
19405 1.0
19430 1.0
19526 1.0
19551 1.0
19556 1.0
19576 1.0
19581 1.0
19677 1.0
19682 1.0
19702 1.0
20151 1.0
20156 1.0
20176 1.0
20277 1.0
20302 1.0
20403 1.0
20428 1.0
20529 1.0
20751 1.0
20776 1.0
20781 1.0
20877 0.8
20878 0.2
20902 1.0
21028 0.9130434782608695
21029 0.08695652173913043
21154 1.0
21376 0.8333333333333334
21377 0.16666666666666666
21502 1.0
21527 1.0
21628 0.5
21629 0.5
21653 1.0
21754 1.0
21779 1.0
21905 1.0
21910 1.0
21930 1.0
21935 1.0
21955 1.0
21960 1.0
22056 1.0
22081 0.9565217391304348
22082 0.043478260869565216
22086 1.0
22106 1.0
22111 1.0
22182 1.0
22530 1.0
22535 1.0
22556 1.0
22651 1.0
22656 1.0
22676 0.5
22677 0.5
22681 1.0
22701 1.0
22706 1.0
22802 1.0
22807 1.0
22827 1.0
22832 1.0
23276 1.0
23281 1.0
23402 1.0
23427 0.875
23428 0.125
23432 1.0
23528 0.8888888888888888
23529 0.1111111111111111
23553 1.0
23901 1.0
24002 1.0
24027 0.5555555555555556
24028 0.4444444444444444
24153 1.0
24279 1.0
24501 0.5
24502 0.5
24627 1.0
24753 1.0
24778 0.7333333333333333
24779 0.26666666666666666
24879 1.0
24904 1.0
25030 1.0
25035 1.0
25060 1.0
25161 1.0
25181 1.0
25186 1.0
25206 0.9333333333333333
25207 0.06666666666666667
25211 1.0
25231 1.0
25307 1.0
25332 1.0
25337 1.0
25681 1.0
25781 1.0
25806 1.0
25831 1.0
25927 1.0
25932 1.0
25957 1.0
26053 1.0
26058 1.0
26280 1.0
26401 1.0
26406 1.0
26527 0.8571428571428571
26528 0.14285714285714285
26532 1.0
26552 0.875
26553 0.125
26557 1.0
26653 1.0
26678 1.0
27026 1.0
27127 1.0
27152 0.75
27153 0.25
27278 0.9655172413793104
27279 0.034482758620689655
27404 1.0
27626 0.75
27627 0.25
27752 1.0
27778 1.0
27878 0.8571428571428571
27879 0.14285714285714285
27903 0.9090909090909091
27904 0.09090909090909091
28004 1.0
28029 1.0
28155 1.0
28160 1.0
28286 1.0
28306 1.0
28311 1.0
28331 0.9166666666666666
28332 0.08333333333333333
28336 0.9285714285714286
28337 0.07142857142857142
28341 1.0
28432 1.0
28437 1.0
28457 1.0
28462 1.0
28780 1.0
28906 1.0
28911 1.0
28931 1.0
28956 1.0
29027 1.0
29052 1.0
29057 1.0
29062 1.0
29082 1.0
29178 1.0
29183 1.0
29526 1.0
29531 1.0
29652 0.5
29653 0.5
29657 1.0
29677 1.0
29682 0.75
29683 0.25
29778 1.0
29803 1.0
29808 1.0
30277 1.0
30403 1.0
30408 1.0
30529 1.0
30751 1.0
30877 1.0
31003 1.0
31028 1.0
31129 1.0
31154 1.0
31280 1.0
31300 1.0
31305 1.0
31310 1.0
31325 1.0
31330 1.0
31350 1.0
31355 1.0
31451 1.0
31476 1.0
31925 1.0
31950 1.0
31975 1.0
32026 1.0
32051 1.0
32076 0.8846153846153846
32077 0.11538461538461539
32101 1.0
32177 1.0
32202 1.0
32525 0.6666666666666666
32526 0.3333333333333333
32651 1.0
32676 1.0
32777 1.0
32802 0.875
32803 0.125
32903 0.9
32904 0.1
32928 1.0
33029 1.0
33251 1.0
33276 1.0
33377 1.0
33402 1.0
33503 1.0
33528 0.7727272727272727
33529 0.22727272727272727
33629 1.0
33654 1.0
34002 1.0
34128 0.9166666666666666
34129 0.08333333333333333
34153 1.0
34254 1.0
34405 1.0
34430 1.0
34435 1.0
34455 1.0
34460 1.0
34475 1.0
34480 1.0
34485 1.0
34576 1.0
34581 1.0
34601 1.0
34606 1.0
35025 1.0
35030 1.0
35050 0.8333333333333334
35051 0.16666666666666666
35151 1.0
35176 1.0
35201 1.0
35206 1.0
35302 1.0
35327 1.0
35428 1.0
35776 1.0
35902 1.0
35927 0.875
35928 0.125
36028 0.75
36029 0.25
36053 1.0
36376 1.0
36401 1.0
36502 1.0
36527 0.5714285714285714
36528 0.42857142857142855
36628 1.0
36653 0.9629629629629629
36654 0.037037037037037035
36754 1.0
36779 1.0
37001 1.0
37127 1.0
37253 1.0
37278 1.0
37379 1.0
37535 1.0
37555 0.75
37556 0.25
37560 1.0
37580 1.0
37585 1.0
37605 1.0
37701 1.0
37706 1.0
37726 1.0
37731 1.0
38151 1.0
38175 1.0
38180 1.0
38276 1.0
38301 1.0
38326 0.8888888888888888
38327 0.1111111111111111
38331 1.0
38351 1.0
38427 1.0
38452 1.0
38901 1.0
38926 1.0
39027 1.0
39052 0.8571428571428571
39053 0.14285714285714285
39153 1.0
39178 1.0
39279 1.0
39501 1.0
39627 1.0
39652 0.6
39653 0.4
39753 1.0
39778 0.92
39779 0.08
39904 1.0
40126 1.0
40252 1.0
40378 0.8
40379 0.2
40403 1.0
40504 1.0
40529 1.0
40655 1.0
40660 1.0
40680 1.0
40685 1.0
40705 1.0
40710 1.0
40735 1.0
40806 1.0
40826 1.0
40831 1.0
40836 1.0
40856 1.0
40952 1.0
41276 1.0
41280 1.0
41401 1.0
41406 1.0
41426 1.0
41431 1.0
41451 0.5
41452 0.5
41456 0.8
41457 0.2
41552 0.9333333333333333
41553 0.06666666666666667
41577 1.0
41905 1.0
42026 1.0
42031 1.0
42051 1.0
42152 0.875
42153 0.125
42177 1.0
42278 1.0
42303 1.0
42626 1.0
42651 1.0
42752 1.0
42777 1.0
42903 0.9722222222222222
42904 0.027777777777777776
43029 1.0
43251 0.75
43252 0.25
43377 1.0
43503 0.8888888888888888
43504 0.1111111111111111
43528 0.9
43529 0.1
43629 1.0
43654 1.0
43780 1.0
43805 1.0
43810 1.0
43835 1.0
43860 1.0
43931 1.0
43956 1.0
43961 1.0
43981 1.0
43986 1.0
44077 1.0
44082 1.0
44405 1.0
44526 1.0
44531 1.0
44551 1.0
44556 1.0
44576 0.5
44577 0.5
44581 1.0
44677 1.0
44682 1.0
44702 1.0
44707 1.0
44803 1.0
45151 1.0
45156 1.0
45277 1.0
45302 0.8125
45303 0.1875
45403 1.0
45428 1.0
45529 1.0
45751 1.0
45776 0.5
45777 0.5
45877 1.0
45902 0.8
45903 0.2
46028 0.95
46029 0.05
46154 1.0
46376 0.8
46377 0.2
46502 1.0
46628 0.9230769230769231
46629 0.07692307692307693
46653 0.8571428571428571
46654 0.14285714285714285
46754 1.0
46779 1.0
46925 1.0
46930 1.0
46950 1.0
46955 1.0
46960 1.0
46975 1.0
46980 1.0
46985 1.0
47076 1.0
47101 1.0
47550 0.5
47551 0.5
47676 1.0
47701 1.0
47726 1.0
47802 1.0
47827 1.0
47928 1.0
48276 1.0
48301 1.0
48402 0.7777777777777778
48403 0.2222222222222222
48427 0.8888888888888888
48428 0.1111111111111111
48528 1.0
48553 1.0
48654 1.0
48876 1.0
48901 1.0
49002 1.0
49027 1.0
49128 0.8571428571428571
49129 0.14285714285714285
49153 0.85
49154 0.15
49254 1.0
49279 1.0
49627 1.0
49753 0.75
49754 0.25
49879 1.0
50050 1.0
50055 1.0
50060 1.0
50075 1.0
50080 1.0
50100 1.0
50105 1.0
50110 1.0
50201 1.0
50226 1.0
50650 1.0
50675 1.0
50801 0.5
50802 0.5
50826 1.0
50851 1.0
50902 1.0
50927 1.0
50952 1.0
51053 1.0
51275 1.0
51401 1.0
51426 1.0
51527 1.0
51552 0.8461538461538461
51553 0.15384615384615385
51653 1.0
51678 1.0
51779 1.0
52001 0.5
52002 0.5
52026 1.0
52127 1.0
52152 0.6666666666666666
52153 0.3333333333333333
52253 1.0
52278 0.8947368421052632
52279 0.10526315789473684
52379 1.0
52404 1.0
52626 1.0
52752 1.0
52878 0.7272727272727273
52879 0.2727272727272727
52904 1.0
53004 1.0
53175 1.0
53180 1.0
53205 1.0
53230 1.0
53235 1.0
53326 1.0
53331 1.0
53351 1.0
53356 1.0
53775 1.0
53800 1.0
53805 1.0
53901 1.0
53926 1.0
53951 1.0
53956 1.0
53976 1.0
54052 1.0
54077 1.0
54400 1.0
54526 1.0
54653 1.0
54677 1.0
54778 1.0
54803 0.8333333333333334
54804 0.16666666666666666
54904 1.0
55126 1.0
55152 1.0
55252 1.0
55277 0.75
55278 0.25
55378 1.0
55403 0.9047619047619048
55404 0.09523809523809523
55504 1.0
55529 1.0
55877 1.0
56003 0.7777777777777778
56004 0.2222222222222222
56028 1.0
56129 1.0
56305 1.0
56330 1.0
56335 1.0
56355 1.0
56360 1.0
56451 1.0
56456 1.0
56476 1.0
56481 1.0
56577 1.0
56900 1.0
56905 1.0
56930 1.0
57026 1.0
57051 1.0
57076 1.0
57081 1.0
57177 0.9166666666666666
57178 0.08333333333333333
57202 1.0
57303 1.0
57525 1.0
57651 1.0
57777 0.7142857142857143
57778 0.2857142857142857
57802 1.0
57903 1.0
57928 1.0
58029 1.0
58251 1.0
58276 1.0
58377 1.0
58402 1.0
58503 0.5
58504 0.5
58528 1.0
58654 1.0
59002 1.0
59128 0.8888888888888888
59129 0.1111111111111111
59153 1.0
59254 1.0
59430 1.0
59435 1.0
59460 1.0
59576 1.0
59581 1.0
59606 1.0
60030 1.0
60055 1.0
60151 1.0
60176 1.0
60181 1.0
60201 0.8
60202 0.2
60206 1.0
60302 0.8823529411764706
60303 0.11764705882352941
60327 1.0
60428 1.0
60776 1.0
60802 1.0
60902 0.8333333333333334
60903 0.16666666666666666
60927 0.875
60928 0.125
61028 0.9090909090909091
61029 0.09090909090909091
61053 1.0
61154 1.0
61502 1.0
61527 1.0
61653 0.8636363636363636
61654 0.13636363636363635
61779 1.0
62001 1.0
62127 1.0
62253 0.9230769230769231
62254 0.07692307692307693
62278 1.0
62379 1.0
62404 1.0
62550 1.0
62555 1.0
62560 1.0
62575 1.0
62600 1.0
62605 1.0
62701 1.0
62726 1.0
63175 1.0
63200 1.0
63225 0.6666666666666666
63226 0.3333333333333333
63301 0.3333333333333333
63302 0.6666666666666666
63326 0.8421052631578947
63327 0.15789473684210525
63351 1.0
63427 1.0
63452 1.0
63553 1.0
63775 1.0
63901 1.0
64027 1.0
64052 0.9333333333333333
64053 0.06666666666666667
64153 0.7647058823529411
64154 0.23529411764705882
64178 1.0
64279 1.0
64627 1.0
64653 1.0
64753 1.0
64778 0.8181818181818182
64779 0.18181818181818182
64879 1.0
64904 1.0
65126 1.0
65252 1.0
65378 1.0
65504 1.0
65675 1.0
65680 1.0
65700 0.6666666666666666
65701 0.3333333333333333
65705 1.0
65725 1.0
65730 1.0
65735 1.0
65826 1.0
65851 1.0
66275 1.0
66300 1.0
66401 1.0
66426 1.0
66451 0.9473684210526315
66452 0.05263157894736842
66476 1.0
66552 1.0
66577 1.0
66678 1.0
66900 0.5
66901 0.5
67026 1.0
67152 0.8333333333333334
67153 0.16666666666666666
67177 1.0
67278 0.85
67279 0.15
67303 1.0
67404 1.0
67651 1.0
67752 1.0
67777 0.5
67778 0.5
67878 1.0
67903 1.0
68004 1.0
68029 1.0
68251 1.0
68377 1.0
68503 1.0
68629 1.0
68800 1.0
68805 1.0
68810 1.0
68825 0.5
68826 0.5
68830 1.0
68835 1.0
68850 1.0
68855 1.0
68951 1.0
68976 1.0
68981 1.0
69425 1.0
69430 1.0
69526 1.0
69551 0.8333333333333334
69552 0.16666666666666666
69576 1.0
69601 1.0
69677 1.0
69702 1.0
70025 1.0
70126 1.0
70151 1.0
70177 1.0
70277 1.0
70302 0.9166666666666666
70303 0.08333333333333333
70403 1.0
70428 1.0
70751 1.0
70777 1.0
70877 1.0
70902 0.8
70903 0.2
71003 1.0
71028 0.9333333333333333
71029 0.06666666666666667
71129 1.0
71154 1.0
71376 1.0
71502 1.0
71628 1.0
71754 1.0
71910 1.0
71930 1.0
71935 1.0
71955 1.0
71960 1.0
71980 1.0
71985 1.0
72051 1.0
72076 0.8888888888888888
72077 0.1111111111111111
72081 1.0
72101 1.0
72106 1.0
72202 1.0
72525 1.0
72530 1.0
72550 1.0
72676 1.0
72701 0.8461538461538461
72702 0.15384615384615385
72802 0.9333333333333333
72803 0.06666666666666667
72827 1.0
72928 1.0
73276 0.875
73277 0.125
73402 0.875
73403 0.125
73427 0.9411764705882353
73428 0.058823529411764705
73528 1.0
73553 1.0
73654 1.0
73876 1.0
73901 1.0
74002 1.0
74027 1.0
74128 1.0
74153 0.9545454545454546
74154 0.045454545454545456
74254 1.0
74279 1.0
74501 1.0
74627 1.0
74753 0.8333333333333334
74754 0.16666666666666666
74879 1.0
74904 1.0
75035 1.0
75055 1.0
75060 1.0
75080 1.0
75085 1.0
75105 1.0
75110 1.0
75176 1.0
75201 1.0
75206 1.0
75226 1.0
75231 1.0
75327 1.0
75650 1.0
75776 1.0
75801 0.7777777777777778
75802 0.2222222222222222
75826 0.9230769230769231
75827 0.07692307692307693
75831 1.0
75927 0.9090909090909091
75928 0.09090909090909091
75952 1.0
76053 1.0
76275 1.0
76401 0.8571428571428571
76402 0.14285714285714285
76527 1.0
76552 0.9
76553 0.1
76653 0.9
76654 0.1
76678 1.0
76779 1.0
77001 0.5
77002 0.5
77026 1.0
77127 1.0
77278 0.9090909090909091
77279 0.09090909090909091
77379 1.0
77404 1.0
77752 1.0
77878 0.8571428571428571
77879 0.14285714285714285
78004 1.0
78029 1.0
