52 1.0
57 1.0
62 1.0
83 1.0
88 1.0
104 1.0
109 1.0
114 1.0
156 1.0
177 1.0
182 1.0
187 1.0
203 1.0
208 1.0
213 1.0
229 1.0
234 1.0
239 1.0
265 1.0
307 1.0
312 1.0
317 1.0
328 1.0
390 1.0
411 1.0
416 1.0
437 1.0
656 1.0
776 1.0
781 1.0
802 1.0
807 1.0
833 1.0
890 1.0
901 1.0
906 1.0
927 1.0
932 1.0
953 1.0
1031 1.0
1036 1.0
1041 1.0
1052 1.0
1057 1.0
1140 1.0
1145 1.0
1161 1.0
1401 1.0
1500 1.0
1525 0.25
1526 0.75
1531 1.0
1651 1.0
1656 1.0
1677 1.0
1765 1.0
1776 1.0
2000 1.0
2005 1.0
2125 1.0
2250 1.0
2255 1.0
2265 1.0
2276 1.0
2281 1.0
2375 1.0
2380 1.0
2385 1.0
2390 1.0
2395 1.0
2400 1.0
2406 1.0
2750 1.0
2760 1.0
2765 1.0
2770 1.0
2875 1.0
2880 1.0
2885 1.0
3000 1.0
3005 1.0
3010 1.0
3015 1.0
3020 1.0
3161 1.0
3187 1.0
3213 1.0
3281 1.0
3286 1.0
3291 1.0
3307 1.0
3312 1.0
3333 1.0
3338 1.0
3359 1.0
3364 1.0
3411 1.0
3416 1.0
3432 1.0
3437 1.0
3452 0.5
3453 0.5
3458 1.0
3520 1.0
3541 1.0
3781 1.0
3880 1.0
3906 1.0
3932 1.0
3958 1.0
4015 1.0
4020 1.0
4026 1.0
4031 1.0
4052 1.0
4057 1.0
4140 1.0
4151 1.0
4156 1.0
4161 1.0
4166 1.0
4177 1.0
4182 1.0
4270 1.0
4526 1.0
4625 1.0
4635 1.0
4651 1.0
4776 1.0
4781 1.0
4786 1.0
4885 1.0
4890 1.0
4895 1.0
4901 1.0
4906 1.0
5130 1.0
5250 1.0
5255 1.0
5375 1.0
5380 1.0
5385 1.0
5400 0.2222222222222222
5401 0.7777777777777778
5406 1.0
5410 1.0
5500 1.0
5505 1.0
5510 1.0
5520 1.0
5526 1.0
5531 1.0
5535 1.0
5875 1.0
5880 1.0
5890 1.0
6000 1.0
6005 1.0
6010 1.0
6125 1.0
6130 1.0
6135 1.0
6140 1.0
6145 1.0
6286 1.0
6390 1.0
6406 1.0
6411 1.0
6416 1.0
6437 1.0
6458 1.0
6463 1.0
6515 1.0
6536 1.0
6557 1.0
6562 1.0
6567 1.0
6583 1.0
6588 1.0
6645 1.0
6661 1.0
6666 1.0
6687 1.0
6692 1.0
6770 1.0
7010 1.0
7031 1.0
7135 1.0
7182 1.0
7260 1.0
7265 1.0
7270 1.0
7276 1.0
7281 1.0
7286 1.0
7291 1.0
7302 1.0
7306 0.6666666666666666
7307 0.3333333333333333
7390 1.0
7395 1.0
7630 1.0
7655 1.0
7750 1.0
7755 1.0
7760 1.0
7765 1.0
7776 1.0
7781 1.0
7786 1.0
7880 1.0
7885 1.0
7890 1.0
7895 1.0
7901 1.0
7906 1.0
7910 0.25
7911 0.75
8010 1.0
8015 1.0
8031 1.0
8250 1.0
8255 1.0
8375 1.0
8380 1.0
8385 1.0
8390 1.0
8500 1.0
8505 1.0
8510 1.0
8525 0.42857142857142855
8526 0.5714285714285714
8531 1.0
8625 1.0
8630 1.0
8635 1.0
8640 1.0
8645 1.0
8650 0.14285714285714285
8651 0.8571428571428571
8880 1.0
9000 1.0
9005 1.0
9010 1.0
9125 1.0
9135 1.0
9250 1.0
9255 1.0
9260 1.0
9265 1.0
9270 1.0
9411 1.0
9510 1.0
9536 1.0
9541 1.0
9562 1.0
9588 1.0
9661 1.0
9682 1.0
9687 1.0
9692 1.0
9713 1.0
9770 1.0
9786 1.0
9791 1.0
9796 1.0
9895 1.0
9916 1.0
10130 1.0
10161 1.0
10260 1.0
10265 1.0
10270 1.0
10281 1.0
10286 1.0
10307 1.0
10312 1.0
10390 1.0
10406 1.0
10411 1.0
10432 1.0
10515 1.0
10520 1.0
10535 0.3333333333333333
10536 0.6666666666666666
10541 1.0
10755 1.0
10760 1.0
10880 1.0
10890 1.0
10906 1.0
11026 1.0
11031 1.0
11036 1.0
11135 1.0
11140 1.0
11145 1.0
11151 1.0
11155 0.3333333333333333
11156 0.6666666666666666
11505 1.0
11515 1.0
11625 1.0
11630 1.0
11635 1.0
11651 1.0
11656 1.0
11750 1.0
11755 1.0
11760 1.0
11770 1.0
11775 0.75
11776 0.25
11781 1.0
12005 1.0
12125 1.0
12135 1.0
12250 1.0
12255 1.0
12260 1.0
12375 1.0
12380 1.0
12385 1.0
12390 1.0
12395 1.0
12640 1.0
12645 1.0
12661 1.0
12666 1.0
12687 1.0
12692 1.0
12713 1.0
12765 1.0
12770 1.0
12781 1.0
12786 1.0
12791 1.0
12807 1.0
12812 1.0
12817 1.0
12838 1.0
12890 1.0
12906 1.0
12916 1.0
12937 1.0
13020 1.0
13260 1.0
13265 1.0
13385 1.0
13390 1.0
13406 1.0
13411 1.0
13432 1.0
13515 1.0
13520 1.0
13531 1.0
13536 1.0
13541 1.0
13557 1.0
13640 1.0
13645 1.0
13661 1.0
13666 1.0
13880 1.0
13890 1.0
14000 1.0
14005 1.0
14015 1.0
14031 1.0
14135 1.0
14140 1.0
14151 1.0
14156 1.0
14161 1.0
14255 1.0
14260 1.0
14265 1.0
14270 1.0
14276 1.0
14281 1.0
14286 1.0
14510 1.0
14625 1.0
14630 1.0
14640 1.0
14656 1.0
14750 1.0
14755 1.0
14760 1.0
14765 1.0
14775 0.5
14776 0.5
14781 1.0
14875 1.0
14880 1.0
14885 1.0
14890 1.0
14895 1.0
14901 1.0
14906 1.0
15255 1.0
15260 1.0
15375 1.0
15380 1.0
15500 1.0
15505 1.0
15510 1.0
15515 1.0
15656 1.0
15677 1.0
15682 1.0
15687 1.0
15703 1.0
15708 1.0
15729 1.0
15734 1.0
15739 1.0
15828 1.0
15833 1.0
15854 1.0
15953 1.0
16276 1.0
16302 1.0
16401 1.0
16426 0.3333333333333333
16427 0.6666666666666666
16453 1.0
16526 1.0
16551 0.14285714285714285
16552 0.8571428571428571
16578 1.0
16651 1.0
16677 1.0
16776 1.0
17000 1.0
17026 1.0
17125 1.0
17151 1.0
17250 1.0
17276 1.0
17375 1.0
17400 0.5
17401 0.5
17750 1.0
17875 1.0
17900 1.0
18000 1.0
18375 1.0
18500 1.0
18625 1.0
18781 1.0
18786 1.0
18801 1.0
18807 1.0
18812 1.0
18828 1.0
18833 1.0
18854 1.0
18859 1.0
18901 1.0
18932 1.0
18953 1.0
18958 1.0
18984 1.0
19078 1.0
19083 1.0
19406 1.0
19526 1.0
19552 1.0
19578 1.0
19651 1.0
19677 1.0
19703 1.0
19776 1.0
19802 1.0
20125 1.0
20150 0.3333333333333333
20151 0.6666666666666666
20250 1.0
20276 1.0
20401 1.0
20500 1.0
20525 0.125
20526 0.875
20750 1.0
20875 1.0
21000 1.0
21125 1.0
21150 1.0
21375 1.0
21500 1.0
21625 1.0
21750 1.0
21911 1.0
21932 1.0
21937 1.0
21958 1.0
21963 1.0
22031 1.0
22052 1.0
22057 1.0
22078 1.0
22083 1.0
22088 1.0
22109 1.0
22114 1.0
22177 1.0
22182 1.0
22208 1.0
22651 1.0
22656 1.0
22776 1.0
22801 0.1875
22802 0.8125
22807 1.0
22827 1.0
22901 1.0
22927 1.0
23250 1.0
23276 1.0
23375 1.0
23400 0.2
23401 0.8
23500 1.0
23525 0.037037037037037035
23526 0.9629629629629629
23625 1.0
23650 0.2222222222222222
23651 0.7777777777777778
23875 1.0
24000 1.0
24125 1.0
24150 0.2
24151 0.8
24250 1.0
24276 1.0
24500 1.0
24625 1.0
24750 1.0
24875 1.0
25031 1.0
25036 1.0
25062 1.0
25161 1.0
25182 1.0
25187 1.0
25208 1.0
25213 1.0
25302 1.0
25307 1.0
25333 1.0
25776 1.0
25781 1.0
25807 1.0
25901 1.0
25926 0.18181818181818182
25927 0.8181818181818182
25932 1.0
26026 1.0
26052 1.0
26057 1.0
26151 1.0
26375 1.0
26400 0.3333333333333333
26401 0.6666666666666666
26526 1.0
26625 1.0
26651 1.0
26750 1.0
26776 1.0
27000 1.0
27125 1.0
27250 1.0
27276 1.0
27375 1.0
27625 1.0
27750 1.0
27875 1.0
28000 1.0
28156 1.0
28161 1.0
28281 1.0
28286 1.0
28307 1.0
28312 1.0
28333 1.0
28338 1.0
28343 1.0
28432 1.0
28457 0.16666666666666666
28458 0.8333333333333334
28463 1.0
28901 1.0
28906 1.0
28932 1.0
29026 1.0
29031 1.0
29052 1.0
29057 1.0
29083 1.0
29151 1.0
29177 1.0
29182 1.0
29500 1.0
29526 1.0
29625 1.0
29651 1.0
29776 1.0
29875 1.0
29900 0.1
29901 0.9
30250 1.0
30375 1.0
30401 1.0
30500 1.0
30525 0.25
30526 0.75
30875 1.0
31000 1.0
31125 1.0
31276 1.0
31302 1.0
31307 1.0
31312 1.0
31328 1.0
31333 1.0
31354 1.0
31359 1.0
31427 1.0
31453 1.0
31479 1.0
31901 1.0
31927 1.0
32026 1.0
32052 1.0
32077 0.16666666666666666
32078 0.8333333333333334
32151 1.0
32176 0.05555555555555555
32177 0.9444444444444444
32202 0.6666666666666666
32203 0.3333333333333333
32276 1.0
32302 1.0
32625 1.0
32651 1.0
32750 1.0
32776 1.0
32875 1.0
32900 0.06666666666666667
32901 0.9333333333333333
33000 1.0
33026 1.0
33375 1.0
33500 1.0
33625 1.0
34000 1.0
34125 1.0
34250 1.0
34401 1.0
34406 1.0
34432 1.0
34458 1.0
34484 1.0
34489 1.0
34578 1.0
34603 0.14285714285714285
34604 0.8571428571428571
34703 1.0
35026 1.0
35151 1.0
35177 1.0
35203 1.0
35276 1.0
35301 0.09523809523809523
35302 0.9047619047619048
35327 0.2857142857142857
35328 0.7142857142857143
35401 1.0
35426 0.3333333333333333
35427 0.6666666666666666
35750 1.0
35776 1.0
35875 1.0
35901 1.0
36000 1.0
36026 1.0
36125 1.0
36150 0.14285714285714285
36151 0.8571428571428571
36500 1.0
36625 1.0
36750 1.0
37125 1.0
37250 1.0
37375 1.0
37531 1.0
37536 1.0
37557 1.0
37562 1.0
37583 1.0
37587 1.0
37609 1.0
37651 1.0
37677 1.0
37703 1.0
37708 1.0
37734 1.0
37802 1.0
37828 1.0
38151 1.0
38276 1.0
38302 1.0
38328 1.0
38401 1.0
38426 0.08333333333333333
38427 0.9166666666666666
38453 1.0
38526 1.0
38551 0.25
38552 0.75
38901 1.0
39000 1.0
39026 1.0
39125 1.0
39151 1.0
39250 1.0
39275 0.1
39276 0.9
39500 1.0
39625 1.0
39750 1.0
39875 1.0
40250 1.0
40375 1.0
40500 1.0
40656 1.0
40661 1.0
40681 0.2
40682 0.8
40687 1.0
40708 1.0
40713 1.0
40739 1.0
40802 1.0
40807 1.0
40828 1.0
40833 1.0
40859 1.0
40864 1.0
40953 1.0
41401 1.0
41427 1.0
41526 1.0
41552 1.0
41577 0.5
41578 0.5
41651 1.0
41676 0.125
41677 0.875
42000 1.0
42025 0.25
42026 0.75
42125 1.0
42150 0.3333333333333333
42151 0.6666666666666666
42250 1.0
42275 0.09090909090909091
42276 0.9090909090909091
42375 1.0
42400 0.14285714285714285
42401 0.8571428571428571
42625 1.0
42750 1.0
42875 1.0
42900 1.0
43000 1.0
43375 1.0
43500 1.0
43625 1.0
43807 1.0
43812 1.0
43833 1.0
43864 1.0
43906 1.0
43927 1.0
43932 1.0
43958 1.0
43963 1.0
43984 1.0
43989 1.0
44052 1.0
44077 1.0
44082 0.25
44083 0.75
44406 1.0
44526 1.0
44552 1.0
44557 1.0
44651 1.0
44676 0.14285714285714285
44677 0.8571428571428571
44682 1.0
44703 1.0
44776 1.0
44802 1.0
44901 1.0
45151 1.0
45250 1.0
45276 1.0
45375 1.0
45400 0.037037037037037035
45401 0.9629629629629629
45500 1.0
45525 0.14285714285714285
45526 0.8571428571428571
45875 1.0
46000 1.0
46125 1.0
46150 1.0
46500 1.0
46625 1.0
46750 1.0
46927 1.0
46932 1.0
46953 1.0
46963 1.0
46979 1.0
46984 1.0
46989 1.0
47078 1.0
47104 1.0
47203 1.0
47552 1.0
47651 1.0
47677 1.0
47703 1.0
47776 1.0
47802 1.0
47827 0.3333333333333333
47828 0.6666666666666666
47901 1.0
47927 1.0
48026 1.0
48250 1.0
48375 1.0
48401 1.0
48500 1.0
48525 0.09090909090909091
48526 0.9090909090909091
48625 1.0
48651 1.0
49000 1.0
49125 1.0
49250 1.0
49625 1.0
49750 1.0
49875 1.0
50052 1.0
50057 1.0
50062 1.0
50078 1.0
50083 1.0
50104 1.0
50109 1.0
50114 1.0
50203 1.0
50229 1.0
50328 1.0
50651 1.0
50776 1.0
50802 1.0
50900 0.2
50901 0.8
50927 1.0
50952 0.3333333333333333
50953 0.6666666666666666
51026 1.0
51051 0.5
51052 0.5
51151 1.0
51400 1.0
51500 1.0
51526 1.0
51625 1.0
51651 1.0
51750 1.0
51775 0.2
51776 0.8
52125 1.0
52250 1.0
52375 1.0
52625 1.0
52750 1.0
52875 1.0
53000 1.0
53182 1.0
53208 1.0
53234 1.0
53239 1.0
53276 1.0
53302 1.0
53328 1.0
53354 1.0
53359 1.0
53453 1.0
53776 1.0
53802 1.0
53901 1.0
53927 1.0
53953 1.0
54026 1.0
54052 1.0
54077 0.25
54078 0.75
54151 1.0
54177 1.0
54500 1.0
54526 1.0
54625 1.0
54651 1.0
54775 0.05263157894736842
54776 0.9473684210526315
54875 1.0
54901 1.0
55250 1.0
55375 1.0
55500 1.0
55875 1.0
56000 1.0
56125 1.0
56307 1.0
56333 1.0
56338 1.0
56359 1.0
56364 1.0
56427 1.0
56432 1.0
56453 1.0
56458 1.0
56479 1.0
56484 1.0
56552 1.0
56577 0.16666666666666666
56578 0.8333333333333334
56901 1.0
56906 1.0
57026 1.0
57052 1.0
57078 1.0
57151 1.0
57176 0.043478260869565216
57177 0.9565217391304348
57202 0.25
57203 0.75
57276 1.0
57302 1.0
57625 1.0
57651 1.0
57750 1.0
57776 1.0
57875 1.0
57901 1.0
58000 1.0
58025 0.25
58026 0.75
58250 1.0
58375 1.0
58500 1.0
58625 1.0
59000 1.0
59125 1.0
59250 1.0
59432 1.0
59463 1.0
59552 1.0
59557 1.0
59578 1.0
59583 1.0
59609 1.0
59677 1.0
59703 1.0
60026 1.0
60031 1.0
60151 1.0
60177 1.0
60276 1.0
60301 0.10526315789473684
60302 0.8947368421052632
60327 1.0
60401 1.0
60426 0.2
60427 0.8
60526 1.0
60750 1.0
60875 1.0
60901 1.0
61000 1.0
61026 1.0
61125 1.0
61151 1.0
61500 1.0
61625 1.0
61750 1.0
62125 1.0
62250 1.0
62375 1.0
62552 1.0
62557 1.0
62578 1.0
62604 1.0
62609 1.0
62703 1.0
62728 0.2
62729 0.8
62828 1.0
63177 1.0
63276 1.0
63302 1.0
63328 1.0
63401 1.0
63427 1.0
63453 1.0
63526 1.0
63551 0.3333333333333333
63552 0.6666666666666666
63651 1.0
63900 0.25
63901 0.75
64000 1.0
64125 1.0
64150 0.08333333333333333
64151 0.9166666666666666
64250 1.0
64275 0.125
64276 0.875
64625 1.0
64750 1.0
64875 1.0
65250 1.0
65375 1.0
65500 1.0
65677 1.0
65682 1.0
65703 1.0
65729 1.0
65734 1.0
65802 1.0
65827 0.1
65828 0.9
65853 0.4
65854 0.6
66276 1.0
66401 1.0
66426 0.3333333333333333
66427 0.6666666666666666
66453 1.0
66526 1.0
66551 0.07692307692307693
66552 0.9230769230769231
66578 1.0
66651 1.0
66676 0.16666666666666666
66677 0.8333333333333334
66776 1.0
67000 1.0
67026 1.0
67125 1.0
67151 1.0
67250 1.0
67276 1.0
67375 1.0
67400 0.2
67401 0.8
67750 1.0
67875 1.0
68000 1.0
68375 1.0
68500 1.0
68625 1.0
68802 1.0
68806 0.2
68807 0.8
68812 1.0
68828 1.0
68833 1.0
68838 1.0
68854 1.0
68859 1.0
68953 1.0
68978 0.2
68979 0.8
68984 1.0
69078 1.0
69427 1.0
69526 1.0
69552 1.0
69578 1.0
69650 0.2
69651 0.8
69676 0.05
69677 0.95
69703 1.0
69776 1.0
69802 1.0
70125 1.0
70151 1.0
70250 1.0
70275 0.6666666666666666
70276 0.3333333333333333
70375 1.0
70400 0.07142857142857142
70401 0.9285714285714286
70500 1.0
70525 0.16666666666666666
70526 0.8333333333333334
70875 1.0
71000 1.0
71125 1.0
71375 1.0
71500 1.0
71625 1.0
71750 1.0
71906 1.0
71911 1.0
71927 1.0
71932 1.0
71937 1.0
71958 1.0
71963 1.0
71984 1.0
71989 1.0
72052 1.0
72078 1.0
72104 1.0
72109 1.0
72203 1.0
72526 1.0
72651 1.0
72677 1.0
72776 1.0
72802 1.0
72828 1.0
72901 1.0
72926 0.5
72927 0.5
73026 1.0
73275 0.5
73276 0.5
73375 1.0
73400 0.5
73401 0.5
73500 1.0
73525 0.09523809523809523
73526 0.9047619047619048
73625 1.0
73650 0.2
73651 0.8
74000 1.0
74125 1.0
74250 1.0
74625 1.0
74750 1.0
74875 1.0
75031 1.0
75036 1.0
75052 1.0
75057 1.0
75083 1.0
75088 1.0
75109 1.0
75177 1.0
75203 1.0
75208 1.0
75229 1.0
75234 1.0
75302 1.0
75328 1.0
75776 1.0
75802 1.0
75901 1.0
75926 0.0625
75927 0.9375
75953 1.0
76026 1.0
76051 0.2
76052 0.8
76151 1.0
76375 1.0
76500 1.0
76526 1.0
76625 1.0
76651 1.0
76750 1.0
76775 0.3333333333333333
76776 0.6666666666666666
77000 1.0
77125 1.0
77250 1.0
77375 1.0
77750 1.0
77875 1.0
78000 1.0
