55 1.0
60 1.0
80 1.0
85 1.0
105 1.0
110 1.0
186 1.0
206 1.0
211 1.0
231 1.0
236 1.0
267 1.0
292 1.0
312 1.0
398 1.0
418 1.0
660 1.0
680 1.0
781 1.0
786 1.0
806 1.0
826 1.0
831 1.0
836 1.0
912 1.0
917 1.0
932 1.0
937 1.0
952 1.0
957 1.0
1038 1.0
1043 1.0
1063 1.0
1149 1.0
1169 1.0
1280 1.0
1406 1.0
1411 1.0
1431 1.0
1457 1.0
1537 1.0
1557 1.0
1562 1.0
1577 1.0
1582 1.0
1663 1.0
1683 1.0
1688 1.0
1769 1.0
1774 1.0
2011 1.0
2031 1.0
2157 1.0
2162 1.0
2177 1.0
2182 1.0
2268 1.0
2288 1.0
2293 1.0
2303 1.0
2308 1.0
2399 1.0
2414 1.0
2419 1.0
2656 0.6666666666666666
2657 0.3333333333333333
2767 1.0
2772 1.0
2777 0.8
2778 0.2
2782 0.25
2783 0.75
2888 1.0
2893 1.0
2903 1.0
2908 1.0
2913 1.0
2928 1.0
2933 1.0
3019 1.0
3024 1.0
3039 1.0
3044 1.0
3160 1.0
3165 1.0
3185 1.0
3210 1.0
3286 1.0
3291 1.0
3306 1.0
3311 1.0
3331 1.0
3336 1.0
3356 1.0
3361 1.0
3417 1.0
3437 1.0
3442 1.0
3457 1.0
3523 1.0
3543 1.0
3785 1.0
3810 1.0
3911 1.0
3931 1.0
3936 1.0
3956 1.0
3961 1.0
4022 1.0
4057 1.0
4062 1.0
4082 1.0
4087 1.0
4148 1.0
4162 0.5
4163 0.5
4168 1.0
4274 1.0
4531 1.0
4541 1.0
4556 1.0
4682 1.0
4687 1.0
4788 0.6666666666666666
4789 0.3333333333333333
4793 1.0
4808 1.0
4894 1.0
4899 1.0
5156 1.0
5161 1.0
5282 1.0
5287 1.0
5302 1.0
5307 0.8181818181818182
5308 0.18181818181818182
5393 1.0
5408 1.0
5413 1.0
5418 1.0
5428 1.0
5433 1.0
5438 1.0
5519 1.0
5524 1.0
5544 1.0
5756 1.0
5761 1.0
5781 1.0
5786 1.0
5887 1.0
5897 1.0
5902 1.0
5907 1.0
5912 1.0
5933 1.0
6013 1.0
6018 1.0
6028 1.0
6033 1.0
6038 1.0
6053 1.0
6058 1.0
6144 1.0
6149 1.0
6164 1.0
6169 1.0
6285 1.0
6396 1.0
6411 1.0
6416 1.0
6421 1.0
6431 1.0
6436 1.0
6461 1.0
6517 1.0
6537 1.0
6562 1.0
6567 1.0
6582 1.0
6587 1.0
6592 1.0
6648 1.0
6663 1.0
6668 1.0
6693 1.0
6774 1.0
7016 1.0
7031 1.0
7036 1.0
7056 1.0
7061 1.0
7142 1.0
7167 1.0
7182 1.0
7187 1.0
7207 1.0
7212 1.0
7268 1.0
7273 1.0
7288 1.0
7293 1.0
7298 1.0
7313 1.0
7394 1.0
7399 1.0
7656 1.0
7661 1.0
7767 1.0
7772 1.0
7782 1.0
7787 1.0
7792 1.0
7807 1.0
7812 0.5
7813 0.5
7893 1.0
7898 1.0
7913 1.0
7918 1.0
7938 1.0
8019 1.0
8044 1.0
8267 1.0
8281 1.0
8286 1.0
8392 1.0
8407 0.6666666666666666
8408 0.3333333333333333
8412 1.0
8417 1.0
8432 0.8
8433 0.2
8437 1.0
8518 1.0
8533 1.0
8538 1.0
8543 1.0
8558 1.0
8644 1.0
8649 1.0
8669 1.0
8886 1.0
8891 1.0
8906 1.0
9012 1.0
9017 1.0
9032 0.8571428571428571
9033 0.14285714285714285
9037 1.0
9143 1.0
9153 1.0
9158 1.0
9163 1.0
9168 1.0
9269 1.0
9274 1.0
9284 1.0
9289 1.0
9415 1.0
9516 1.0
9541 1.0
9561 1.0
9566 1.0
9586 1.0
9667 1.0
9687 1.0
9692 1.0
9712 1.0
9773 1.0
9788 1.0
9793 1.0
9798 1.0
9899 1.0
9919 1.0
10161 1.0
10166 1.0
10186 0.5
10187 0.5
10211 1.0
10267 1.0
10272 1.0
10287 1.0
10307 1.0
10312 1.0
10317 1.0
10337 1.0
10393 1.0
10398 1.0
10413 1.0
10418 1.0
10433 1.0
10438 1.0
10519 1.0
10524 1.0
10544 1.0
10761 1.0
10766 1.0
10786 1.0
10791 1.0
10892 1.0
10907 1.0
10912 1.0
10932 1.0
10937 1.0
11038 1.0
11043 1.0
11058 1.0
11063 1.0
11144 1.0
11149 1.0
11174 1.0
11411 1.0
11512 1.0
11522 1.0
11532 1.0
11537 1.0
11557 1.0
11643 1.0
11658 1.0
11663 1.0
11668 1.0
11683 1.0
11764 1.0
11774 1.0
12006 1.0
12011 1.0
12031 0.6666666666666666
12032 0.3333333333333333
12142 1.0
12157 0.5
12158 0.5
12268 0.6666666666666666
12269 0.3333333333333333
12283 1.0
12288 1.0
12308 1.0
12394 1.0
12399 1.0
12409 1.0
12414 1.0
12646 1.0
12661 1.0
12666 1.0
12686 1.0
12691 1.0
12711 1.0
12772 1.0
12792 1.0
12812 1.0
12817 1.0
12837 1.0
12842 1.0
12893 1.0
12918 1.0
12938 1.0
12943 1.0
13024 1.0
13266 1.0
13286 1.0
13291 1.0
13311 1.0
13392 1.0
13397 1.0
13412 1.0
13432 1.0
13437 1.0
13518 1.0
13523 1.0
13538 1.0
13543 1.0
13558 1.0
13649 1.0
13669 1.0
13674 1.0
13886 1.0
13891 1.0
13906 1.0
13911 1.0
14017 1.0
14032 1.0
14037 1.0
14057 1.0
14062 1.0
14143 1.0
14148 1.0
14163 1.0
14168 1.0
14183 1.0
14188 1.0
14269 1.0
14274 1.0
14289 1.0
14294 1.0
14516 1.0
14637 1.0
14642 1.0
14657 1.0
14662 1.0
14768 1.0
14773 1.0
14783 1.0
14788 1.0
14793 1.0
14808 1.0
14894 1.0
14899 1.0
14914 1.0
14919 1.0
15136 1.0
15262 1.0
15267 1.0
15282 1.0
15388 1.0
15393 0.5
15394 0.5
15408 0.9375
15409 0.0625
15413 1.0
15418 1.0
15519 1.0
15524 1.0
15539 1.0
15544 1.0
15680 1.0
15685 1.0
15705 1.0
15710 1.0
15725 1.0
15730 0.9666666666666667
15731 0.03333333333333333
15735 1.0
15826 1.0
15831 1.0
15851 1.0
15856 1.0
16280 1.0
16300 1.0
16305 1.0
16325 1.0
16330 1.0
16355 1.0
16426 1.0
16451 0.9
16452 0.1
16456 1.0
16476 1.0
16481 1.0
16577 1.0
16905 1.0
16930 1.0
17026 1.0
17051 1.0
17056 1.0
17076 0.9375
17077 0.0625
17081 0.5
17082 0.5
17177 0.875
17178 0.125
17202 1.0
17651 1.0
17656 1.0
17676 0.6666666666666666
17677 0.3333333333333333
17777 1.0
17802 0.9772727272727273
17803 0.022727272727272728
17807 1.0
17903 1.0
17928 1.0
18276 1.0
18402 0.7857142857142857
18403 0.21428571428571427
18427 0.8
18428 0.2
18528 0.9090909090909091
18529 0.09090909090909091
18553 1.0
18785 1.0
18805 1.0
18810 1.0
18830 1.0
18835 1.0
18855 1.0
18956 1.0
18961 1.0
18976 1.0
18981 1.0
18986 1.0
19405 1.0
19410 1.0
19430 1.0
19556 1.0
19576 0.8333333333333334
19577 0.16666666666666666
19581 0.96
19582 0.04
19601 1.0
19606 1.0
19707 1.0
20030 1.0
20156 1.0
20176 0.5
20177 0.5
20181 1.0
20201 1.0
20206 1.0
20302 0.8571428571428571
20303 0.14285714285714285
20307 1.0
20327 1.0
20332 1.0
20655 1.0
20776 1.0
20781 1.0
20806 1.0
20902 1.0
20927 0.8636363636363636
20928 0.13636363636363635
20932 1.0
21053 1.0
21401 1.0
21406 1.0
21527 0.75
21528 0.25
21532 1.0
21552 0.9230769230769231
21553 0.07692307692307693
21653 1.0
21678 1.0
21779 1.0
21910 1.0
21930 1.0
21935 1.0
21955 1.0
21960 1.0
21985 1.0
22081 1.0
22086 1.0
22106 1.0
22111 1.0
22555 1.0
22560 1.0
22656 1.0
22681 1.0
22686 1.0
22701 1.0
22706 1.0
22807 1.0
22832 1.0
23155 1.0
23281 1.0
23306 1.0
23327 1.0
23331 1.0
23427 0.9090909090909091
23428 0.09090909090909091
23432 0.9411764705882353
23433 0.058823529411764705
23452 1.0
23457 1.0
23901 1.0
23906 1.0
24027 1.0
24052 0.9375
24053 0.0625
24057 0.95
24058 0.05
24153 1.0
24178 1.0
24526 1.0
24531 1.0
24652 0.6666666666666666
24653 0.3333333333333333
24657 1.0
24677 0.3333333333333333
24678 0.6666666666666666
24682 1.0
24778 1.0
24783 1.0
24803 1.0
24904 1.0
25035 1.0
25040 1.0
25060 1.0
25181 1.0
25186 1.0
25206 1.0
25211 1.0
25231 1.0
25236 1.0
25332 1.0
25655 1.0
25680 1.0
25685 1.0
25781 1.0
25806 1.0
25811 1.0
25831 1.0
25932 1.0
25957 1.0
25962 1.0
26285 1.0
26406 1.0
26431 0.75
26432 0.25
26457 1.0
26552 1.0
26557 0.9523809523809523
26558 0.047619047619047616
26582 1.0
26678 1.0
27031 1.0
27056 1.0
27152 1.0
27157 1.0
27177 1.0
27182 0.9230769230769231
27183 0.07692307692307693
27278 1.0
27303 1.0
27651 1.0
27656 1.0
27777 0.8571428571428571
27778 0.14285714285714285
27782 1.0
27802 0.75
27803 0.25
27807 1.0
27903 0.9411764705882353
27904 0.058823529411764705
27908 1.0
27928 1.0
27933 1.0
28160 1.0
28286 1.0
28306 1.0
28311 1.0
28331 1.0
28336 1.0
28341 1.0
28361 1.0
28437 1.0
28457 1.0
28462 1.0
28780 1.0
28785 1.0
28810 1.0
28906 1.0
28911 1.0
28931 1.0
28936 1.0
28956 0.8888888888888888
28957 0.1111111111111111
28961 0.75
28962 0.25
29057 1.0
29062 1.0
29082 1.0
29087 1.0
29183 1.0
29531 1.0
29677 0.75
29678 0.25
29682 0.9615384615384616
29683 0.038461538461538464
29707 1.0
29808 1.0
30156 1.0
30277 1.0
30282 1.0
30302 0.6
30303 0.4
30307 1.0
30403 1.0
30408 1.0
30428 1.0
30433 1.0
30776 1.0
30781 1.0
30902 0.5
30903 0.5
30907 1.0
30928 1.0
31028 0.9333333333333333
31029 0.06666666666666667
31033 1.0
31058 1.0
31154 1.0
31280 1.0
31305 1.0
31310 1.0
31325 1.0
31330 1.0
31350 1.0
31355 1.0
31925 1.0
31930 1.0
31950 0.875
31951 0.125
31955 1.0
31975 0.6666666666666666
31976 0.3333333333333333
31980 1.0
32051 1.0
32076 1.0
32101 1.0
32525 1.0
32530 1.0
32550 1.0
32555 1.0
32676 1.0
32701 0.9166666666666666
32702 0.08333333333333333
32802 1.0
32827 1.0
33276 1.0
33301 0.75
33302 0.25
33402 1.0
33427 0.9310344827586207
33428 0.06896551724137931
33528 1.0
33553 1.0
33901 1.0
33927 1.0
34027 0.9
34028 0.1
34052 0.8333333333333334
34053 0.16666666666666666
34153 0.9130434782608695
34154 0.08695652173913043
34178 1.0
34279 1.0
34430 1.0
34435 1.0
34455 0.8571428571428571
34456 0.14285714285714285
34460 1.0
34475 1.0
34480 0.9375
34481 0.0625
34485 1.0
34581 1.0
34601 1.0
34606 1.0
35030 1.0
35050 1.0
35055 1.0
35076 1.0
35081 1.0
35105 0.3333333333333333
35106 0.6666666666666666
35181 1.0
35201 0.92
35202 0.08
35206 1.0
35226 1.0
35231 1.0
35327 1.0
35650 1.0
35655 0.5
35656 0.5
35680 1.0
35776 1.0
35801 1.0
35826 0.9230769230769231
35827 0.07692307692307693
35831 1.0
35927 1.0
35952 1.0
36401 1.0
36426 0.5
36427 0.5
36528 1.0
36552 0.9333333333333333
36553 0.06666666666666667
36653 1.0
36678 1.0
37026 1.0
37152 0.6666666666666666
37153 0.3333333333333333
37177 1.0
37278 0.9333333333333333
37279 0.06666666666666667
37303 1.0
37535 1.0
37555 1.0
37560 1.0
37580 1.0
37585 1.0
37605 1.0
37706 1.0
37731 1.0
38155 1.0
38180 1.0
38205 1.0
38301 1.0
38306 1.0
38326 1.0
38331 1.0
38356 1.0
38452 1.0
38780 1.0
38901 1.0
38906 1.0
38926 0.8888888888888888
38927 0.1111111111111111
38951 1.0
38956 1.0
39052 0.9473684210526315
39053 0.05263157894736842
39077 1.0
39526 0.75
39527 0.25
39552 1.0
39652 1.0
39677 1.0
39803 1.0
40151 1.0
40156 1.0
40277 0.625
40278 0.375
40302 0.8
40303 0.2
40403 0.9411764705882353
40404 0.058823529411764705
40428 1.0
40529 1.0
40660 1.0
40680 1.0
40685 1.0
40705 1.0
40710 1.0
40731 1.0
40735 1.0
40806 1.0
40831 1.0
40836 1.0
40856 1.0
40861 1.0
41280 1.0
41305 1.0
41426 1.0
41431 1.0
41456 1.0
41481 1.0
41552 1.0
41577 1.0
41582 1.0
41905 1.0
42026 1.0
42031 1.0
42051 0.75
42052 0.25
42056 0.8
42057 0.2
42077 1.0
42081 1.0
42177 0.9375
42178 0.0625
42182 1.0
42202 1.0
42207 1.0
42651 1.0
42676 0.6
42677 0.4
42777 1.0
42802 0.9117647058823529
42803 0.08823529411764706
42807 1.0
42928 1.0
43276 1.0
43281 1.0
43402 0.8421052631578947
43403 0.15789473684210525
43427 0.7777777777777778
43428 0.2222222222222222
43528 0.9166666666666666
43529 0.08333333333333333
43553 1.0
43654 1.0
43805 1.0
43810 1.0
43835 1.0
43860 1.0
43956 1.0
43961 1.0
43981 1.0
43986 1.0
44410 1.0
44430 0.6666666666666666
44431 0.3333333333333333
44531 1.0
44556 1.0
44581 1.0
44606 1.0
44682 1.0
44707 1.0
45156 1.0
45181 0.5
45182 0.5
45206 1.0
45302 1.0
45307 1.0
45327 1.0
45332 1.0
45428 1.0
45776 1.0
45781 1.0
45802 1.0
45902 1.0
45927 0.8888888888888888
45928 0.1111111111111111
45932 1.0
46053 1.0
46401 1.0
46406 1.0
46527 0.7647058823529411
46528 0.23529411764705882
46552 0.6666666666666666
46553 0.3333333333333333
46653 0.8823529411764706
46654 0.11764705882352941
46678 1.0
46779 1.0
46930 1.0
46955 1.0
46960 1.0
46975 1.0
46980 1.0
46985 1.0
47101 1.0
47550 1.0
47555 1.0
47575 1.0
47600 0.8181818181818182
47601 0.18181818181818182
47701 0.9166666666666666
47702 0.08333333333333333
47726 1.0
47827 1.0
48150 1.0
48276 1.0
48301 0.875
48302 0.125
48326 0.8947368421052632
48327 0.10526315789473684
48427 0.8461538461538461
48428 0.15384615384615385
48452 1.0
48775 0.6666666666666666
48776 0.3333333333333333
48901 1.0
48926 1.0
48951 0.5
48952 0.5
49027 1.0
49052 0.9655172413793104
49053 0.034482758620689655
49077 1.0
49153 1.0
49178 1.0
49526 1.0
49652 0.7
49653 0.3
49677 0.6666666666666666
49678 0.3333333333333333
49778 0.9090909090909091
49779 0.09090909090909091
49803 1.0
49904 1.0
50055 1.0
50060 1.0
50080 1.0
50100 0.8
50101 0.2
50105 1.0
50110 1.0
50201 1.0
50226 1.0
50675 1.0
50680 1.0
50700 1.0
50705 1.0
50725 1.0
50801 1.0
50826 1.0
50851 0.875
50852 0.125
50952 1.0
51280 1.0
51300 0.5
51301 0.5
51401 1.0
51426 1.0
51451 0.7272727272727273
51452 0.2727272727272727
51552 0.75
51553 0.25
51577 1.0
51900 1.0
52026 1.0
52051 0.6666666666666666
52052 0.3333333333333333
52152 1.0
52177 0.96
52178 0.04
52303 1.0
52525 0.5
52526 0.5
52651 1.0
52777 0.7272727272727273
52778 0.2727272727272727
52802 0.7142857142857143
52803 0.2857142857142857
52903 1.0
52928 1.0
53029 1.0
53180 1.0
53185 1.0
53205 1.0
53230 1.0
53235 1.0
53326 1.0
53331 1.0
53351 1.0
53356 1.0
53800 1.0
53805 1.0
53830 0.6
53831 0.4
53926 1.0
53951 1.0
53956 1.0
53976 1.0
53981 1.0
54400 1.0
54405 1.0
54425 1.0
54551 1.0
54576 1.0
54677 0.9
54678 0.1
54702 1.0
55151 1.0
55176 1.0
55277 1.0
55302 0.8846153846153846
55303 0.11538461538461539
55403 1.0
55428 1.0
55776 1.0
55902 0.8181818181818182
55903 0.18181818181818182
55927 0.8
55928 0.2
56028 0.9333333333333333
56029 0.06666666666666667
56053 1.0
56154 1.0
56305 1.0
56310 1.0
56330 1.0
56335 1.0
56355 1.0
56360 1.0
56456 1.0
56481 1.0
56905 1.0
56930 1.0
56935 1.0
56955 1.0
57051 1.0
57076 1.0
57081 1.0
57106 1.0
57202 1.0
57525 1.0
57530 1.0
57555 1.0
57651 1.0
57676 0.8571428571428571
57677 0.14285714285714285
57681 1.0
57701 1.0
57706 1.0
57802 1.0
57827 1.0
57928 1.0
58155 1.0
58276 0.875
58277 0.125
58301 1.0
58402 1.0
58427 0.8823529411764706
58428 0.11764705882352941
58553 1.0
58901 1.0
59027 0.8888888888888888
59028 0.1111111111111111
59052 0.6666666666666666
59053 0.3333333333333333
59153 0.76
59154 0.24
59178 1.0
59279 1.0
59430 1.0
59435 1.0
59455 1.0
59460 1.0
59581 1.0
59606 1.0
59611 1.0
60030 1.0
60055 1.0
60060 1.0
60181 1.0
60201 0.5
60202 0.5
60206 1.0
60231 1.0
60327 1.0
60332 1.0
60655 1.0
60680 1.0
60776 1.0
60801 0.8
60802 0.2
60806 1.0
60826 0.5
60827 0.5
60831 0.875
60832 0.125
60927 1.0
60952 1.0
61053 1.0
61401 1.0
61426 1.0
61552 0.9166666666666666
61553 0.08333333333333333
61678 1.0
62026 1.0
62152 0.8333333333333334
62153 0.16666666666666666
62177 1.0
62278 0.9285714285714286
62279 0.07142857142857142
62303 1.0
62550 1.0
62555 1.0
62560 1.0
62580 1.0
62600 1.0
62605 1.0
63175 1.0
63180 1.0
63200 0.6666666666666666
63201 0.3333333333333333
63205 1.0
63225 0.9473684210526315
63226 0.05263157894736842
63230 1.0
63326 1.0
63351 1.0
63452 1.0
63775 1.0
63800 0.8
63801 0.2
63901 1.0
63926 0.8
63927 0.2
63951 0.9090909090909091
63952 0.09090909090909091
63976 1.0
64052 1.0
64077 1.0
64178 1.0
64526 0.875
64527 0.125
64551 0.8
64552 0.2
64652 1.0
64677 0.9117647058823529
64678 0.08823529411764706
64778 1.0
64803 0.9333333333333333
64804 0.06666666666666667
65026 1.0
65151 1.0
65277 0.75
65278 0.25
65302 0.75
65303 0.25
65403 0.8947368421052632
65404 0.10526315789473684
65428 1.0
65529 1.0
65680 1.0
65685 1.0
65700 1.0
65705 1.0
65725 1.0
65730 1.0
65735 1.0
66300 0.75
66301 0.25
66305 1.0
66325 1.0
66350 1.0
66355 1.0
66451 1.0
66476 1.0
66577 1.0
66900 1.0
66905 1.0
66925 0.75
66926 0.25
67026 1.0
67051 0.875
67052 0.125
67076 0.8571428571428571
67077 0.14285714285714285
67101 1.0
67177 0.9166666666666666
67178 0.08333333333333333
67202 1.0
67525 1.0
67651 1.0
67676 0.5
67677 0.5
67702 1.0
67778 1.0
67802 0.9
67803 0.1
67827 1.0
67903 1.0
67928 1.0
68150 1.0
68276 0.6666666666666666
68277 0.3333333333333333
68402 0.7142857142857143
68403 0.2857142857142857
68427 1.0
68528 0.9310344827586207
68529 0.06896551724137931
68553 1.0
68654 1.0
68805 1.0
68810 1.0
68830 1.0
68835 1.0
68855 1.0
68860 1.0
68976 1.0
69425 1.0
69430 1.0
69450 0.5
69451 0.5
69455 1.0
69475 1.0
69480 1.0
69551 1.0
69576 1.0
69581 1.0
69601 1.0
69606 1.0
70025 1.0
70030 1.0
70050 0.5
70051 0.5
70151 1.0
70176 0.8571428571428571
70177 0.14285714285714285
70201 1.0
70302 1.0
70327 1.0
70651 1.0
70776 1.0
70801 1.0
70902 1.0
70927 0.9
70928 0.1
70952 1.0
71028 1.0
71053 1.0
71275 1.0
71401 0.8571428571428571
71402 0.14285714285714285
71527 1.0
71552 0.6666666666666666
71553 0.3333333333333333
71653 0.92
71654 0.08
71678 1.0
71779 1.0
71910 1.0
71930 1.0
71935 1.0
71955 0.6666666666666666
71956 0.3333333333333333
71960 1.0
71980 0.9523809523809523
71981 0.047619047619047616
71985 1.0
72076 1.0
72101 1.0
72106 1.0
72555 1.0
72580 0.6666666666666666
72581 0.3333333333333333
72676 1.0
72701 0.9047619047619048
72702 0.09523809523809523
72706 1.0
72726 1.0
72731 1.0
72827 1.0
73175 1.0
73180 1.0
73276 1.0
73301 1.0
73326 0.9285714285714286
73327 0.07142857142857142
73427 1.0
73452 1.0
73901 1.0
73926 0.5
73927 0.5
74027 1.0
74052 1.0
74153 0.5
74154 0.5
74178 1.0
74526 0.875
74527 0.125
74652 0.42857142857142855
74653 0.5714285714285714
74677 0.5
74678 0.5
74778 0.96
74779 0.04
74803 1.0
74904 1.0
75035 1.0
75055 1.0
75060 1.0
75080 1.0
75085 1.0
75105 1.0
75110 1.0
75206 1.0
75231 1.0
75655 1.0
75675 0.5
75676 0.5
75680 1.0
75801 1.0
75806 1.0
75826 0.9047619047619048
75827 0.09523809523809523
75831 1.0
75851 1.0
75856 1.0
75952 1.0
76275 1.0
76280 1.0
76305 1.0
76401 1.0
76426 0.8888888888888888
76427 0.1111111111111111
76451 0.6666666666666666
76452 0.3333333333333333
76456 1.0
76552 0.8888888888888888
76553 0.1111111111111111
76577 1.0
76678 1.0
76900 1.0
77026 1.0
77177 1.0
77278 1.0
77303 1.0
77651 1.0
77777 0.7777777777777778
77778 0.2222222222222222
77802 0.5
77803 0.5
77903 0.9130434782608695
77904 0.08695652173913043
77928 1.0
78029 1.0
