0 1.0
25 0.9946949602122016
26 0.005305039787798408
31 1.0
50 0.9906103286384976
51 0.009389671361502348
56 1.0
75 0.9693877551020408
76 0.030612244897959183
81 1.0
125 0.9526627218934911
126 0.047337278106508875
131 1.0
150 0.9511002444987775
151 0.0488997555012225
156 1.0
175 0.9292237442922374
176 0.07077625570776255
181 1.0
200 0.9438202247191011
201 0.056179775280898875
206 1.0
250 0.974025974025974
251 0.025974025974025976
256 1.0
275 0.9397905759162304
276 0.060209424083769635
281 1.0
300 0.8755656108597285
301 0.1244343891402715
306 1.0
325 0.8920863309352518
326 0.1079136690647482
331 1.0
375 0.9305555555555556
376 0.06944444444444445
381 1.0
400 0.9088729016786571
401 0.09112709832134293
406 1.0
425 0.8807339449541285
426 0.11926605504587157
431 1.0
450 0.7886178861788617
451 0.21138211382113822
456 1.0
500 0.926829268292683
501 0.07317073170731707
506 1.0
525 0.9129287598944591
526 0.0870712401055409
531 1.0
550 0.7918454935622318
551 0.20815450643776823
556 1.0
575 0.7350427350427351
576 0.26495726495726496
581 1.0
