0 1.0
25 0.9701492537313433
26 0.029850746268656716
31 1.0
50 0.9691358024691358
51 0.030864197530864196
56 1.0
75 0.97165991902834
76 0.02834008097165992
81 1.0
100 0.9603399433427762
101 0.039660056657223795
106 1.0
125 1.0
131 1.0
150 0.9259259259259259
151 0.07407407407407407
156 1.0
175 0.8072289156626506
176 0.1927710843373494
181 0.9664804469273743
182 0.0335195530726257
187 1.0
200 0.7073170731707317
201 0.2926829268292683
206 0.9764397905759162
207 0.02356020942408377
212 1.0
225 0.6875
226 0.3125
231 0.9430604982206405
232 0.05693950177935943
237 1.0
250 0.9523809523809523
251 0.047619047619047616
256 1.0
275 0.8235294117647058
276 0.17647058823529413
281 0.9666666666666667
282 0.03333333333333333
287 1.0
300 0.5714285714285714
301 0.42857142857142855
306 0.9078341013824884
307 0.09216589861751152
312 1.0
318 1.0
326 1.0
331 0.7763578274760383
332 0.22364217252396165
337 0.9933554817275747
338 0.006644518272425249
356 0.46153846153846156
357 0.5384615384615384
362 0.9607843137254902
363 0.0392156862745098
368 1.0
375 0.9545454545454546
376 0.045454545454545456
381 1.0
400 0.7333333333333333
401 0.26666666666666666
406 0.8899082568807339
407 0.11009174311926606
412 0.972972972972973
413 0.02702702702702703
431 0.7604790419161677
432 0.23952095808383234
437 0.9388379204892966
438 0.06116207951070336
443 1.0
456 0.3783783783783784
457 0.6216216216216216
462 0.868632707774799
463 0.13136729222520108
468 1.0
487 0.75
488 0.25
500 0.9090909090909091
501 0.09090909090909091
506 0.972972972972973
507 0.02702702702702703
525 0.5
526 0.5
531 0.8333333333333334
532 0.16666666666666666
537 0.864406779661017
538 0.13559322033898305
543 1.0
556 0.62
557 0.38
562 0.7910447761194029
563 0.208955223880597
568 0.9846743295019157
569 0.01532567049808429
587 0.6037735849056604
588 0.39622641509433965
593 0.9130434782608695
594 0.08695652173913043
599 1.0
