55 1.0
60 1.0
80 1.0
85 1.0
100 1.0
105 1.0
110 1.0
176 1.0
181 1.0
186 1.0
201 1.0
206 1.0
211 1.0
231 1.0
236 1.0
267 1.0
307 1.0
312 1.0
317 1.0
398 1.0
418 1.0
438 1.0
655 1.0
776 1.0
781 1.0
801 1.0
806 1.0
826 1.0
831 1.0
907 1.0
912 1.0
917 1.0
927 1.0
932 1.0
937 1.0
952 1.0
957 1.0
1038 1.0
1043 1.0
1053 1.0
1058 1.0
1149 1.0
1169 1.0
1401 1.0
1406 1.0
1527 1.0
1532 1.0
1552 1.0
1653 1.0
1658 1.0
1678 1.0
1683 1.0
1769 1.0
2001 1.0
2011 1.0
2026 1.0
2127 1.0
2152 0.5
2153 0.5
2157 1.0
2268 1.0
2278 0.9411764705882353
2279 0.058823529411764705
2283 1.0
2288 1.0
2394 1.0
2399 1.0
2404 1.0
2409 1.0
2414 1.0
2752 1.0
2767 1.0
2772 1.0
2878 0.6666666666666666
2879 0.3333333333333333
2883 1.0
2888 1.0
2903 0.75
2904 0.25
2908 1.0
3004 1.0
3009 1.0
3014 1.0
3019 1.0
3024 1.0
3029 1.0
3039 1.0
3160 1.0
3185 1.0
3210 1.0
3281 1.0
3286 1.0
3291 1.0
3306 1.0
3311 1.0
3331 1.0
3336 1.0
3356 1.0
3361 1.0
3412 1.0
3417 1.0
3437 1.0
3457 1.0
3523 1.0
3543 1.0
3785 1.0
3805 1.0
3906 1.0
3911 1.0
3931 1.0
3956 1.0
4017 1.0
4022 1.0
4052 1.0
4057 1.0
4062 1.0
4077 1.0
4082 1.0
4143 1.0
4163 1.0
4168 1.0
4178 1.0
4183 1.0
4274 1.0
4531 1.0
4652 0.6666666666666666
4653 0.3333333333333333
4657 1.0
4662 1.0
4677 1.0
4682 1.0
4778 1.0
4783 1.0
4788 1.0
4803 1.0
4808 1.0
4894 1.0
4899 1.0
4914 1.0
4919 1.0
5131 1.0
5151 1.0
5252 1.0
5257 1.0
5277 1.0
5282 1.0
5388 1.0
5403 1.0
5408 1.0
5413 1.0
5514 1.0
5524 1.0
5529 1.0
5539 1.0
5751 1.0
5761 1.0
5877 1.0
5882 1.0
5897 1.0
5907 1.0
6003 1.0
6008 1.0
6013 1.0
6028 0.8
6029 0.2
6033 1.0
6129 1.0
6139 1.0
6144 1.0
6149 1.0
6154 1.0
6159 1.0
6285 1.0
6391 1.0
6411 1.0
6416 1.0
6431 1.0
6436 1.0
6461 1.0
6517 1.0
6537 1.0
6557 1.0
6562 1.0
6567 1.0
6582 1.0
6587 1.0
6648 1.0
6663 1.0
6668 1.0
6688 1.0
6693 1.0
6774 1.0
7016 1.0
7031 1.0
7036 1.0
7142 1.0
7167 1.0
7182 1.0
7187 1.0
7207 1.0
7268 1.0
7273 1.0
7283 1.0
7288 1.0
7293 1.0
7303 1.0
7308 1.0
7394 1.0
7399 1.0
7631 1.0
7651 0.5
7652 0.5
7656 0.6666666666666666
7657 0.3333333333333333
7762 1.0
7767 1.0
7772 1.0
7782 0.6666666666666666
7783 0.3333333333333333
7787 1.0
7888 1.0
7893 1.0
7898 1.0
7903 1.0
7908 1.0
7913 1.0
7933 1.0
8019 1.0
8039 1.0
8256 1.0
8377 1.0
8382 1.0
8387 1.0
8392 1.0
8407 1.0
8513 1.0
8528 1.0
8533 0.9090909090909091
8534 0.09090909090909091
8538 1.0
8644 1.0
8649 1.0
8654 1.0
8659 1.0
8664 1.0
8669 1.0
8886 1.0
9002 1.0
9007 1.0
9012 1.0
9128 1.0
9133 0.5
9134 0.5
9138 1.0
9153 0.8571428571428571
9154 0.14285714285714285
9158 1.0
9254 1.0
9264 1.0
9269 1.0
9274 1.0
9279 1.0
9284 1.0
9289 1.0
9410 1.0
9516 1.0
9536 1.0
9541 1.0
9561 1.0
9586 1.0
9668 1.0
9682 1.0
9687 1.0
9692 1.0
9712 1.0
9773 1.0
9788 1.0
9793 1.0
9798 1.0
9899 1.0
9919 1.0
10136 1.0
10156 1.0
10161 1.0
10267 1.0
10272 1.0
10282 1.0
10287 1.0
10307 1.0
10312 1.0
10393 1.0
10408 1.0
10413 1.0
10418 1.0
10433 1.0
10519 1.0
10524 1.0
10544 1.0
10756 1.0
10761 1.0
10781 1.0
10786 1.0
10892 1.0
10902 1.0
10907 1.0
10932 1.0
11028 1.0
11033 1.0
11038 1.0
11043 1.0
11058 1.0
11144 1.0
11149 1.0
11406 1.0
11507 1.0
11517 1.0
11638 1.0
11653 1.0
11658 0.8888888888888888
11659 0.1111111111111111
11663 1.0
11764 1.0
11774 1.0
11779 1.0
11784 1.0
12006 0.6666666666666666
12007 0.3333333333333333
12127 1.0
12137 1.0
12253 1.0
12258 1.0
12268 1.0
12278 1.0
12283 0.5
12284 0.5
12379 1.0
12384 1.0
12394 1.0
12399 1.0
12404 1.0
12409 1.0
12414 1.0
12641 1.0
12646 1.0
12661 1.0
12666 1.0
12686 1.0
12691 1.0
12711 1.0
12767 1.0
12772 1.0
12792 1.0
12807 1.0
12812 1.0
12817 1.0
12837 1.0
12893 1.0
12918 1.0
12938 1.0
13024 1.0
13266 1.0
13286 1.0
13392 1.0
13407 1.0
13412 1.0
13432 1.0
13437 1.0
13518 1.0
13523 1.0
13533 1.0
13538 1.0
13543 1.0
13558 1.0
13563 1.0
13644 1.0
13649 1.0
13664 1.0
13669 1.0
13881 1.0
13891 1.0
14017 1.0
14032 1.0
14037 1.0
14143 0.5
14144 0.5
14153 1.0
14158 1.0
14163 1.0
14168 1.0
14183 1.0
14264 1.0
14269 1.0
14274 1.0
14284 1.0
14289 1.0
14294 1.0
14511 1.0
14632 1.0
14637 1.0
14642 1.0
14657 1.0
14763 1.0
14768 1.0
14778 1.0
14783 0.9230769230769231
14784 0.07692307692307693
14889 1.0
14894 1.0
14899 1.0
14904 1.0
14909 1.0
14914 1.0
15131 1.0
15257 1.0
15262 1.0
15378 0.5
15379 0.5
15383 1.0
15403 0.75
15404 0.25
15408 1.0
15504 1.0
15509 1.0
15514 1.0
15519 1.0
15529 1.0
15534 1.0
15539 1.0
15680 1.0
15685 1.0
15700 1.0
15705 1.0
15710 1.0
15725 1.0
15730 1.0
15735 1.0
15826 1.0
15831 1.0
15851 1.0
16275 1.0
16280 1.0
16300 1.0
16305 1.0
16401 1.0
16426 0.9090909090909091
16427 0.09090909090909091
16451 0.8823529411764706
16452 0.11764705882352941
16456 1.0
16476 1.0
16552 1.0
16577 1.0
16678 1.0
17026 1.0
17152 0.7333333333333333
17153 0.26666666666666666
17177 0.8461538461538461
17178 0.15384615384615385
17278 0.9090909090909091
17279 0.09090909090909091
17303 1.0
17404 1.0
17626 1.0
17752 1.0
17777 0.6666666666666666
17778 0.3333333333333333
17878 1.0
17903 0.9090909090909091
17904 0.09090909090909091
18004 1.0
18029 1.0
18377 1.0
18503 0.9333333333333333
18504 0.06666666666666667
18528 1.0
18629 1.0
18654 1.0
18780 1.0
18785 1.0
18800 1.0
18805 1.0
18810 1.0
18830 1.0
18855 1.0
18906 1.0
18951 1.0
18956 1.0
18961 1.0
18981 1.0
19405 1.0
19431 1.0
19526 1.0
19551 1.0
19556 1.0
19576 1.0
19581 1.0
19677 0.9444444444444444
19678 0.05555555555555555
19682 1.0
19702 1.0
19803 1.0
20151 1.0
20156 1.0
20177 1.0
20277 1.0
20302 0.8947368421052632
20303 0.10526315789473684
20403 1.0
20428 1.0
20529 1.0
20751 0.75
20752 0.25
20776 1.0
20877 1.0
20902 1.0
21003 1.0
21028 0.8181818181818182
21029 0.18181818181818182
21129 1.0
21154 1.0
21376 1.0
21502 1.0
21628 0.8333333333333334
21629 0.16666666666666666
21653 0.8333333333333334
21654 0.16666666666666666
21754 1.0
21779 1.0
21905 1.0
21910 1.0
21930 1.0
21935 1.0
21955 1.0
21960 1.0
22056 1.0
22061 1.0
22081 1.0
22086 1.0
22106 1.0
22111 1.0
22182 1.0
22207 1.0
22530 1.0
22651 1.0
22656 1.0
22677 1.0
22681 1.0
22702 1.0
22706 1.0
22802 1.0
22807 1.0
22827 1.0
22832 1.0
23276 1.0
23281 1.0
23402 0.8888888888888888
23403 0.1111111111111111
23427 0.8571428571428571
23428 0.14285714285714285
23528 1.0
23553 1.0
23654 1.0
23877 1.0
23901 1.0
24002 1.0
24027 0.5
24028 0.5
24128 1.0
24153 0.875
24154 0.125
24254 1.0
24279 1.0
24501 1.0
24627 0.75
24628 0.25
24753 1.0
24778 1.0
24879 1.0
25030 1.0
25035 1.0
25060 1.0
25161 1.0
25181 0.75
25182 0.25
25186 1.0
25206 1.0
25211 1.0
25307 1.0
25332 1.0
25337 1.0
25776 1.0
25781 1.0
25806 0.6
25807 0.4
25831 1.0
25902 1.0
25927 1.0
25932 1.0
26053 1.0
26401 1.0
26406 1.0
26527 1.0
26532 1.0
26552 1.0
26557 1.0
26653 1.0
26678 1.0
26779 1.0
27001 1.0
27127 1.0
27152 0.8
27153 0.2
27278 0.9310344827586207
27279 0.06896551724137931
27379 1.0
27404 1.0
27626 1.0
27752 1.0
27878 0.9090909090909091
27879 0.09090909090909091
27903 1.0
28004 1.0
28029 1.0
28155 1.0
28160 1.0
28286 1.0
28306 1.0
28311 1.0
28331 1.0
28336 0.9
28337 0.1
28341 1.0
28432 1.0
28457 1.0
28462 1.0
28781 1.0
28906 1.0
28931 0.6666666666666666
28932 0.3333333333333333
28956 1.0
29027 1.0
29052 1.0
29057 1.0
29062 1.0
29082 1.0
29178 1.0
29183 1.0
29526 1.0
29531 1.0
29652 0.5
29653 0.5
29657 1.0
29677 1.0
29682 1.0
29778 0.9523809523809523
29779 0.047619047619047616
29783 1.0
29803 1.0
29808 1.0
30252 1.0
30277 1.0
30378 1.0
30403 0.8709677419354839
30404 0.12903225806451613
30408 1.0
30529 1.0
30751 1.0
30877 1.0
31003 0.8
31004 0.2
31028 0.75
31029 0.25
31129 1.0
31154 1.0
31280 1.0
31300 1.0
31305 1.0
31310 1.0
31325 1.0
31330 1.0
31350 0.9
31351 0.1
31355 1.0
31451 1.0
31476 1.0
31900 1.0
31925 1.0
31950 1.0
32026 1.0
32051 1.0
32076 0.9473684210526315
32077 0.05263157894736842
32101 1.0
32177 0.9230769230769231
32178 0.07692307692307693
32202 1.0
32525 0.5
32526 0.5
32651 1.0
32676 0.3333333333333333
32677 0.6666666666666666
32752 1.0
32777 0.8571428571428571
32778 0.14285714285714285
32802 0.8888888888888888
32803 0.1111111111111111
32903 0.8571428571428571
32904 0.14285714285714285
32928 1.0
33029 1.0
33251 0.5
33252 0.5
33377 1.0
33503 0.8333333333333334
33504 0.16666666666666666
33528 0.9166666666666666
33529 0.08333333333333333
33629 1.0
33654 1.0
34002 1.0
34128 0.9166666666666666
34129 0.08333333333333333
34254 1.0
34405 1.0
34430 1.0
34435 1.0
34455 1.0
34475 0.5
34476 0.5
34480 0.9090909090909091
34481 0.09090909090909091
34485 1.0
34576 1.0
34581 1.0
34601 1.0
34606 1.0
35025 1.0
35030 1.0
35050 0.6666666666666666
35051 0.3333333333333333
35151 1.0
35176 1.0
35201 0.9545454545454546
35202 0.045454545454545456
35206 1.0
35302 0.8947368421052632
35303 0.10526315789473684
35327 1.0
35428 1.0
35776 1.0
35877 1.0
35902 0.8571428571428571
35903 0.14285714285714285
35927 0.7777777777777778
35928 0.2222222222222222
36028 1.0
36053 1.0
36154 1.0
36376 0.3333333333333333
36377 0.6666666666666666
36401 0.5
36402 0.5
36502 1.0
36528 1.0
36628 0.5
36629 0.5
36653 0.9047619047619048
36654 0.09523809523809523
36754 1.0
36779 1.0
37001 0.5
37002 0.5
37127 1.0
37253 1.0
37379 1.0
37535 1.0
37555 1.0
37560 1.0
37580 0.6666666666666666
37581 0.3333333333333333
37585 1.0
37605 1.0
37676 1.0
37701 1.0
37706 1.0
37726 1.0
37731 1.0
37827 1.0
38155 1.0
38176 1.0
38276 1.0
38301 1.0
38326 1.0
38331 1.0
38402 1.0
38427 1.0
38452 1.0
38553 1.0
38901 1.0
38926 1.0
39027 0.875
39028 0.125
39052 0.7777777777777778
39053 0.2222222222222222
39153 1.0
39178 1.0
39279 1.0
39501 1.0
39627 1.0
39652 1.0
39753 1.0
39778 0.9090909090909091
39779 0.09090909090909091
39879 1.0
39904 1.0
40126 0.3333333333333333
40127 0.6666666666666666
40252 1.0
40378 0.8333333333333334
40379 0.16666666666666666
40403 1.0
40504 1.0
40655 1.0
40660 1.0
40680 1.0
40685 1.0
40705 1.0
40710 1.0
40735 1.0
40806 1.0
40831 1.0
40836 1.0
40856 1.0
40861 1.0
40952 1.0
41280 1.0
41401 1.0
41426 0.8333333333333334
41427 0.16666666666666666
41431 1.0
41451 1.0
41456 1.0
41552 0.95
41553 0.05
41557 1.0
41577 1.0
41678 1.0
41905 1.0
42001 1.0
42026 1.0
42152 0.875
42153 0.125
42177 0.8333333333333334
42178 0.16666666666666666
42278 0.8666666666666667
42279 0.13333333333333333
42303 1.0
42404 1.0
42626 1.0
42752 1.0
42777 1.0
42878 1.0
42903 0.84375
42904 0.15625
43004 1.0
43029 1.0
43251 1.0
43377 1.0
43503 0.9
43504 0.1
43629 1.0
43654 1.0
43780 1.0
43805 1.0
43810 1.0
43835 1.0
43860 1.0
43931 1.0
43956 1.0
43961 1.0
43981 1.0
43986 1.0
44077 1.0
44082 1.0
44405 1.0
44526 1.0
44531 1.0
44551 0.5
44552 0.5
44556 1.0
44581 1.0
44677 1.0
44702 1.0
44707 1.0
44803 1.0
45151 0.6666666666666666
45152 0.3333333333333333
45156 1.0
45277 1.0
45302 1.0
45403 1.0
45428 1.0
45529 1.0
45751 1.0
45776 1.0
45877 1.0
45902 1.0
46003 0.5
46004 0.5
46028 0.9444444444444444
46029 0.05555555555555555
46129 1.0
46154 1.0
46376 1.0
46502 1.0
46628 1.0
46653 1.0
46754 1.0
46925 1.0
46930 1.0
46950 0.8
46951 0.2
46955 1.0
46960 1.0
46975 1.0
46980 1.0
46985 1.0
47076 1.0
47101 1.0
47550 0.5
47551 0.5
47651 1.0
47676 0.5
47677 0.5
47701 0.8333333333333334
47702 0.16666666666666666
47726 1.0
47802 1.0
47827 1.0
47928 1.0
48276 1.0
48377 1.0
48402 0.6
48403 0.4
48427 1.0
48528 0.8148148148148148
48529 0.18518518518518517
48553 1.0
48654 1.0
48876 0.6666666666666666
48877 0.3333333333333333
49002 1.0
49128 0.8888888888888888
49129 0.1111111111111111
49153 0.9
49154 0.1
49254 1.0
49279 1.0
49627 1.0
49753 1.0
49879 1.0
50050 1.0
50055 1.0
50060 1.0
50075 0.6666666666666666
50076 0.3333333333333333
50080 1.0
50100 0.8333333333333334
50101 0.16666666666666666
50105 1.0
50110 1.0
50201 1.0
50226 1.0
50651 1.0
50675 1.0
50776 1.0
50801 1.0
50826 0.875
50827 0.125
50902 1.0
50927 1.0
50952 1.0
51053 1.0
51401 1.0
51426 1.0
51502 1.0
51527 0.875
51528 0.125
51552 1.0
51653 1.0
51678 1.0
51779 1.0
52002 1.0
52026 1.0
52127 1.0
52253 1.0
52278 0.9090909090909091
52279 0.09090909090909091
52379 1.0
52404 1.0
52626 1.0
52752 1.0
52878 1.0
53004 1.0
53175 1.0
53180 1.0
53205 1.0
53230 0.9333333333333333
53231 0.06666666666666667
53235 1.0
53326 1.0
53351 1.0
53356 1.0
53775 1.0
53805 1.0
53901 1.0
53926 1.0
53951 1.0
53956 1.0
54052 0.8823529411764706
54053 0.11764705882352941
54077 1.0
54401 1.0
54526 1.0
54652 1.0
54677 0.7777777777777778
54678 0.2222222222222222
54778 0.9333333333333333
54779 0.06666666666666667
54803 1.0
54904 1.0
55126 1.0
55252 1.0
55378 0.8333333333333334
55379 0.16666666666666666
55403 0.7142857142857143
55404 0.2857142857142857
55504 1.0
55529 1.0
55877 1.0
56003 1.0
56129 1.0
56305 1.0
56330 1.0
56335 1.0
56355 1.0
56360 1.0
56451 1.0
56456 1.0
56476 1.0
56481 1.0
56577 1.0
56901 1.0
56905 1.0
57026 0.8888888888888888
57027 0.1111111111111111
57051 1.0
57076 1.0
57081 1.0
57177 1.0
57202 1.0
57303 1.0
57525 1.0
57651 1.0
57752 1.0
57777 0.6
57778 0.4
57802 1.0
57903 1.0
57928 1.0
58029 1.0
58251 1.0
58276 1.0
58377 1.0
58503 0.6666666666666666
58504 0.3333333333333333
58528 1.0
58629 1.0
58654 1.0
59002 1.0
59128 0.75
59129 0.25
59254 1.0
59430 1.0
59435 1.0
59460 1.0
59551 1.0
59556 1.0
59576 0.8
59577 0.2
59581 1.0
59606 1.0
59707 1.0
60030 1.0
60055 1.0
60151 1.0
60176 0.6666666666666666
60177 0.3333333333333333
60201 1.0
60206 1.0
60302 0.8125
60303 0.1875
60327 1.0
60428 1.0
60751 1.0
60776 0.8
60777 0.2
60902 1.0
60927 1.0
61028 1.0
61053 1.0
61154 1.0
61502 1.0
61527 1.0
61653 0.8823529411764706
61654 0.11764705882352941
61754 1.0
61779 1.0
62127 1.0
62253 0.9
62254 0.1
62379 1.0
62550 1.0
62555 1.0
62560 1.0
62575 1.0
62600 0.9523809523809523
62601 0.047619047619047616
62605 1.0
62701 1.0
62726 1.0
63150 1.0
63175 1.0
63200 1.0
63276 1.0
63301 1.0
63326 1.0
63351 1.0
63427 1.0
63452 1.0
63553 1.0
63775 1.0
63901 1.0
64002 1.0
64027 1.0
64052 0.5
64053 0.5
64153 0.9090909090909091
64154 0.09090909090909091
64178 1.0
64279 1.0
64627 1.0
64753 1.0
64778 0.8333333333333334
64779 0.16666666666666666
64879 1.0
64904 1.0
65126 1.0
65252 1.0
65378 1.0
65504 1.0
65675 1.0
65680 1.0
65700 1.0
65705 1.0
65725 1.0
65730 1.0
65826 1.0
65851 1.0
66275 1.0
66300 1.0
66401 1.0
66426 0.75
66427 0.25
66451 0.8823529411764706
66452 0.11764705882352941
66552 0.9333333333333333
66553 0.06666666666666667
66577 1.0
66678 1.0
66900 1.0
67026 0.8333333333333334
67027 0.16666666666666666
67127 1.0
67152 1.0
67177 0.75
67178 0.25
67278 0.9047619047619048
67279 0.09523809523809523
67404 1.0
67626 1.0
67752 1.0
67878 0.8
67879 0.2
67903 1.0
68004 1.0
68029 1.0
68251 1.0
68377 1.0
68503 0.8
68504 0.2
68629 1.0
68800 1.0
68805 1.0
68810 1.0
68825 1.0
68830 1.0
68835 1.0
68850 1.0
68855 0.9333333333333333
68856 0.06666666666666667
68951 1.0
68976 1.0
68981 1.0
69425 1.0
69526 1.0
69551 0.8571428571428571
69552 0.14285714285714285
69576 0.8666666666666667
69577 0.13333333333333333
69677 1.0
69702 1.0
69803 1.0
70025 1.0
70151 0.7142857142857143
70152 0.2857142857142857
70252 1.0
70277 0.75
70278 0.25
70302 0.7777777777777778
70303 0.2222222222222222
70403 0.9444444444444444
70404 0.05555555555555555
70529 1.0
70751 1.0
70877 1.0
70903 1.0
71003 1.0
71028 1.0
71129 1.0
71154 1.0
71376 1.0
71502 1.0
71628 0.6666666666666666
71629 0.3333333333333333
71754 1.0
71905 1.0
71930 1.0
71935 1.0
71955 1.0
71960 1.0
71980 1.0
71985 1.0
72051 1.0
72076 0.8888888888888888
72077 0.1111111111111111
72081 1.0
72101 1.0
72106 1.0
72202 1.0
72526 1.0
72530 1.0
72550 1.0
72676 1.0
72701 0.8333333333333334
72702 0.16666666666666666
72802 1.0
72827 1.0
72928 1.0
73276 0.8
73277 0.2
73377 1.0
73402 0.8461538461538461
73403 0.15384615384615385
73427 0.8571428571428571
73428 0.14285714285714285
73528 1.0
73553 1.0
73654 1.0
73876 0.5
73877 0.5
73901 1.0
74002 1.0
74027 1.0
74128 1.0
74153 1.0
74254 1.0
74279 1.0
74501 1.0
74627 1.0
74753 1.0
74879 1.0
75030 1.0
75035 1.0
75055 1.0
75080 1.0
75085 1.0
75105 1.0
75110 1.0
75176 1.0
75201 1.0
75206 1.0
75226 1.0
75231 1.0
75327 1.0
75776 1.0
75801 0.8333333333333334
75802 0.16666666666666666
75826 1.0
75831 1.0
75927 0.9375
75928 0.0625
75952 1.0
76053 1.0
76275 1.0
76401 1.0
76527 1.0
76552 0.75
76553 0.25
76653 1.0
76678 1.0
76779 1.0
77001 1.0
77127 1.0
77253 1.0
77278 0.9375
77279 0.0625
77379 1.0
77404 1.0
77752 0.75
77753 0.25
77878 1.0
78004 1.0
