0 1.0
6 1.0
12 1.0
25 1.0
31 1.0
37 1.0
43 1.0
49 1.0
50 0.9310344827586207
51 0.06896551724137931
56 0.9696969696969697
57 0.030303030303030304
62 0.965034965034965
63 0.03496503496503497
68 0.9885057471264368
69 0.011494252873563218
74 1.0
75 0.9811320754716981
76 0.018867924528301886
81 1.0
87 0.9655172413793104
88 0.034482758620689655
93 1.0
100 0.9859154929577465
101 0.014084507042253521
106 1.0
112 1.0
118 1.0
125 1.0
131 1.0
137 1.0
143 0.9285714285714286
144 0.07142857142857142
149 1.0
156 1.0
162 0.9215686274509803
163 0.0784313725490196
168 0.9596774193548387
169 0.04032258064516129
174 1.0
187 0.7142857142857143
188 0.2857142857142857
193 0.95
194 0.05
199 1.0
250 1.0
256 1.0
262 0.9705882352941176
263 0.029411764705882353
268 0.9272727272727272
269 0.07272727272727272
274 1.0
293 1.0
299 1.0
375 1.0
381 0.9285714285714286
382 0.07142857142857142
387 1.0
393 1.0
399 1.0
506 1.0
512 1.0
518 0.9166666666666666
519 0.08333333333333333
524 1.0
