0 1.0
25 0.9710144927536232
26 0.028985507246376812
31 1.0
50 0.975609756097561
51 0.024390243902439025
56 1.0
75 0.946360153256705
76 0.05363984674329502
81 1.0
100 0.9592391304347826
101 0.04076086956521739
106 1.0
125 0.9428571428571428
126 0.05714285714285714
131 1.0
150 0.9310344827586207
151 0.06896551724137931
156 1.0
175 0.84375
176 0.15625
181 0.9939393939393939
182 0.006060606060606061
187 1.0
200 0.7904761904761904
201 0.20952380952380953
206 0.969187675070028
207 0.03081232492997199
212 1.0
225 0.6153846153846154
226 0.38461538461538464
231 0.9515570934256056
232 0.04844290657439446
237 1.0
250 0.875
251 0.125
256 1.0
275 0.918918918918919
276 0.08108108108108109
281 0.9340659340659341
282 0.06593406593406594
287 1.0
300 0.4666666666666667
301 0.5333333333333333
306 0.9070796460176991
307 0.09292035398230089
312 0.9824561403508771
313 0.017543859649122806
325 0.5
326 0.5
331 0.8333333333333334
332 0.16666666666666666
337 1.0
356 0.717391304347826
357 0.2826086956521739
362 0.9841269841269841
363 0.015873015873015872
375 1.0
381 1.0
400 0.7894736842105263
401 0.21052631578947367
406 0.9514563106796117
407 0.04854368932038835
412 1.0
426 1.0
431 0.759090909090909
432 0.2409090909090909
437 0.9773755656108597
438 0.02262443438914027
443 1.0
456 0.5180722891566265
457 0.4819277108433735
462 0.9086651053864169
463 0.09133489461358314
468 1.0
487 1.0
493 1.0
500 0.9166666666666666
501 0.08333333333333333
506 1.0
525 0.6
526 0.4
531 0.9042553191489362
532 0.09574468085106383
537 0.9099099099099099
538 0.09009009009009009
543 1.0
556 0.65
557 0.35
562 0.8425357873210634
563 0.1574642126789366
568 1.0
582 1.0
587 0.7355371900826446
588 0.2644628099173554
593 0.9849624060150376
594 0.015037593984962405
