0 1.0
25 1.0
31 1.0
50 0.977859778597786
51 0.02214022140221402
56 1.0
75 0.9746478873239437
76 0.02535211267605634
81 1.0
100 0.9539007092198581
101 0.04609929078014184
106 1.0
125 1.0
131 1.0
150 0.9447852760736196
151 0.05521472392638037
156 1.0
175 0.9272030651340997
176 0.07279693486590039
181 1.0
200 0.9070422535211268
201 0.09295774647887324
206 1.0
225 0.9326923076923077
226 0.0673076923076923
231 1.0
250 0.9672131147540983
251 0.03278688524590164
256 1.0
275 0.9256756756756757
276 0.07432432432432433
281 1.0
300 0.8729508196721312
301 0.12704918032786885
306 1.0
325 0.84375
326 0.15625
331 1.0
350 0.7916666666666666
351 0.20833333333333334
356 1.0
375 0.8909090909090909
376 0.10909090909090909
381 1.0
400 0.9015151515151515
401 0.09848484848484848
406 1.0
425 0.8424908424908425
426 0.1575091575091575
431 1.0
450 0.7161290322580646
451 0.2838709677419355
456 1.0
475 0.7246376811594203
476 0.2753623188405797
481 1.0
500 0.95
501 0.05
506 1.0
525 0.8217054263565892
526 0.17829457364341086
531 1.0
550 0.7028301886792453
551 0.2971698113207547
556 1.0
575 0.5805243445692884
576 0.41947565543071164
581 1.0
600 0.35135135135135137
601 0.6486486486486487
606 1.0
