0 1.0
6 1.0
25 0.9629629629629629
26 0.037037037037037035
31 1.0
50 0.9734513274336283
51 0.02654867256637168
56 0.9895833333333334
57 0.010416666666666666
75 0.9696969696969697
76 0.030303030303030304
81 1.0
87 1.0
100 0.9723502304147466
101 0.027649769585253458
106 0.991701244813278
107 0.008298755186721992
112 1.0
125 1.0
131 1.0
150 0.782608695652174
151 0.21739130434782608
156 0.95
157 0.05
162 1.0
175 0.75
176 0.25
181 0.9385474860335196
182 0.061452513966480445
187 0.954248366013072
188 0.0457516339869281
193 1.0
201 1.0
206 0.8736263736263736
207 0.12637362637362637
212 0.963855421686747
213 0.03614457831325301
218 1.0
231 0.8666666666666667
232 0.13333333333333333
237 1.0
250 0.9375
251 0.0625
256 1.0
262 1.0
275 0.8
276 0.2
281 0.9322033898305084
282 0.06779661016949153
287 0.9292035398230089
288 0.07079646017699115
293 0.9545454545454546
294 0.045454545454545456
299 1.0
306 0.8095238095238095
307 0.19047619047619047
312 0.9011627906976745
313 0.09883720930232558
318 0.9667590027700831
319 0.0332409972299169
324 1.0
332 1.0
337 0.76
338 0.24
343 0.9659090909090909
344 0.03409090909090909
349 1.0
375 1.0
381 1.0
387 1.0
406 0.9629629629629629
407 0.037037037037037035
412 0.8789808917197452
413 0.12101910828025478
418 0.8921832884097035
419 0.1078167115902965
424 1.0
437 0.7297297297297297
438 0.2702702702702703
443 0.89568345323741
444 0.10431654676258993
449 1.0
500 0.8571428571428571
501 0.14285714285714285
506 1.0
512 1.0
518 0.9130434782608695
519 0.08695652173913043
524 1.0
531 0.5454545454545454
532 0.45454545454545453
537 0.8513513513513513
538 0.14864864864864866
543 0.8422459893048129
544 0.15775401069518716
549 1.0
568 1.0
574 1.0
