62 1.0
143 1.0
162 1.0
167 0.16666666666666666
168 0.8333333333333334
187 1.0
192 0.6666666666666666
193 0.3333333333333333
206 1.0
212 1.0
217 1.0
237 1.0
274 1.0
287 1.0
292 0.2
293 0.8
306 1.0
311 0.075
312 0.925
317 0.16666666666666666
318 0.8333333333333334
336 0.23076923076923078
337 0.7692307692307693
393 1.0
399 1.0
412 1.0
418 1.0
424 1.0
437 1.0
442 0.25
443 0.75
518 1.0
523 0.058823529411764705
524 0.9411764705882353
543 1.0
549 1.0
668 1.0
692 0.5
693 0.5
768 1.0
773 1.0
787 1.0
792 0.16666666666666666
793 0.8333333333333334
812 1.0
817 0.6666666666666666
818 0.3333333333333333
837 1.0
893 1.0
899 1.0
912 1.0
918 1.0
931 1.0
936 0.01818181818181818
937 0.9818181818181818
942 0.2222222222222222
943 0.7777777777777778
962 1.0
967 1.0
1018 1.0
1024 1.0
1037 1.0
1042 0.04
1043 0.96
1049 1.0
1061 0.3333333333333333
1062 0.6666666666666666
1067 0.3333333333333333
1068 0.6666666666666666
1143 1.0
1148 0.13333333333333333
1149 0.8666666666666667
1168 1.0
1173 0.3333333333333333
1174 0.6666666666666666
1287 1.0
1293 1.0
1393 1.0
1399 1.0
1412 1.0
1417 0.21428571428571427
1418 0.7857142857142857
1424 1.0
1437 1.0
1462 1.0
1468 1.0
1518 1.0
1524 1.0
1537 1.0
1542 0.21428571428571427
1543 0.7857142857142857
1549 1.0
1561 0.02702702702702703
1562 0.972972972972973
1567 0.3157894736842105
1568 0.6842105263157895
1587 1.0
1593 1.0
1643 1.0
1649 1.0
1662 1.0
1667 0.1
1668 0.9
1674 1.0
1687 1.0
1692 0.6
1693 0.4
1768 1.0
1774 1.0
1787 1.0
1793 1.0
1799 1.0
1918 1.0
2017 0.2
2018 0.8
2037 1.0
2042 0.26666666666666666
2043 0.7333333333333333
2062 1.0
2067 0.3333333333333333
2068 0.6666666666666666
2093 1.0
2142 0.3333333333333333
2143 0.6666666666666666
2149 1.0
2162 1.0
2167 0.08333333333333333
2168 0.9166666666666666
2187 1.0
2192 0.35294117647058826
2193 0.6470588235294118
2212 1.0
2268 1.0
2273 0.14285714285714285
2274 0.8571428571428571
2287 1.0
2293 1.0
2299 1.0
2312 1.0
2317 0.1111111111111111
2318 0.8888888888888888
2393 1.0
2398 0.05555555555555555
2399 0.9444444444444444
2418 1.0
2424 1.0
2643 1.0
2649 1.0
2662 1.0
2668 1.0
2692 0.5
2693 0.5
2768 1.0
2773 0.1
2774 0.9
2787 1.0
2792 0.21428571428571427
2793 0.7857142857142857
2812 1.0
2817 0.18181818181818182
2818 0.8181818181818182
2837 1.0
2893 1.0
2898 0.16666666666666666
2899 0.8333333333333334
2912 1.0
2917 0.04878048780487805
2918 0.9512195121951219
2923 0.4166666666666667
2924 0.5833333333333334
2937 1.0
2943 1.0
3018 1.0
3023 0.043478260869565216
3024 0.9565217391304348
3042 0.125
3043 0.875
3048 0.25
3049 0.75
3161 0.1111111111111111
3162 0.8888888888888888
3181 1.0
3186 0.21428571428571427
3187 0.7857142857142857
3206 1.0
3211 0.25
3212 0.75
3231 1.0
3236 0.3
3237 0.7
3281 1.0
3286 1.0
3306 1.0
3311 0.42105263157894735
3312 0.5789473684210527
3330 0.011494252873563218
3331 0.9885057471264368
3336 0.32727272727272727
3337 0.6727272727272727
3356 1.0
3361 0.14285714285714285
3362 0.8571428571428571
3431 1.0
3436 0.5
3437 0.5
3456 1.0
3461 0.6666666666666666
3462 0.3333333333333333
3786 0.08333333333333333
3787 0.9166666666666666
3792 0.5
3793 0.5
3806 1.0
3811 0.1111111111111111
3812 0.8888888888888888
3831 1.0
3836 1.0
3856 1.0
3862 1.0
3906 1.0
3911 0.14285714285714285
3912 0.8571428571428571
3931 1.0
3936 0.4117647058823529
3937 0.5882352941176471
3956 1.0
3961 0.16363636363636364
3962 0.8363636363636363
3981 1.0
3986 0.14285714285714285
3987 0.8571428571428571
4056 1.0
4061 0.5
4062 0.5
4081 1.0
4087 1.0
4412 1.0
4418 1.0
4436 0.05263157894736842
4437 0.9473684210526315
4443 1.0
4462 1.0
4536 0.14285714285714285
4537 0.8571428571428571
4556 1.0
4561 0.14285714285714285
4562 0.8571428571428571
4581 1.0
4586 0.19402985074626866
4587 0.8059701492537313
4606 1.0
4612 1.0
4681 1.0
4686 0.16666666666666666
4687 0.8333333333333334
4706 1.0
4711 0.5555555555555556
4712 0.4444444444444444
5037 1.0
5043 1.0
5062 1.0
5156 1.0
5161 0.07692307692307693
5162 0.9230769230769231
5181 1.0
5186 0.15
5187 0.85
5192 1.0
5206 1.0
5211 0.13793103448275862
5212 0.8620689655172413
5237 1.0
5306 1.0
5311 0.21428571428571427
5312 0.7857142857142857
5331 1.0
5336 0.15789473684210525
5337 0.8421052631578947
5662 1.0
5668 1.0
5687 1.0
5781 1.0
5786 0.1
5787 0.9
5792 0.75
5793 0.25
5806 1.0
5811 0.125
5812 0.875
5818 1.0
5831 1.0
5837 1.0
5843 1.0
5862 1.0
5912 1.0
5931 1.0
5936 0.1568627450980392
5937 0.8431372549019608
5956 1.0
5961 0.13333333333333333
5962 0.8666666666666667
6056 1.0
6281 1.0
6286 0.3333333333333333
6287 0.6666666666666666
6306 1.0
6311 0.25
6312 0.75
6331 1.0
6336 0.5714285714285714
6337 0.42857142857142855
6356 1.0
6361 0.8
6362 0.2
6430 0.125
6431 0.875
6450 1.0
6455 0.189873417721519
6456 0.810126582278481
6475 1.0
6480 0.125
6481 0.875
6575 1.0
6581 1.0
6906 1.0
6911 0.5
6912 0.5
6931 1.0
6936 0.38461538461538464
6937 0.6153846153846154
6956 1.0
6961 0.16666666666666666
6962 0.8333333333333334
6981 1.0
6986 0.5555555555555556
6987 0.4444444444444444
7056 1.0
7080 0.08695652173913043
7081 0.9130434782608695
7086 0.25
7087 0.75
7106 1.0
7111 1.0
7200 1.0
7205 0.2
7206 0.8
7531 1.0
7536 0.5
7537 0.5
7556 1.0
7561 0.09090909090909091
7562 0.9090909090909091
7581 1.0
7586 0.2727272727272727
7587 0.7272727272727273
7606 1.0
7612 1.0
7656 1.0
7681 1.0
7686 1.0
7706 1.0
7711 0.625
7712 0.375
7731 1.0
7736 0.5
7737 0.5
7806 1.0
7830 0.1111111111111111
7831 0.8888888888888888
8156 1.0
8162 1.0
8181 1.0
8186 0.14814814814814814
8187 0.8518518518518519
8211 0.16666666666666666
8212 0.8333333333333334
8237 1.0
8281 1.0
8287 1.0
8306 1.0
8311 0.75
8312 0.25
8331 1.0
8336 0.3783783783783784
8337 0.6216216216216216
8356 1.0
8361 0.25
8362 0.75
8430 0.2
8431 0.8
8455 0.05263157894736842
8456 0.9473684210526315
8786 0.25
8787 0.75
8806 1.0
8811 0.0625
8812 0.9375
8837 1.0
8862 1.0
8906 1.0
8931 1.0
8936 0.5714285714285714
8937 0.42857142857142855
8956 1.0
8961 0.2692307692307692
8962 0.7307692307692307
8981 1.0
8987 1.0
9056 1.0
9081 1.0
9086 1.0
9425 1.0
9430 0.19047619047619047
9431 0.8095238095238095
9436 0.6666666666666666
9437 0.3333333333333333
9450 1.0
9455 0.10714285714285714
9456 0.8928571428571429
9462 1.0
9475 1.0
9480 0.06741573033707865
9481 0.9325842696629213
9487 1.0
9550 1.0
9575 1.0
9580 0.6
9581 0.4
9600 1.0
9605 0.5217391304347826
9606 0.4782608695652174
10031 1.0
10036 0.5
10037 0.5
10056 1.0
10061 0.2222222222222222
10062 0.7777777777777778
10081 1.0
10086 0.6666666666666666
10087 0.3333333333333333
10106 1.0
10111 0.14285714285714285
10112 0.8571428571428571
10181 1.0
10200 1.0
10205 0.3492063492063492
10206 0.6507936507936508
10225 1.0
10230 0.20689655172413793
10231 0.7931034482758621
10656 1.0
10681 1.0
10686 0.3
10687 0.7
10706 1.0
10711 0.2857142857142857
10712 0.7142857142857143
10731 1.0
10736 0.2222222222222222
10737 0.7777777777777778
10805 0.6666666666666666
10806 0.3333333333333333
10825 1.0
10830 0.08333333333333333
10831 0.9166666666666666
10850 1.0
10855 0.03333333333333333
10856 0.9666666666666667
10950 1.0
11281 1.0
11287 1.0
11306 1.0
11311 0.125
11312 0.875
11331 1.0
11336 0.125
11337 0.875
11356 1.0
11361 0.14285714285714285
11362 0.8571428571428571
11430 0.16666666666666666
11431 0.8333333333333334
11450 1.0
11455 0.06666666666666667
11456 0.9333333333333333
11461 0.5
11462 0.5
11481 1.0
11486 0.5
11487 0.5
11575 1.0
11580 1.0
11906 1.0
11911 1.0
11931 1.0
11936 0.1
11937 0.9
11956 1.0
11962 1.0
11981 1.0
11987 1.0
12056 1.0
12080 0.028037383177570093
12081 0.9719626168224299
12086 0.4444444444444444
12087 0.5555555555555556
12106 1.0
12111 0.14285714285714285
12112 0.8571428571428571
12205 0.5
12206 0.5
12531 1.0
12550 1.0
12555 0.08695652173913043
12556 0.9130434782608695
12562 1.0
12580 0.2
12581 0.8
12586 0.5
12587 0.5
12600 1.0
12605 0.18095238095238095
12606 0.819047619047619
12612 1.0
12700 1.0
12706 1.0
12725 1.0
12730 1.0
13156 1.0
13175 1.0
13180 0.12
13181 0.88
13186 0.2857142857142857
13187 0.7142857142857143
13206 1.0
13225 1.0
13230 0.0392156862745098
13231 0.9607843137254902
13236 0.25
13237 0.75
13325 1.0
13330 0.6875
13331 0.3125
13350 1.0
13355 0.5882352941176471
13356 0.4117647058823529
13781 1.0
13787 1.0
13805 0.12
13806 0.88
13811 0.16666666666666666
13812 0.8333333333333334
13831 1.0
13837 1.0
13856 1.0
13862 1.0
13925 1.0
13930 1.0
13950 1.0
13955 0.2972972972972973
13956 0.7027027027027027
13975 1.0
13980 0.16
13981 0.84
14075 1.0
14406 1.0
14412 1.0
14431 1.0
14436 0.1
14437 0.9
14456 1.0
14462 1.0
14481 1.0
14487 1.0
14550 1.0
14575 1.0
14580 0.2328767123287671
14581 0.7671232876712328
14600 1.0
14605 0.0975609756097561
14606 0.9024390243902439
14700 1.0
15031 1.0
15037 1.0
15056 1.0
15061 0.2727272727272727
15062 0.7272727272727273
15081 1.0
15087 1.0
15106 1.0
15111 0.1875
15112 0.8125
15180 0.4
15181 0.6
15200 1.0
15205 0.14285714285714285
15206 0.8571428571428571
15230 0.0196078431372549
15231 0.9803921568627451
15237 1.0
15325 1.0
