0 1.0
6 1.0
12 1.0
25 1.0
31 0.9795918367346939
32 0.02040816326530612
37 1.0
43 1.0
49 1.0
50 1.0
56 0.9746835443037974
57 0.02531645569620253
62 0.9710144927536232
63 0.028985507246376812
68 0.9679144385026738
69 0.03208556149732621
74 1.0
75 0.9583333333333334
76 0.041666666666666664
81 0.9716981132075472
82 0.02830188679245283
87 0.981651376146789
88 0.01834862385321101
93 1.0
99 1.0
100 0.9846153846153847
101 0.015384615384615385
106 0.967032967032967
107 0.03296703296703297
112 1.0
118 1.0
125 1.0
131 0.9130434782608695
132 0.08695652173913043
137 0.9615384615384616
138 0.038461538461538464
143 0.9583333333333334
144 0.041666666666666664
149 1.0
156 0.6666666666666666
157 0.3333333333333333
162 0.9354838709677419
163 0.06451612903225806
168 0.9555555555555556
169 0.044444444444444446
174 1.0
193 1.0
199 1.0
250 1.0
256 1.0
262 1.0
268 1.0
274 1.0
375 1.0
381 1.0
387 1.0
393 0.9666666666666667
394 0.03333333333333333
399 1.0
506 1.0
512 1.0
518 1.0
524 1.0
