0 0.95
1 0.05
6 1.0
25 0.9827586206896551
26 0.017241379310344827
31 1.0
50 0.991869918699187
51 0.008130081300813009
56 1.0
75 0.9728260869565217
76 0.02717391304347826
81 1.0
87 1.0
100 0.9798387096774194
101 0.020161290322580645
106 0.983402489626556
107 0.016597510373443983
112 1.0
125 0.96
126 0.04
131 1.0
150 0.9310344827586207
151 0.06896551724137931
156 1.0
162 1.0
175 0.75
176 0.25
181 0.9538461538461539
182 0.046153846153846156
187 0.9807692307692307
188 0.019230769230769232
193 1.0
200 0.5
201 0.5
206 0.8701754385964913
207 0.12982456140350876
212 0.9776357827476039
213 0.022364217252396165
218 1.0
231 0.8987341772151899
232 0.10126582278481013
237 0.9736842105263158
238 0.02631578947368421
243 1.0
250 0.9411764705882353
251 0.058823529411764705
256 1.0
275 1.0
281 0.961038961038961
282 0.03896103896103896
287 0.9090909090909091
288 0.09090909090909091
293 1.0
306 0.7580645161290323
307 0.24193548387096775
312 0.870026525198939
313 0.129973474801061
318 0.9947916666666666
319 0.005208333333333333
324 1.0
331 0.6666666666666666
332 0.3333333333333333
337 0.8497109826589595
338 0.15028901734104047
343 0.9915966386554622
344 0.008403361344537815
349 1.0
362 1.0
375 0.9285714285714286
376 0.07142857142857142
381 1.0
387 1.0
401 1.0
406 0.8333333333333334
407 0.16666666666666666
412 0.9097222222222222
413 0.09027777777777778
418 0.9575757575757575
419 0.04242424242424243
424 1.0
432 1.0
437 0.7575757575757576
438 0.24242424242424243
443 0.9166666666666666
444 0.08333333333333333
449 1.0
469 1.0
500 0.9
501 0.1
506 1.0
512 0.9411764705882353
513 0.058823529411764705
518 1.0
524 1.0
531 0.9583333333333334
532 0.041666666666666664
537 0.808
538 0.192
543 0.8586278586278586
544 0.14137214137214138
549 1.0
562 1.0
568 0.8055555555555556
569 0.19444444444444445
574 1.0
