0 1.0
6 1.0
12 1.0
25 0.9230769230769231
26 0.07692307692307693
31 1.0
37 0.9811320754716981
38 0.018867924528301886
43 0.984375
44 0.015625
49 1.0
50 1.0
56 0.9886363636363636
57 0.011363636363636364
62 0.9712230215827338
63 0.02877697841726619
68 1.0
74 1.0
75 1.0
81 0.9906542056074766
82 0.009345794392523364
87 0.9915966386554622
88 0.008403361344537815
93 1.0
99 1.0
100 1.0
106 1.0
112 1.0
118 1.0
125 0.875
126 0.125
131 1.0
137 1.0
143 0.9459459459459459
144 0.05405405405405406
149 1.0
156 1.0
162 0.9473684210526315
163 0.05263157894736842
168 0.9605263157894737
169 0.039473684210526314
174 1.0
187 1.0
193 1.0
199 1.0
250 1.0
256 1.0
262 0.9310344827586207
263 0.06896551724137931
268 1.0
274 1.0
299 1.0
375 1.0
381 1.0
387 0.9090909090909091
388 0.09090909090909091
393 0.9375
394 0.0625
399 1.0
506 1.0
512 1.0
518 1.0
524 1.0
