0 1.0
6 1.0
12 1.0
25 0.9230769230769231
26 0.07692307692307693
31 0.9318181818181818
32 0.06818181818181818
37 0.9444444444444444
38 0.05555555555555555
43 0.975
44 0.025
49 1.0
50 1.0
56 0.9726027397260274
57 0.0273972602739726
62 0.9626865671641791
63 0.03731343283582089
68 0.9878048780487805
69 0.012195121951219513
74 1.0
75 0.9767441860465116
76 0.023255813953488372
81 0.9801980198019802
82 0.019801980198019802
87 0.9907407407407407
88 0.009259259259259259
93 1.0
100 1.0
106 0.9880952380952381
107 0.011904761904761904
112 1.0
118 1.0
125 1.0
131 1.0
137 0.9655172413793104
138 0.034482758620689655
143 0.9074074074074074
144 0.09259259259259259
149 1.0
156 1.0
162 1.0
168 0.9699248120300752
169 0.03007518796992481
174 1.0
193 1.0
256 1.0
262 0.9130434782608695
263 0.08695652173913043
268 0.975
269 0.025
274 1.0
375 1.0
381 1.0
387 1.0
393 1.0
399 1.0
506 1.0
512 1.0
518 1.0
524 1.0
