31 1.0
56 1.0
62 1.0
81 1.0
87 1.0
106 1.0
112 1.0
131 1.0
137 1.0
150 1.0
156 1.0
162 1.0
175 1.0
181 1.0
186 0.3333333333333333
187 0.6666666666666666
200 1.0
206 1.0
211 0.16666666666666666
212 0.8333333333333334
231 1.0
237 1.0
268 1.0
274 1.0
275 1.0
281 1.0
286 0.25
287 0.75
293 1.0
300 1.0
305 0.041666666666666664
306 0.9583333333333334
311 0.1
312 0.9
318 1.0
325 1.0
331 1.0
387 1.0
393 1.0
399 1.0
400 1.0
405 0.09090909090909091
406 0.9090909090909091
412 1.0
418 1.0
425 1.0
431 1.0
437 1.0
512 1.0
518 1.0
524 1.0
537 1.0
543 1.0
662 1.0
687 1.0
712 1.0
756 1.0
762 1.0
781 1.0
787 1.0
793 1.0
806 1.0
811 0.3333333333333333
812 0.6666666666666666
831 1.0
836 0.1
837 0.9
856 1.0
862 1.0
886 0.5
887 0.5
899 1.0
900 1.0
906 1.0
912 1.0
918 1.0
925 1.0
930 0.058823529411764705
931 0.9411764705882353
937 1.0
956 1.0
1012 1.0
1018 1.0
1024 1.0
1025 1.0
1030 0.047619047619047616
1031 0.9523809523809523
1036 0.2
1037 0.8
1042 0.2857142857142857
1043 0.7142857142857143
1050 1.0
1056 1.0
1143 1.0
1149 1.0
1150 1.0
1156 1.0
1162 1.0
1168 1.0
1287 1.0
1386 0.3333333333333333
1387 0.6666666666666666
1393 1.0
1399 1.0
1406 1.0
1411 0.09090909090909091
1412 0.9090909090909091
1418 1.0
1431 1.0
1436 0.25
1437 0.75
1462 1.0
1506 1.0
1512 1.0
1518 1.0
1524 1.0
1525 1.0
1530 0.2
1531 0.8
1537 1.0
1543 1.0
1556 1.0
1562 1.0
1567 0.5
1568 0.5
1581 1.0
1586 0.25
1587 0.75
1637 1.0
1642 0.1
1643 0.9
1649 1.0
1650 1.0
1655 0.06060606060606061
1656 0.9393939393939394
1662 1.0
1667 0.1111111111111111
1668 0.8888888888888888
1674 1.0
1675 1.0
1681 1.0
1686 0.6666666666666666
1687 0.3333333333333333
1693 1.0
1762 1.0
1768 1.0
1774 1.0
1775 1.0
1780 0.3333333333333333
1781 0.6666666666666666
1787 1.0
1793 1.0
1918 1.0
2000 1.0
2006 1.0
2011 0.5
2012 0.5
2017 0.5
2018 0.5
2036 0.1111111111111111
2037 0.8888888888888888
2043 1.0
2062 1.0
2087 1.0
2131 1.0
2137 1.0
2143 1.0
2149 1.0
2156 1.0
2161 0.1
2162 0.9
2168 1.0
2181 1.0
2186 0.045454545454545456
2187 0.9545454545454546
2193 1.0
2206 1.0
2211 0.3333333333333333
2212 0.6666666666666666
2262 1.0
2268 1.0
2274 1.0
2275 1.0
2281 1.0
2286 0.037037037037037035
2287 0.9629629629629629
2293 1.0
2299 1.0
2306 1.0
2312 1.0
2387 1.0
2393 1.0
2398 0.07692307692307693
2399 0.9230769230769231
2400 1.0
2406 1.0
2411 0.5
2412 0.5
2418 1.0
2637 1.0
2643 1.0
2649 1.0
2656 1.0
2661 0.1111111111111111
2662 0.8888888888888888
2668 1.0
2687 1.0
2693 1.0
2712 1.0
2756 1.0
2762 1.0
2768 1.0
2774 1.0
2781 1.0
2786 0.1
2787 0.9
2793 1.0
2806 1.0
2811 0.047619047619047616
2812 0.9523809523809523
2818 1.0
2837 1.0
2843 1.0
2887 1.0
2893 1.0
2899 1.0
2906 1.0
2911 0.07407407407407407
2912 0.9259259259259259
2918 1.0
2931 1.0
2936 0.2
2937 0.8
2943 1.0
3012 1.0
3018 1.0
3024 1.0
3025 1.0
3030 0.16666666666666666
3031 0.8333333333333334
3037 1.0
3042 0.16666666666666666
3043 0.8333333333333334
3150 1.0
3156 1.0
3175 1.0
3181 1.0
3187 1.0
3200 1.0
3206 1.0
3212 1.0
3225 1.0
3231 1.0
3237 1.0
3250 1.0
3275 1.0
3300 1.0
3325 1.0
3330 0.14285714285714285
3331 0.8571428571428571
3350 1.0
3356 1.0
3400 1.0
3425 1.0
3450 1.0
3525 1.0
3550 1.0
3650 1.0
3781 1.0
3787 1.0
3806 1.0
3812 1.0
3831 1.0
3837 1.0
3856 1.0
3875 1.0
3900 1.0
3905 0.14285714285714285
3906 0.8571428571428571
3925 1.0
3931 1.0
3950 1.0
3955 0.1
3956 0.9
3962 1.0
3975 1.0
3981 1.0
3987 1.0
4000 1.0
4025 1.0
4050 1.0
4055 0.3333333333333333
4056 0.6666666666666666
4075 1.0
4081 1.0
4150 1.0
4175 1.0
4275 1.0
4406 1.0
4412 1.0
4431 1.0
4437 1.0
4456 1.0
4462 1.0
4481 1.0
4500 1.0
4525 1.0
4531 1.0
4550 1.0
4556 1.0
4575 1.0
4581 1.0
4587 1.0
4606 1.0
4612 1.0
4650 1.0
4655 0.6666666666666666
4656 0.3333333333333333
4675 1.0
4680 0.17647058823529413
4681 0.8235294117647058
4700 1.0
4705 0.1111111111111111
4706 0.8888888888888888
4775 1.0
4780 1.0
4800 1.0
4900 1.0
5031 1.0
5037 1.0
5043 1.0
5056 1.0
5062 1.0
5125 1.0
5131 1.0
5150 1.0
5156 1.0
5181 1.0
5187 1.0
5206 1.0
5211 0.05555555555555555
5212 0.9444444444444444
5231 1.0
5250 1.0
5275 1.0
5280 0.3333333333333333
5281 0.6666666666666666
5300 1.0
5306 1.0
5331 1.0
5400 1.0
5406 1.0
5425 1.0
5525 1.0
5656 1.0
5662 1.0
5775 1.0
5781 1.0
5787 1.0
5806 1.0
5811 0.16666666666666666
5812 0.8333333333333334
5831 1.0
5836 0.125
5837 0.875
5843 1.0
5856 1.0
5900 1.0
5906 1.0
5925 1.0
5931 1.0
5937 1.0
5956 1.0
5961 0.3333333333333333
5962 0.6666666666666666
6025 1.0
6030 0.5
6031 0.5
6050 1.0
6055 0.09090909090909091
6056 0.9090909090909091
6150 1.0
6275 1.0
6281 1.0
6300 1.0
6306 1.0
6312 1.0
6325 1.0
6331 1.0
6350 1.0
6356 1.0
6375 1.0
6400 1.0
6425 1.0
6450 1.0
6475 1.0
6500 1.0
6525 1.0
6550 1.0
6575 1.0
6650 1.0
6675 1.0
6775 1.0
6900 1.0
6905 0.3333333333333333
6906 0.6666666666666666
6925 1.0
6930 0.14285714285714285
6931 0.8571428571428571
6937 1.0
6956 1.0
6962 1.0
6975 1.0
6981 1.0
6987 1.0
7025 1.0
7050 1.0
7075 1.0
7080 0.2857142857142857
7081 0.7142857142857143
7100 1.0
7105 0.3333333333333333
7106 0.6666666666666666
7150 1.0
7175 1.0
7200 1.0
7275 1.0
7300 1.0
7400 1.0
7525 1.0
7531 1.0
7537 1.0
7555 0.16666666666666666
7556 0.8333333333333334
7562 1.0
7581 1.0
7587 1.0
7606 1.0
7650 1.0
7675 1.0
7681 1.0
7700 1.0
7705 0.043478260869565216
7706 0.9565217391304348
7730 0.18181818181818182
7731 0.8181818181818182
7750 1.0
7775 1.0
7800 1.0
7825 1.0
7900 1.0
7925 1.0
8025 1.0
8155 0.125
8156 0.875
8162 1.0
8181 1.0
8187 1.0
8206 1.0
8212 1.0
8237 1.0
8250 1.0
8275 1.0
8280 0.2
8281 0.8
8300 1.0
8305 0.125
8306 0.875
8325 1.0
8330 0.05405405405405406
8331 0.9459459459459459
8337 1.0
8356 1.0
8362 1.0
8375 1.0
8400 1.0
8425 1.0
8431 1.0
8450 1.0
8456 1.0
8525 1.0
8550 1.0
8650 1.0
8781 1.0
8806 1.0
8812 1.0
8837 1.0
8862 1.0
8875 1.0
8900 1.0
8905 0.2
8906 0.8
8925 1.0
8930 0.1
8931 0.9
8956 1.0
8962 1.0
8981 1.0
8987 1.0
9000 1.0
9025 1.0
9050 1.0
9056 1.0
9075 1.0
9081 1.0
9150 1.0
9175 1.0
9275 1.0
9400 1.0
9425 1.0
9431 1.0
9450 1.0
9456 1.0
9462 1.0
9475 1.0
9481 1.0
9487 1.0
9525 1.0
9550 1.0
9575 1.0
9600 1.0
9625 1.0
9650 1.0
9675 1.0
9700 1.0
9750 1.0
9775 1.0
9800 1.0
9900 1.0
10025 1.0
10050 1.0
10056 1.0
10062 1.0
10080 0.25
10081 0.75
10100 1.0
10105 0.034482758620689655
10106 0.9655172413793104
10112 1.0
10150 1.0
10175 1.0
10200 1.0
10225 1.0
10250 1.0
10275 1.0
10300 1.0
10325 1.0
10400 1.0
10425 1.0
10500 1.0
10525 1.0
10650 1.0
10655 1.0
10675 1.0
10681 1.0
10706 1.0
10731 1.0
10737 1.0
10775 1.0
10800 1.0
10825 1.0
10830 0.5
10831 0.5
10850 1.0
10855 0.2857142857142857
10856 0.7142857142857143
10875 1.0
10900 1.0
10925 1.0
10950 1.0
11025 1.0
11050 1.0
11150 1.0
11275 1.0
11280 0.16666666666666666
11281 0.8333333333333334
11305 0.125
11306 0.875
11331 1.0
11337 1.0
11356 1.0
11362 1.0
11400 1.0
11425 1.0
11450 1.0
11455 0.1
11456 0.9
11480 0.07692307692307693
11481 0.9230769230769231
11500 1.0
11525 1.0
11550 1.0
11575 1.0
11650 1.0
11675 1.0
11775 1.0
11900 1.0
11906 1.0
11931 1.0
11937 1.0
11962 1.0
12000 1.0
12025 1.0
12050 1.0
12056 1.0
12075 1.0
12080 0.037037037037037035
12081 0.9629629629629629
12106 1.0
12150 1.0
12175 1.0
12200 1.0
12275 1.0
12300 1.0
12400 1.0
12525 1.0
12550 1.0
12556 1.0
12562 1.0
12575 1.0
12581 1.0
12600 1.0
12605 0.06666666666666667
12606 0.9333333333333333
12625 1.0
12650 1.0
12675 1.0
12700 1.0
12725 1.0
12750 1.0
12775 1.0
12800 1.0
12825 1.0
12875 1.0
12900 1.0
12925 1.0
13000 1.0
13025 1.0
13150 1.0
13175 1.0
13181 1.0
13187 1.0
13200 1.0
13206 1.0
13225 1.0
13230 0.07142857142857142
13231 0.9285714285714286
13237 1.0
13250 1.0
13275 1.0
13300 1.0
13325 1.0
13350 1.0
13400 1.0
13425 1.0
13450 1.0
13500 1.0
13525 1.0
13550 1.0
13625 1.0
13650 1.0
13775 1.0
13781 1.0
13800 1.0
13806 1.0
13812 1.0
13831 1.0
13837 1.0
13850 1.0
13855 0.041666666666666664
13856 0.9583333333333334
13862 1.0
13900 1.0
13925 1.0
13950 1.0
13975 1.0
14000 1.0
14025 1.0
14050 1.0
14075 1.0
14150 1.0
14175 1.0
14250 1.0
14275 1.0
14400 1.0
14412 1.0
14425 1.0
14431 1.0
14437 1.0
14450 1.0
14456 1.0
14462 1.0
14481 1.0
14487 1.0
14500 1.0
14525 1.0
14550 1.0
14575 1.0
14580 0.4
14581 0.6
14600 1.0
14605 0.25
14606 0.75
14625 1.0
14650 1.0
14675 1.0
14700 1.0
14775 1.0
14800 1.0
14900 1.0
15025 1.0
15030 0.5
15031 0.5
15037 1.0
15050 1.0
15055 0.14285714285714285
15056 0.8571428571428571
15062 1.0
15081 1.0
15087 1.0
15106 1.0
15112 1.0
15150 1.0
15175 1.0
15200 1.0
15205 0.11764705882352941
15206 0.8823529411764706
15225 1.0
15230 0.09523809523809523
15231 0.9047619047619048
15275 1.0
15300 1.0
15325 1.0
15400 1.0
15425 1.0
15525 1.0
