0 1.0
6 1.0
25 1.0
31 0.9387755102040817
32 0.061224489795918366
37 1.0
43 1.0
49 1.0
50 1.0
56 0.9803921568627451
57 0.0196078431372549
62 0.9681528662420382
63 0.03184713375796178
68 0.9933333333333333
69 0.006666666666666667
74 1.0
75 1.0
81 0.959349593495935
82 0.04065040650406504
87 0.9724137931034482
88 0.027586206896551724
93 1.0
99 1.0
100 0.9733333333333334
101 0.02666666666666667
106 0.9819819819819819
107 0.018018018018018018
112 1.0
118 1.0
125 1.0
131 0.9629629629629629
132 0.037037037037037035
137 1.0
143 0.9444444444444444
144 0.05555555555555555
149 1.0
156 1.0
162 0.9333333333333333
163 0.06666666666666667
168 0.9340277777777778
169 0.06597222222222222
174 1.0
187 0.7222222222222222
188 0.2777777777777778
193 0.9777777777777777
194 0.022222222222222223
199 1.0
250 1.0
256 1.0
262 1.0
268 0.9818181818181818
269 0.01818181818181818
274 1.0
287 1.0
293 0.8181818181818182
294 0.18181818181818182
299 1.0
375 1.0
381 1.0
387 0.9090909090909091
388 0.09090909090909091
393 1.0
399 1.0
506 1.0
512 0.9375
513 0.0625
518 0.9166666666666666
519 0.08333333333333333
524 1.0
