0 0.9230769230769231
1 0.07692307692307693
6 1.0
12 1.0
25 1.0
31 0.9772727272727273
32 0.022727272727272728
37 1.0
43 0.9912280701754386
44 0.008771929824561403
49 1.0
50 1.0
56 0.9736842105263158
57 0.02631578947368421
62 0.9701492537313433
63 0.029850746268656716
68 0.9822485207100592
69 0.01775147928994083
74 1.0
75 0.9772727272727273
76 0.022727272727272728
81 0.9607843137254902
82 0.0392156862745098
87 0.9719626168224299
88 0.028037383177570093
93 1.0
100 1.0
106 1.0
112 1.0
118 1.0
125 1.0
131 0.95
132 0.05
137 0.9655172413793104
138 0.034482758620689655
143 0.8888888888888888
144 0.1111111111111111
149 1.0
156 1.0
162 1.0
168 0.9857142857142858
169 0.014285714285714285
174 1.0
193 1.0
199 1.0
256 1.0
262 0.9583333333333334
263 0.041666666666666664
268 0.9285714285714286
269 0.07142857142857142
274 1.0
375 1.0
381 0.8333333333333334
382 0.16666666666666666
387 1.0
393 0.9259259259259259
394 0.07407407407407407
399 1.0
506 1.0
512 1.0
518 1.0
524 1.0
