57 1.0
62 1.0
83 1.0
88 1.0
109 1.0
114 1.0
182 1.0
187 1.0
207 0.09090909090909091
208 0.9090909090909091
213 1.0
234 1.0
239 1.0
265 1.0
307 1.0
317 1.0
395 1.0
411 1.0
416 1.0
656 1.0
776 1.0
781 1.0
807 1.0
828 1.0
833 1.0
911 1.0
916 1.0
932 1.0
937 1.0
952 0.5
953 0.5
958 1.0
1036 1.0
1057 1.0
1140 1.0
1145 1.0
1166 1.0
1401 1.0
1406 1.0
1427 1.0
1526 1.0
1531 1.0
1536 1.0
1552 1.0
1557 1.0
1651 1.0
1656 1.0
1661 1.0
1677 1.0
1682 1.0
1765 1.0
2000 1.0
2010 1.0
2031 1.0
2130 1.0
2151 1.0
2156 1.0
2177 1.0
2265 1.0
2276 1.0
2281 1.0
2286 1.0
2302 1.0
2390 1.0
2395 1.0
2411 1.0
2625 1.0
2750 1.0
2765 1.0
2770 1.0
2885 1.0
2901 1.0
2906 1.0
2910 0.5
2911 0.5
3010 1.0
3015 1.0
3020 1.0
3026 1.0
3031 1.0
3036 1.0
3161 1.0
3187 1.0
3213 1.0
3281 1.0
3286 1.0
3291 1.0
3307 1.0
3312 1.0
3332 0.125
3333 0.875
3338 1.0
3358 0.3333333333333333
3359 0.6666666666666666
3364 1.0
3411 1.0
3416 1.0
3437 1.0
3458 1.0
3520 1.0
3541 1.0
3786 1.0
3812 1.0
3906 1.0
3911 1.0
3932 1.0
3937 1.0
3958 1.0
4015 1.0
4020 1.0
4052 1.0
4057 1.0
4062 1.0
4083 1.0
4140 1.0
4161 1.0
4166 1.0
4182 1.0
4187 1.0
4270 1.0
4531 1.0
4651 1.0
4656 1.0
4666 1.0
4677 1.0
4682 1.0
4776 1.0
4781 1.0
4786 1.0
4791 1.0
4802 1.0
4807 1.0
4890 1.0
4895 1.0
4911 1.0
4916 1.0
5151 1.0
5156 1.0
5160 1.0
5255 1.0
5276 1.0
5281 1.0
5385 1.0
5401 1.0
5406 1.0
5411 1.0
5510 1.0
5520 1.0
5526 1.0
5536 1.0
5755 1.0
5760 1.0
5875 1.0
5880 1.0
5885 1.0
5895 1.0
5901 1.0
5906 1.0
6005 1.0
6010 1.0
6015 1.0
6026 1.0
6031 1.0
6135 1.0
6140 1.0
6145 1.0
6151 1.0
6155 0.16666666666666666
6156 0.8333333333333334
6161 1.0
6286 1.0
6390 1.0
6395 1.0
6411 1.0
6416 1.0
6432 1.0
6437 1.0
6463 1.0
6515 1.0
6536 1.0
6557 1.0
6562 1.0
6567 1.0
6583 1.0
6588 1.0
6645 1.0
6661 1.0
6666 1.0
6692 1.0
6770 1.0
7015 1.0
7031 1.0
7036 1.0
7140 1.0
7166 1.0
7182 1.0
7187 1.0
7208 1.0
7265 1.0
7270 1.0
7281 1.0
7286 1.0
7291 1.0
7307 1.0
7312 1.0
7390 1.0
7395 1.0
7656 1.0
7765 1.0
7770 1.0
7781 1.0
7786 1.0
7791 1.0
7885 1.0
7890 1.0
7895 1.0
7901 1.0
7906 1.0
7911 1.0
7916 1.0
7931 0.25
7932 0.75
8015 1.0
8041 1.0
8255 1.0
8380 1.0
8390 1.0
8406 1.0
8510 1.0
8515 1.0
8526 1.0
8531 1.0
8536 1.0
8640 1.0
8645 1.0
8656 1.0
8661 1.0
8666 1.0
8875 1.0
8885 1.0
9000 1.0
9005 1.0
9010 1.0
9015 1.0
9025 1.0
9031 1.0
9130 1.0
9135 1.0
9140 1.0
9151 1.0
9156 1.0
9260 1.0
9265 1.0
9270 1.0
9276 1.0
9281 1.0
9286 1.0
9416 1.0
9515 1.0
9536 1.0
9541 1.0
9562 1.0
9588 1.0
9666 1.0
9682 1.0
9687 1.0
9692 1.0
9707 1.0
9713 1.0
9770 1.0
9786 1.0
9791 1.0
9796 1.0
9895 1.0
9916 1.0
10156 1.0
10161 1.0
10265 1.0
10270 1.0
10281 1.0
10286 1.0
10307 1.0
10312 1.0
10333 1.0
10390 1.0
10395 1.0
10411 1.0
10416 1.0
10432 1.0
10436 0.2
10437 0.8
10515 1.0
10520 1.0
10541 1.0
10760 1.0
10781 1.0
10786 1.0
10890 1.0
10906 1.0
10932 1.0
11015 1.0
11031 1.0
11036 1.0
11041 1.0
11056 0.16666666666666666
11057 0.8333333333333334
11140 1.0
11145 1.0
11406 1.0
11505 1.0
11515 1.0
11531 1.0
11536 1.0
11635 1.0
11640 1.0
11651 1.0
11656 1.0
11661 1.0
11760 1.0
11770 1.0
11776 1.0
11781 1.0
12005 1.0
12125 1.0
12130 1.0
12135 1.0
12156 1.0
12250 1.0
12255 1.0
12265 1.0
12276 1.0
12280 0.125
12281 0.875
12286 1.0
12390 1.0
12395 1.0
12400 0.5
12401 0.5
12406 1.0
12411 1.0
12640 1.0
12645 1.0
12661 1.0
12666 1.0
12687 1.0
12692 1.0
12713 1.0
12765 1.0
12770 1.0
12791 1.0
12807 1.0
12812 1.0
12817 1.0
12838 1.0
12843 1.0
12890 1.0
12916 1.0
12937 1.0
12942 1.0
13020 1.0
13265 1.0
13286 1.0
13390 1.0
13406 1.0
13411 1.0
13432 1.0
13437 1.0
13515 1.0
13520 1.0
13531 1.0
13536 1.0
13541 1.0
13556 0.25
13557 0.75
13640 1.0
13645 1.0
13666 1.0
13885 1.0
13890 1.0
13906 1.0
14015 1.0
14031 1.0
14036 1.0
14057 1.0
14140 1.0
14156 1.0
14161 1.0
14166 1.0
14182 1.0
14187 1.0
14265 1.0
14270 1.0
14281 1.0
14286 1.0
14291 1.0
14510 1.0
14630 1.0
14635 1.0
14640 1.0
14656 1.0
14661 1.0
14760 1.0
14765 1.0
14781 1.0
14786 1.0
14885 1.0
14890 1.0
14895 1.0
14906 1.0
14911 1.0
15130 1.0
15255 1.0
15260 1.0
15385 1.0
15401 1.0
15406 1.0
15505 1.0
15510 1.0
15515 1.0
15520 1.0
15526 1.0
15531 1.0
15536 1.0
15682 1.0
15687 1.0
15708 1.0
15713 1.0
15729 1.0
15733 0.037037037037037035
15734 0.9629629629629629
15739 1.0
15828 1.0
15833 1.0
15854 1.0
15859 1.0
16276 1.0
16281 1.0
16302 1.0
16307 1.0
16333 1.0
16354 1.0
16427 1.0
16452 0.08333333333333333
16453 0.9166666666666666
16458 1.0
16479 1.0
16552 1.0
16577 0.125
16578 0.875
16901 1.0
17026 1.0
17051 0.2
17052 0.8
17151 1.0
17176 0.125
17177 0.875
17203 1.0
17276 1.0
17301 0.5
17302 0.5
17651 1.0
17750 1.0
17775 0.07142857142857142
17776 0.9285714285714286
17801 1.0
17900 0.02702702702702703
17901 0.972972972972973
17926 1.0
18026 1.0
18375 1.0
18500 1.0
18525 0.045454545454545456
18526 0.9545454545454546
18625 1.0
18650 0.2
18651 0.8
18781 1.0
18786 1.0
18807 1.0
18812 1.0
18833 1.0
18859 1.0
18953 1.0
18958 1.0
18963 1.0
18978 1.0
18984 1.0
18989 1.0
19406 1.0
19432 1.0
19526 1.0
19552 1.0
19557 1.0
19578 1.0
19582 0.14285714285714285
19583 0.8571428571428571
19677 1.0
19682 1.0
19703 1.0
19708 1.0
20151 1.0
20156 1.0
20177 1.0
20276 1.0
20301 0.1111111111111111
20302 0.8888888888888888
20401 1.0
20426 0.625
20427 0.375
20651 1.0
20750 1.0
20775 0.2
20776 0.8
20781 1.0
20875 1.0
20900 0.14285714285714285
20901 0.8571428571428571
21026 1.0
21051 1.0
21151 1.0
21375 1.0
21500 1.0
21526 1.0
21625 1.0
21651 1.0
21750 1.0
21775 0.25
21776 0.75
21906 1.0
21911 1.0
21932 1.0
21937 1.0
21958 1.0
21963 1.0
22057 1.0
22083 1.0
22088 1.0
22109 1.0
22114 1.0
22182 1.0
22536 1.0
22557 1.0
22656 1.0
22677 1.0
22681 0.2
22682 0.8
22708 1.0
22802 1.0
22807 1.0
22827 0.2
22828 0.8
22833 1.0
23276 1.0
23281 1.0
23401 1.0
23426 0.05263157894736842
23427 0.9473684210526315
23432 1.0
23526 1.0
23551 0.25
23552 0.75
23901 1.0
24025 0.07692307692307693
24026 0.9230769230769231
24051 1.0
24057 1.0
24151 1.0
24176 1.0
24276 1.0
24500 1.0
24625 1.0
24750 1.0
24775 0.08
24776 0.92
24875 1.0
24900 0.3333333333333333
24901 0.6666666666666666
25031 1.0
25036 1.0
25062 1.0
25182 1.0
25186 0.25
25187 0.75
25207 0.0625
25208 0.9375
25213 1.0
25234 1.0
25307 1.0
25333 1.0
25338 1.0
25656 1.0
25682 1.0
25781 1.0
25807 1.0
25832 0.5
25833 0.5
25927 1.0
25932 1.0
25957 0.25
25958 0.75
26052 1.0
26057 1.0
26281 1.0
26406 1.0
26526 1.0
26531 1.0
26551 0.2857142857142857
26552 0.7142857142857143
26557 1.0
26651 1.0
26676 0.4
26677 0.6
27026 1.0
27031 1.0
27151 1.0
27156 1.0
27276 1.0
27401 1.0
27625 1.0
27750 1.0
27775 0.25
27776 0.75
27875 1.0
27900 0.043478260869565216
27901 0.9565217391304348
28000 1.0
28025 0.1
28026 0.9
28156 1.0
28161 1.0
28286 1.0
28307 1.0
28312 1.0
28333 1.0
28338 1.0
28343 1.0
28432 1.0
28437 1.0
28458 1.0
28463 1.0
28781 1.0
28906 1.0
28911 1.0
28932 1.0
28958 1.0
29052 1.0
29057 1.0
29062 1.0
29083 1.0
29177 1.0
29182 1.0
29526 1.0
29531 1.0
29651 1.0
29656 1.0
29677 1.0
29682 1.0
29776 1.0
29781 1.0
29801 0.25
29802 0.75
29806 0.3333333333333333
29807 0.6666666666666666
30151 1.0
30276 1.0
30281 1.0
30401 1.0
30406 1.0
30526 1.0
30750 1.0
30776 1.0
30875 1.0
31000 1.0
31025 0.07692307692307693
31026 0.9230769230769231
31125 1.0
31150 0.1111111111111111
31151 0.8888888888888888
31281 1.0
31307 1.0
31312 1.0
31328 1.0
31333 1.0
31354 1.0
31359 1.0
31453 1.0
31479 1.0
31901 1.0
31926 0.16666666666666666
31927 0.8333333333333334
31953 1.0
31979 1.0
32026 1.0
32051 0.25
32052 0.75
32078 1.0
32103 0.25
32104 0.75
32177 1.0
32202 0.14285714285714285
32203 0.8571428571428571
32526 1.0
32651 1.0
32676 0.25
32677 0.75
32776 1.0
32801 0.05
32802 0.95
32901 1.0
32927 1.0
33275 0.5
33276 0.5
33375 1.0
33401 1.0
33526 1.0
33650 0.07692307692307693
33651 0.9230769230769231
34000 1.0
34125 1.0
34150 0.125
34151 0.875
34250 1.0
34275 0.5
34276 0.5
34432 1.0
34437 1.0
34458 1.0
34463 1.0
34479 1.0
34484 1.0
34489 1.0
34578 1.0
34583 1.0
34604 1.0
34609 1.0
35026 1.0
35031 1.0
35052 1.0
35057 1.0
35151 1.0
35177 1.0
35202 0.13333333333333333
35203 0.8666666666666667
35208 1.0
35302 1.0
35328 1.0
35776 1.0
35802 1.0
35901 1.0
35926 0.047619047619047616
35927 0.9523809523809523
36026 1.0
36051 0.25
36052 0.75
36375 1.0
36401 1.0
36500 1.0
36526 1.0
36551 1.0
36651 1.0
36775 0.2
36776 0.8
37000 1.0
37125 1.0
37250 1.0
37276 1.0
37375 1.0
37400 0.8888888888888888
37401 0.1111111111111111
37536 1.0
37557 1.0
37562 1.0
37583 1.0
37588 1.0
37609 1.0
37703 1.0
37708 1.0
37729 1.0
37734 1.0
38151 1.0
38182 1.0
38276 1.0
38302 1.0
38328 1.0
38333 1.0
38354 1.0
38427 1.0
38452 0.3333333333333333
38453 0.6666666666666666
38901 1.0
38927 1.0
39026 1.0
39051 0.05555555555555555
39052 0.9444444444444444
39151 1.0
39176 0.18181818181818182
39177 0.8181818181818182
39525 0.5
39526 0.5
39625 1.0
39651 1.0
39776 1.0
39901 1.0
40125 1.0
40250 1.0
40375 1.0
40400 0.25
40401 0.75
40500 1.0
40525 0.42857142857142855
40526 0.5714285714285714
40656 1.0
40661 1.0
40682 1.0
40687 1.0
40708 1.0
40713 1.0
40739 1.0
40807 1.0
40828 1.0
40833 1.0
40838 1.0
40858 0.2
40859 0.8
41281 1.0
41401 1.0
41406 1.0
41427 1.0
41432 1.0
41452 0.5
41453 0.5
41458 1.0
41552 1.0
41577 0.08333333333333333
41578 0.9166666666666666
41906 1.0
42026 1.0
42031 1.0
42052 1.0
42151 1.0
42177 1.0
42276 1.0
42301 0.14285714285714285
42302 0.8571428571428571
42650 0.6666666666666666
42651 0.3333333333333333
42750 1.0
42776 1.0
42801 1.0
42901 1.0
43026 1.0
43250 1.0
43275 1.0
43375 1.0
43500 1.0
43525 0.16666666666666666
43526 0.8333333333333334
43625 1.0
43650 0.5
43651 0.5
43781 1.0
43807 1.0
43812 1.0
43838 1.0
43864 1.0
43953 1.0
43957 0.037037037037037035
43958 0.9629629629629629
43963 1.0
43984 1.0
43989 1.0
44406 1.0
44531 1.0
44552 1.0
44557 1.0
44578 1.0
44583 1.0
44677 1.0
44682 1.0
44702 0.5
44703 0.5
44708 1.0
44802 1.0
45151 1.0
45156 1.0
45276 1.0
45301 0.14285714285714285
45302 0.8571428571428571
45401 1.0
45426 0.18181818181818182
45427 0.8181818181818182
45526 1.0
45775 0.3333333333333333
45776 0.6666666666666666
45875 1.0
45901 1.0
46026 1.0
46151 1.0
46375 1.0
46400 1.0
46500 1.0
46526 1.0
46625 1.0
46650 0.29411764705882354
46651 0.7058823529411765
46750 1.0
46775 0.14285714285714285
46776 0.8571428571428571
46932 1.0
46952 0.2
46953 0.8
46958 1.0
46963 1.0
46979 1.0
46984 1.0
46989 1.0
47078 1.0
47104 1.0
47552 1.0
47578 1.0
47604 1.0
47677 1.0
47702 0.06666666666666667
47703 0.9333333333333333
47729 1.0
47802 1.0
47827 0.42857142857142855
47828 0.5714285714285714
47927 1.0
48151 1.0
48276 1.0
48302 1.0
48401 1.0
48426 0.2222222222222222
48427 0.7777777777777778
48526 1.0
48551 0.75
48552 0.25
48651 1.0
48901 1.0
49000 1.0
49025 0.25
49026 0.75
49150 0.0967741935483871
49151 0.9032258064516129
49250 1.0
49275 0.26666666666666666
49276 0.7333333333333333
49500 1.0
49625 1.0
49750 1.0
49775 0.5
49776 0.5
49875 1.0
49900 0.8
49901 0.2
50052 1.0
50057 1.0
50062 1.0
50078 1.0
50083 1.0
50104 1.0
50109 1.0
50114 1.0
50203 1.0
50229 1.0
50676 0.3333333333333333
50677 0.6666666666666666
50776 1.0
50802 1.0
50828 1.0
50854 1.0
50927 1.0
50952 0.625
50953 0.375
51052 1.0
51276 1.0
51401 1.0
51427 1.0
51526 1.0
51552 1.0
51651 1.0
51676 0.6
51677 0.4
51776 1.0
52000 1.0
52026 1.0
52125 1.0
52151 1.0
52275 0.12
52276 0.88
52401 1.0
52625 1.0
52750 1.0
52875 1.0
52900 0.25
52901 0.75
53000 1.0
53025 0.625
53026 0.375
53177 1.0
53182 1.0
53208 1.0
53234 1.0
53239 1.0
53328 1.0
53333 1.0
53354 1.0
53359 1.0
53776 1.0
53802 1.0
53807 1.0
53833 1.0
53901 1.0
53927 1.0
53953 1.0
53958 1.0
53979 1.0
54052 1.0
54077 0.08333333333333333
54078 0.9166666666666666
54401 1.0
54526 1.0
54551 1.0
54676 0.05263157894736842
54677 0.9473684210526315
54776 1.0
54801 0.3333333333333333
54802 0.6666666666666666
55125 1.0
55150 0.5
55151 0.5
55250 1.0
55275 0.2
55276 0.8
55375 1.0
55401 1.0
55526 1.0
55875 1.0
56000 1.0
56025 0.2
56026 0.8
56125 1.0
56150 0.3333333333333333
56151 0.6666666666666666
56307 1.0
56333 1.0
56338 1.0
56359 1.0
56364 1.0
56453 1.0
56458 1.0
56484 1.0
56578 1.0
56901 1.0
56932 1.0
57026 1.0
57051 0.125
57052 0.875
57057 1.0
57078 1.0
57083 1.0
57177 1.0
57202 0.14285714285714285
57203 0.8571428571428571
57526 1.0
57651 1.0
57776 1.0
57801 0.06666666666666667
57802 0.9333333333333333
57901 1.0
57926 0.42857142857142855
57927 0.5714285714285714
58026 1.0
58250 1.0
58276 1.0
58375 1.0
58400 0.2
58401 0.8
58426 1.0
58526 1.0
58651 1.0
59000 1.0
59125 1.0
59150 0.5
59151 0.5
59250 1.0
59275 1.0
59432 1.0
59437 1.0
59463 1.0
59578 1.0
59583 1.0
59609 1.0
60031 1.0
60057 1.0
60151 1.0
60177 1.0
60182 1.0
60203 1.0
60208 1.0
60302 1.0
60327 0.3
60328 0.7
60427 1.0
60776 1.0
60802 1.0
60901 1.0
60926 0.04
60927 0.96
61026 1.0
61051 0.25
61052 0.75
61151 1.0
61500 1.0
61526 1.0
61651 1.0
61776 1.0
62000 1.0
62125 1.0
62250 1.0
62275 0.42857142857142855
62276 0.5714285714285714
62375 1.0
62400 0.2
62401 0.8
62552 1.0
62557 1.0
62562 1.0
62578 1.0
62604 1.0
62609 1.0
62728 0.25
62729 0.75
63177 1.0
63203 1.0
63229 1.0
63302 1.0
63327 0.04
63328 0.96
63354 1.0
63427 1.0
63453 1.0
63552 1.0
63776 1.0
63801 1.0
63901 1.0
64026 1.0
64051 0.1
64052 0.9
64151 1.0
64176 0.2
64177 0.8
64276 1.0
64525 1.0
64625 1.0
64651 1.0
64776 1.0
64875 1.0
64900 0.11764705882352941
64901 0.8823529411764706
65125 1.0
65250 1.0
65375 1.0
65400 1.0
65500 1.0
65525 1.0
65677 1.0
65682 1.0
65687 1.0
65703 1.0
65728 0.08333333333333333
65729 0.9166666666666666
65733 0.047619047619047616
65734 0.9523809523809523
65739 1.0
65828 1.0
65854 1.0
66276 1.0
66302 1.0
66328 1.0
66426 0.25
66427 0.75
66453 1.0
66478 0.5
66479 0.5
66552 1.0
66577 0.3
66578 0.7
66677 1.0
66901 1.0
67026 1.0
67052 1.0
67151 1.0
67177 1.0
67203 1.0
67276 1.0
67301 0.5
67302 0.5
67401 1.0
67625 1.0
67651 1.0
67750 1.0
67776 1.0
67875 1.0
67900 0.1
67901 0.9
68000 1.0
68025 0.2
68026 0.8
68250 1.0
68375 1.0
68500 1.0
68526 1.0
68625 1.0
68650 1.0
68802 1.0
68807 1.0
68812 1.0
68828 1.0
68833 1.0
68838 1.0
68859 1.0
68953 1.0
68979 1.0
68984 1.0
69427 1.0
69432 1.0
69526 1.0
69552 1.0
69577 0.043478260869565216
69578 0.9565217391304348
69604 1.0
69677 1.0
69703 1.0
70026 1.0
70151 1.0
70177 1.0
70276 1.0
70302 1.0
70401 1.0
70427 1.0
70776 1.0
70875 1.0
70901 1.0
71000 1.0
71025 0.05555555555555555
71026 0.9444444444444444
71125 1.0
71150 0.2222222222222222
71151 0.7777777777777778
71375 1.0
71500 1.0
71625 1.0
71650 0.5714285714285714
71651 0.42857142857142855
71750 1.0
71775 0.75
71776 0.25
71911 1.0
71927 1.0
71932 1.0
71937 1.0
71958 1.0
71963 1.0
71984 1.0
71989 1.0
72078 1.0
72083 1.0
72104 1.0
72108 0.25
72109 0.75
72526 1.0
72531 1.0
72552 1.0
72677 1.0
72703 1.0
72708 1.0
72802 1.0
72828 1.0
72927 1.0
72952 1.0
73276 1.0
73401 1.0
73426 0.045454545454545456
73427 0.9545454545454546
73526 1.0
73551 0.2
73552 0.8
73875 1.0
73901 1.0
74000 1.0
74026 1.0
74151 1.0
74250 1.0
74275 0.09090909090909091
74276 0.9090909090909091
74500 1.0
74625 1.0
74750 1.0
74775 0.6666666666666666
74776 0.3333333333333333
74875 1.0
74900 0.6
74901 0.4
75036 1.0
75057 1.0
75062 1.0
75083 1.0
75088 1.0
75109 1.0
75114 1.0
75177 1.0
75203 1.0
75208 1.0
75228 0.3333333333333333
75229 0.6666666666666666
75234 1.0
75651 1.0
75776 1.0
75801 0.125
75802 0.875
75827 0.125
75828 0.875
75833 1.0
75927 1.0
75952 0.16666666666666666
75953 0.8333333333333334
76052 1.0
76276 1.0
76401 1.0
76427 1.0
76526 1.0
76552 1.0
76651 1.0
76676 0.5
76677 0.5
77000 1.0
77026 1.0
77125 1.0
77151 1.0
77276 1.0
77400 0.1
77401 0.9
77750 1.0
77875 1.0
77900 0.5
77901 0.5
78000 1.0
78025 0.625
78026 0.375
