0 1.0
6 1.0
12 1.0
25 1.0
31 1.0
37 0.9615384615384616
38 0.038461538461538464
43 0.9764705882352941
44 0.023529411764705882
49 1.0
50 1.0
56 0.975
57 0.025
62 0.9925925925925926
63 0.007407407407407408
68 0.9844559585492227
69 0.015544041450777202
74 1.0
75 0.9795918367346939
76 0.02040816326530612
81 0.9905660377358491
82 0.009433962264150943
87 0.9910714285714286
88 0.008928571428571428
93 0.9583333333333334
94 0.041666666666666664
99 1.0
100 1.0
106 0.989247311827957
107 0.010752688172043012
112 1.0
118 1.0
125 1.0
131 1.0
137 0.9285714285714286
138 0.07142857142857142
143 0.9183673469387755
144 0.08163265306122448
149 1.0
156 0.75
157 0.25
162 1.0
168 0.9619565217391305
169 0.03804347826086957
174 1.0
193 1.0
199 1.0
250 1.0
256 1.0
262 1.0
268 1.0
274 1.0
375 1.0
381 1.0
387 1.0
393 1.0
399 1.0
506 1.0
512 1.0
518 1.0
524 1.0
