0 1.0
6 1.0
25 0.9512195121951219
26 0.04878048780487805
31 1.0
50 0.9431818181818182
51 0.056818181818181816
56 0.9761904761904762
57 0.023809523809523808
62 1.0
75 0.9652173913043478
76 0.034782608695652174
81 0.9522058823529411
82 0.04779411764705882
87 1.0
100 0.9461077844311377
101 0.05389221556886228
106 0.9794871794871794
107 0.020512820512820513
112 0.9814814814814815
113 0.018518518518518517
125 0.95
126 0.05
131 1.0
150 1.0
156 0.9594594594594594
157 0.04054054054054054
162 0.9078947368421053
163 0.09210526315789473
168 1.0
181 0.9759036144578314
182 0.024096385542168676
187 0.9208860759493671
188 0.07911392405063292
193 0.9813664596273292
194 0.018633540372670808
206 0.8048780487804879
207 0.1951219512195122
212 0.9407665505226481
213 0.059233449477351915
218 0.98989898989899
219 0.010101010101010102
232 1.0
237 0.9545454545454546
238 0.045454545454545456
250 1.0
256 1.0
262 1.0
274 1.0
275 1.0
281 0.8484848484848485
282 0.15151515151515152
287 0.8692307692307693
288 0.13076923076923078
293 0.8930817610062893
294 0.1069182389937107
299 1.0
312 0.8412698412698413
313 0.15873015873015872
318 0.9243421052631579
319 0.0756578947368421
324 1.0
344 1.0
375 0.8888888888888888
376 0.1111111111111111
381 0.92
382 0.08
387 1.0
393 0.7948717948717948
394 0.20512820512820512
399 1.0
406 0.7272727272727273
407 0.2727272727272727
412 0.8245614035087719
413 0.17543859649122806
418 0.8701298701298701
419 0.12987012987012986
424 1.0
500 1.0
506 0.9117647058823529
507 0.08823529411764706
512 0.9459459459459459
513 0.05405405405405406
518 0.8888888888888888
519 0.1111111111111111
524 1.0
532 1.0
537 0.782608695652174
538 0.21739130434782608
543 0.9318181818181818
544 0.06818181818181818
549 1.0
