0 1.0
6 1.0
25 0.9473684210526315
26 0.05263157894736842
31 1.0
37 1.0
50 0.9746835443037974
51 0.02531645569620253
56 0.9645390070921985
57 0.03546099290780142
62 1.0
75 0.9724770642201835
76 0.027522935779816515
81 0.95
82 0.05
87 1.0
100 0.9931506849315068
101 0.00684931506849315
106 0.9845360824742269
107 0.015463917525773196
112 1.0
118 1.0
125 0.8888888888888888
126 0.1111111111111111
131 1.0
150 1.0
156 0.9384615384615385
157 0.06153846153846154
162 0.9634146341463414
163 0.036585365853658534
168 1.0
174 1.0
181 0.8333333333333334
182 0.16666666666666666
187 0.9340277777777778
188 0.06597222222222222
193 0.9892857142857143
194 0.010714285714285714
199 1.0
206 0.85
207 0.15
212 0.9336283185840708
213 0.06637168141592921
218 0.9879518072289156
219 0.012048192771084338
237 1.0
243 1.0
250 0.8888888888888888
251 0.1111111111111111
256 1.0
262 0.8333333333333334
263 0.16666666666666666
268 0.8
269 0.2
274 1.0
281 0.875
282 0.125
287 0.897196261682243
288 0.102803738317757
293 0.918848167539267
294 0.08115183246073299
299 1.0
312 0.9090909090909091
313 0.09090909090909091
318 0.9041916167664671
319 0.09580838323353294
324 1.0
375 1.0
381 0.8636363636363636
382 0.13636363636363635
387 0.9444444444444444
388 0.05555555555555555
393 0.9148936170212766
394 0.0851063829787234
399 1.0
406 1.0
412 0.9534883720930233
413 0.046511627906976744
418 0.8679245283018868
419 0.1320754716981132
424 1.0
500 1.0
506 0.8928571428571429
507 0.10714285714285714
512 0.9782608695652174
513 0.021739130434782608
518 0.8695652173913043
519 0.13043478260869565
524 1.0
537 1.0
543 0.9574468085106383
544 0.0425531914893617
549 1.0
