0 1.0
6 1.0
12 1.0
25 0.9285714285714286
26 0.07142857142857142
31 1.0
37 0.9811320754716981
38 0.018867924528301886
43 1.0
49 1.0
50 1.0
56 1.0
62 0.9714285714285714
63 0.02857142857142857
68 0.9635416666666666
69 0.036458333333333336
74 1.0
75 0.9807692307692307
76 0.019230769230769232
81 0.9906542056074766
82 0.009345794392523364
87 0.9921259842519685
88 0.007874015748031496
93 1.0
99 1.0
100 0.9850746268656716
101 0.014925373134328358
106 0.9901960784313726
107 0.00980392156862745
112 1.0
125 1.0
131 1.0
137 1.0
143 1.0
149 1.0
156 1.0
162 0.9285714285714286
163 0.07142857142857142
168 0.9655172413793104
169 0.034482758620689655
174 1.0
187 1.0
193 0.9714285714285714
194 0.02857142857142857
199 1.0
250 1.0
256 1.0
262 0.96875
263 0.03125
268 0.94
269 0.06
274 1.0
293 1.0
299 1.0
375 1.0
381 1.0
387 1.0
393 1.0
399 1.0
506 0.9166666666666666
507 0.08333333333333333
512 0.9166666666666666
513 0.08333333333333333
518 1.0
524 1.0
