0 1.0
6 1.0
12 1.0
25 0.9375
26 0.0625
31 0.96
32 0.04
37 0.9803921568627451
38 0.0196078431372549
43 0.96875
44 0.03125
49 1.0
50 1.0
56 0.9795918367346939
57 0.02040816326530612
62 0.951048951048951
63 0.04895104895104895
68 0.9888268156424581
69 0.0111731843575419
74 1.0
75 0.9811320754716981
76 0.018867924528301886
81 0.9454545454545454
82 0.05454545454545454
87 0.9927536231884058
88 0.007246376811594203
93 0.9791666666666666
94 0.020833333333333332
100 0.9855072463768116
101 0.014492753623188406
106 0.9905660377358491
107 0.009433962264150943
112 1.0
125 1.0
131 0.9583333333333334
132 0.041666666666666664
137 1.0
143 0.8717948717948718
144 0.1282051282051282
149 1.0
156 1.0
162 0.9574468085106383
163 0.0425531914893617
168 0.9554655870445344
169 0.044534412955465584
174 1.0
187 0.75
188 0.25
193 0.9259259259259259
194 0.07407407407407407
199 1.0
250 1.0
256 0.9166666666666666
257 0.08333333333333333
262 1.0
268 0.9615384615384616
269 0.038461538461538464
274 1.0
293 1.0
299 1.0
375 1.0
381 1.0
387 1.0
393 1.0
399 1.0
506 1.0
512 1.0
518 0.9696969696969697
519 0.030303030303030304
524 1.0
