62 1.0
162 1.0
166 0.5
167 0.5
187 0.75
188 0.25
192 0.5
193 0.5
213 0.8
214 0.2
270 1.0
291 1.0
312 0.75
313 0.25
317 1.0
338 1.0
343 1.0
395 1.0
416 1.0
421 1.0
515 1.0
520 1.0
541 1.0
786 1.0
791 1.0
812 1.0
817 1.0
911 0.6666666666666666
912 0.3333333333333333
916 1.0
937 0.6666666666666666
938 0.3333333333333333
942 1.0
963 1.0
1041 0.6666666666666666
1042 0.3333333333333333
1067 1.0
1140 1.0
1145 1.0
1171 1.0
1411 1.0
1416 1.0
1437 1.0
1541 1.0
1562 0.875
1563 0.125
1567 1.0
1588 1.0
1661 1.0
1666 0.8333333333333334
1667 0.16666666666666666
1687 1.0
1692 1.0
1770 1.0
1791 1.0
2015 1.0
2036 0.6666666666666666
2037 0.3333333333333333
2041 1.0
2062 1.0
2161 1.0
2166 1.0
2187 0.9333333333333333
2188 0.06666666666666667
2192 1.0
2213 1.0
2270 1.0
2291 1.0
2312 1.0
2317 1.0
2395 1.0
2416 1.0
2421 1.0
2661 1.0
2666 1.0
2770 1.0
2786 1.0
2812 1.0
2817 1.0
2838 1.0
2890 1.0
2895 0.5
2896 0.5
2916 1.0
2921 1.0
2937 1.0
3015 1.0
3020 1.0
3041 1.0
3046 1.0
3166 1.0
3270 1.0
3291 0.75
3292 0.25
3313 1.0
3317 1.0
3338 1.0
3396 1.0
3416 0.6666666666666666
3417 0.3333333333333333
3437 1.0
3442 0.75
3443 0.25
3463 1.0
3468 1.0
3541 1.0
3567 1.0
3645 1.0
3791 0.5
3792 0.5
3890 1.0
3911 1.0
3916 1.0
3937 1.0
3963 1.0
3968 1.0
4020 1.0
4042 1.0
4062 0.8333333333333334
4063 0.16666666666666666
4067 0.8888888888888888
4068 0.1111111111111111
4088 1.0
4166 0.8333333333333334
4167 0.16666666666666666
4171 1.0
4192 1.0
4270 1.0
4291 1.0
4296 1.0
4542 1.0
4567 1.0
4588 1.0
4645 1.0
4662 1.0
4687 1.0
4692 1.0
4713 1.0
4770 1.0
4791 1.0
4796 1.0
4817 1.0
4895 1.0
4916 1.0
5140 1.0
5161 1.0
5166 1.0
5286 1.0
5291 0.75
5292 0.25
5312 1.0
5317 1.0
5390 1.0
5396 1.0
5411 1.0
5416 1.0
5421 1.0
5437 1.0
5515 1.0
5520 1.0
5546 1.0
5770 1.0
5786 1.0
5791 1.0
5890 1.0
5895 1.0
5911 0.6
5912 0.4
5916 0.8
5917 0.2
5937 1.0
6015 1.0
6020 1.0
6036 1.0
6041 1.0
6062 1.0
6067 1.0
6140 1.0
6145 1.0
6166 1.0
6171 1.0
6291 1.0
6395 1.0
6411 1.0
6416 1.0
6421 1.0
6437 0.5
6438 0.5
6442 0.5
6443 0.5
6468 1.0
6515 1.0
6520 1.0
6541 1.0
6546 1.0
6562 0.6666666666666666
6563 0.3333333333333333
6567 1.0
6588 1.0
6593 1.0
6666 0.875
6667 0.125
6671 1.0
6692 1.0
6770 1.0
6796 1.0
7020 1.0
7036 1.0
7041 1.0
7067 1.0
7140 1.0
7145 1.0
7187 1.0
7192 1.0
7213 1.0
7218 1.0
7265 1.0
7270 1.0
7291 0.8333333333333334
7292 0.16666666666666666
7296 1.0
7317 1.0
7390 1.0
7395 1.0
7666 1.0
7687 1.0
7770 1.0
7786 1.0
7791 1.0
7812 1.0
7817 1.0
7843 1.0
7890 1.0
7895 1.0
7916 0.7777777777777778
7917 0.2222222222222222
7921 1.0
7942 1.0
8015 1.0
8020 0.75
8021 0.25
8286 1.0
8291 1.0
8395 1.0
8416 1.0
8421 1.0
8437 1.0
8442 1.0
8515 1.0
8536 1.0
8541 0.7777777777777778
8542 0.2222222222222222
8546 1.0
8562 1.0
8567 1.0
8640 1.0
8645 1.0
8671 1.0
8895 1.0
8911 1.0
8916 1.0
9015 1.0
9020 1.0
9036 1.0
9041 1.0
9062 1.0
9067 1.0
9140 1.0
9161 1.0
9166 0.8571428571428571
9167 0.14285714285714285
9171 1.0
9187 1.0
9192 1.0
9265 1.0
9270 1.0
9291 1.0
9296 1.0
9416 1.0
9515 1.0
9541 1.0
9562 1.0
9567 1.0
9666 1.0
9687 1.0
9692 1.0
9713 1.0
9770 1.0
9791 0.75
9792 0.25
9796 1.0
9817 1.0
9895 1.0
9916 1.0
10166 1.0
10192 1.0
10265 1.0
10270 1.0
10286 1.0
10291 0.6666666666666666
10292 0.3333333333333333
10312 1.0
10317 1.0
10338 1.0
10343 1.0
10390 1.0
10416 1.0
10421 1.0
10437 1.0
10442 1.0
10515 1.0
10520 1.0
10546 1.0
10765 1.0
10791 1.0
10796 1.0
10890 1.0
10895 1.0
10911 0.5
10912 0.5
10916 1.0
10937 1.0
10942 1.0
11021 1.0
11041 1.0
11062 1.0
11067 1.0
11140 0.5
11141 0.5
11145 1.0
11416 1.0
11515 1.0
11520 1.0
11536 1.0
11541 0.75
11542 0.25
11562 1.0
11567 1.0
11640 0.6666666666666666
11641 0.3333333333333333
11645 1.0
11666 1.0
11671 1.0
11687 1.0
11692 1.0
11765 1.0
11770 1.0
12015 1.0
12036 1.0
12041 1.0
12145 1.0
12161 1.0
12187 1.0
12192 1.0
12270 1.0
12286 1.0
12291 1.0
12312 1.0
12390 1.0
12395 1.0
12421 1.0
12640 0.5
12641 0.5
12661 1.0
12666 1.0
12770 1.0
12791 0.5
12792 0.5
12812 0.75
12813 0.25
12817 1.0
12838 1.0
12890 1.0
12895 1.0
12912 1.0
12916 1.0
12921 1.0
12942 1.0
13020 1.0
13265 1.0
13270 1.0
13291 1.0
13317 1.0
13390 1.0
13395 1.0
13412 1.0
13416 1.0
13437 1.0
13442 1.0
13463 1.0
13541 1.0
13546 1.0
13562 1.0
13640 1.0
13645 1.0
13666 1.0
13671 1.0
13890 1.0
13916 1.0
13942 1.0
14020 1.0
14037 1.0
14041 1.0
14062 1.0
14067 1.0
14141 1.0
14145 0.3333333333333333
14146 0.6666666666666666
14166 0.9
14167 0.1
14171 1.0
14187 1.0
14192 1.0
14270 1.0
14291 1.0
14296 1.0
14515 1.0
14541 1.0
14640 1.0
14645 1.0
14666 1.0
14687 1.0
14692 1.0
14765 0.3333333333333333
14766 0.6666666666666666
14770 1.0
14791 0.9
14792 0.1
14796 1.0
14812 1.0
14817 1.0
14895 1.0
14916 1.0
14921 1.0
15140 1.0
15166 1.0
15270 1.0
15291 1.0
15312 1.0
15317 1.0
15390 1.0
15395 1.0
15411 1.0
15416 1.0
15421 1.0
15437 1.0
15442 1.0
15515 1.0
15520 1.0
15541 1.0
15546 1.0
15661 1.0
15687 1.0
15708 0.5
15709 0.5
15713 0.8
15714 0.2
15734 1.0
15739 1.0
15812 0.75
15813 0.25
15833 0.6666666666666666
15834 0.3333333333333333
15838 0.9473684210526315
15839 0.05263157894736842
15859 1.0
15864 1.0
16286 0.6666666666666666
16287 0.3333333333333333
16307 1.0
16312 1.0
16333 1.0
16338 1.0
16437 0.25
16438 0.75
16458 0.8823529411764706
16459 0.11764705882352941
16463 1.0
16484 1.0
16489 1.0
16588 1.0
16911 1.0
16937 1.0
17057 1.0
17062 0.6666666666666666
17063 0.3333333333333333
17083 1.0
17088 1.0
17109 1.0
17114 1.0
17208 1.0
17536 1.0
17661 1.0
17682 1.0
17687 0.8888888888888888
17688 0.1111111111111111
17708 1.0
17713 1.0
17807 1.0
17812 0.5
17813 0.5
17833 1.0
17838 1.0
18281 1.0
18307 1.0
18312 1.0
18333 1.0
18337 0.14285714285714285
18338 0.8571428571428571
18432 1.0
18437 1.0
18458 1.0
18463 1.0
18786 1.0
18791 1.0
18812 1.0
18912 1.0
18937 0.5
18938 0.5
18958 1.0
18963 0.8571428571428571
18964 0.14285714285714285
18984 1.0
18989 1.0
19088 1.0
19416 1.0
19437 1.0
19463 1.0
19536 1.0
19562 0.5
19563 0.5
19583 0.8571428571428571
19584 0.14285714285714285
19588 0.95
19589 0.05
19609 1.0
19614 1.0
19687 1.0
19713 1.0
20036 1.0
20062 1.0
20161 1.0
20187 0.8
20188 0.2
20208 1.0
20213 1.0
20312 0.5
20313 0.5
20333 1.0
20338 1.0
20661 1.0
20666 1.0
20687 1.0
20781 1.0
20786 1.0
20807 1.0
20812 1.0
20833 1.0
20838 1.0
20932 1.0
20937 0.5714285714285714
20938 0.42857142857142855
20958 1.0
20963 1.0
21286 1.0
21411 1.0
21432 1.0
21437 1.0
21457 0.16666666666666666
21458 0.8333333333333334
21463 1.0
21557 1.0
21562 1.0
21583 1.0
21588 1.0
21911 1.0
21916 1.0
21937 1.0
21942 1.0
21963 1.0
22062 0.8
22063 0.2
22083 1.0
22088 1.0
22109 1.0
22114 1.0
22188 1.0
22208 1.0
22562 1.0
22567 1.0
22661 1.0
22687 1.0
22708 1.0
22713 1.0
22739 1.0
22812 0.5
22813 0.5
22838 1.0
23161 1.0
23187 1.0
23286 1.0
23308 1.0
23312 0.8333333333333334
23313 0.16666666666666666
23333 1.0
23338 1.0
23437 1.0
23458 1.0
23463 1.0
23786 1.0
23812 1.0
23911 1.0
23932 1.0
23937 1.0
23958 1.0
23963 1.0
24062 1.0
24067 1.0
24083 1.0
24088 1.0
24411 1.0
24536 1.0
24557 1.0
24562 1.0
24583 1.0
24587 0.4
24588 0.6
24682 1.0
24687 1.0
24708 1.0
24712 0.3333333333333333
24713 0.6666666666666666
25036 1.0
25041 1.0
25062 1.0
25161 1.0
25166 1.0
25187 0.7142857142857143
25188 0.2857142857142857
25192 1.0
25208 1.0
25213 1.0
25218 1.0
25239 1.0
25338 1.0
25661 1.0
25687 1.0
25692 1.0
25786 0.6666666666666666
25787 0.3333333333333333
25812 0.9090909090909091
25813 0.09090909090909091
25838 1.0
25937 0.4
25938 0.6
25958 1.0
25963 1.0
26291 1.0
26312 1.0
26411 1.0
26432 1.0
26437 0.8333333333333334
26438 0.16666666666666666
26458 1.0
26463 1.0
26557 1.0
26562 1.0
26567 1.0
26583 1.0
26588 1.0
26911 1.0
27036 1.0
27057 1.0
27062 1.0
27083 1.0
27088 1.0
27182 1.0
27187 1.0
27192 1.0
27208 1.0
27212 0.2
27213 0.8
27536 1.0
27656 1.0
27661 1.0
27682 1.0
27687 1.0
27712 0.2
27713 0.8
27807 1.0
27812 1.0
27833 1.0
27838 1.0
28161 1.0
28166 1.0
28286 1.0
28291 1.0
28312 1.0
28317 1.0
28338 1.0
28343 1.0
28364 1.0
28437 1.0
28458 1.0
28463 1.0
28786 1.0
28791 1.0
28812 1.0
28916 1.0
28937 0.9166666666666666
28938 0.08333333333333333
28963 1.0
28989 1.0
29058 1.0
29062 1.0
29088 1.0
29093 1.0
29411 1.0
29442 1.0
29536 1.0
29561 0.3333333333333333
29562 0.6666666666666666
29583 1.0
29588 1.0
29687 1.0
29708 1.0
29713 1.0
30161 1.0
30187 1.0
30307 1.0
30312 1.0
30317 1.0
30333 1.0
30338 1.0
30781 1.0
30786 1.0
30911 1.0
30932 1.0
30937 1.0
30942 1.0
30957 0.5
30958 0.5
30963 1.0
31062 1.0
31286 1.0
31307 1.0
31312 1.0
31333 0.8333333333333334
31334 0.16666666666666666
31338 1.0
31359 1.0
31364 1.0
31932 1.0
31937 1.0
31958 0.8
31959 0.2
31963 1.0
31984 1.0
31989 1.0
32083 0.5
32084 0.5
32109 1.0
32536 1.0
32557 1.0
32562 1.0
32583 1.0
32588 1.0
32609 1.0
32614 1.0
32708 1.0
32734 1.0
33161 1.0
33182 1.0
33187 1.0
33208 1.0
33307 1.0
33333 1.0
33358 0.09090909090909091
33359 0.9090909090909091
33781 1.0
33807 1.0
33812 1.0
33833 1.0
33932 1.0
33958 1.0
33963 1.0
33984 1.0
34083 1.0
34412 1.0
34432 1.0
34437 1.0
34458 1.0
34463 1.0
34484 1.0
34489 1.0
34583 1.0
34609 1.0
34614 1.0
35036 1.0
35057 1.0
35062 1.0
35083 1.0
35088 1.0
35109 1.0
35114 1.0
35208 0.8461538461538461
35209 0.15384615384615385
35213 1.0
35234 1.0
35239 1.0
35661 1.0
35682 1.0
35687 1.0
35708 1.0
35734 1.0
35807 1.0
35833 0.8823529411764706
35834 0.11764705882352941
35838 1.0
35859 1.0
36286 1.0
36307 1.0
36312 1.0
36432 1.0
36458 1.0
36463 1.0
36484 1.0
36911 1.0
36932 1.0
36937 1.0
37057 1.0
37082 0.037037037037037035
37083 0.9629629629629629
37208 1.0
37536 1.0
37557 1.0
37562 1.0
37583 1.0
37588 0.8333333333333334
37589 0.16666666666666666
37609 1.0
37614 1.0
37708 1.0
37713 0.6666666666666666
37714 0.3333333333333333
37734 1.0
38161 1.0
38182 1.0
38187 1.0
38208 1.0
38213 0.8
38214 0.2
38239 1.0
38333 1.0
38338 1.0
38359 1.0
38364 1.0
38786 1.0
38807 1.0
38812 1.0
38838 1.0
38958 1.0
38963 1.0
38984 1.0
39411 1.0
39432 1.0
39437 1.0
39557 1.0
39583 1.0
39588 1.0
39609 1.0
39708 1.0
40036 1.0
40181 0.3333333333333333
40182 0.6666666666666666
40187 1.0
40208 1.0
40213 1.0
40332 0.25
40333 0.75
40666 1.0
40687 1.0
40692 1.0
40713 1.0
40739 1.0
40833 0.75
40834 0.25
40838 0.9166666666666666
40839 0.08333333333333333
40859 1.0
40864 1.0
41286 0.5
41287 0.5
41312 1.0
41338 1.0
41364 1.0
41438 1.0
41458 1.0
41463 1.0
41484 1.0
41489 1.0
41911 1.0
41932 1.0
41937 1.0
42057 1.0
42083 1.0
42088 1.0
42108 0.5
42109 0.5
42114 1.0
42208 1.0
42531 1.0
42536 1.0
42682 1.0
42687 1.0
42708 1.0
42712 0.07142857142857142
42713 0.9285714285714286
42807 1.0
42833 1.0
43161 1.0
43187 1.0
43286 1.0
43307 1.0
43312 1.0
43332 0.041666666666666664
43333 0.9583333333333334
43338 1.0
43432 1.0
43458 1.0
43807 1.0
43812 1.0
43838 1.0
43864 1.0
43958 1.0
43963 0.9583333333333334
43964 0.041666666666666664
43984 1.0
43989 1.0
44411 1.0
44437 1.0
44583 1.0
44588 1.0
44614 1.0
44708 1.0
45036 1.0
45062 1.0
45067 1.0
45187 1.0
45208 1.0
45213 1.0
45333 1.0
45661 1.0
45687 1.0
45781 1.0
45807 1.0
45812 1.0
45833 1.0
45837 0.1111111111111111
45838 0.8888888888888888
45932 1.0
45958 1.0
45963 1.0
46286 1.0
46311 1.0
46411 1.0
46432 1.0
46437 1.0
46457 0.09090909090909091
46458 0.9090909090909091
46463 1.0
46557 1.0
46583 1.0
46937 1.0
46958 0.875
46959 0.125
46963 1.0
46984 1.0
46989 1.0
47557 1.0
47562 1.0
47583 1.0
47609 1.0
47708 1.0
47734 1.0
48182 1.0
48187 1.0
48208 1.0
48229 1.0
48234 1.0
48328 1.0
48333 1.0
48354 1.0
48359 1.0
48807 1.0
48812 1.0
48832 0.07692307692307693
48833 0.9230769230769231
48859 1.0
48953 1.0
48958 1.0
48979 1.0
48983 0.2222222222222222
48984 0.7777777777777778
49432 1.0
49437 1.0
49458 1.0
49552 1.0
49578 1.0
49583 1.0
49603 0.25
49604 0.75
49608 0.15384615384615385
49609 0.8461538461538461
50057 1.0
50062 0.6666666666666666
50063 0.3333333333333333
50083 1.0
50088 1.0
50109 1.0
50114 1.0
50234 1.0
50682 1.0
50687 1.0
50708 1.0
50734 1.0
50859 1.0
51307 1.0
51312 1.0
51333 1.0
51359 1.0
51458 1.0
51479 1.0
51483 0.06666666666666667
51484 0.9333333333333333
51932 1.0
51937 1.0
51958 1.0
52078 1.0
52083 1.0
52109 1.0
52531 1.0
52536 1.0
52557 1.0
52562 1.0
52583 1.0
52703 1.0
52708 1.0
52733 0.5
52734 0.5
53182 1.0
53187 1.0
53208 0.75
53209 0.25
53213 1.0
53234 1.0
53239 1.0
53359 1.0
53807 1.0
53812 1.0
53833 1.0
53838 1.0
53859 1.0
53864 1.0
53958 1.0
53984 1.0
54406 1.0
54432 1.0
54437 1.0
54458 1.0
54484 1.0
54583 1.0
54609 1.0
55057 1.0
55062 1.0
55083 1.0
55208 1.0
55233 0.25
55234 0.75
55682 1.0
55807 1.0
55828 1.0
55833 1.0
55958 1.0
56312 1.0
56333 0.8571428571428571
56334 0.14285714285714285
56338 1.0
56359 1.0
56364 1.0
56458 1.0
56484 1.0
56489 1.0
56911 1.0
56932 1.0
56937 1.0
56958 1.0
56963 1.0
56984 1.0
56989 1.0
57083 1.0
57088 1.0
57109 1.0
57114 1.0
57557 1.0
57562 1.0
57583 1.0
57588 1.0
57708 1.0
57713 1.0
57734 1.0
57739 1.0
58156 1.0
58161 1.0
58182 1.0
58187 1.0
58213 1.0
58307 1.0
58332 0.02702702702702703
58333 0.972972972972973
58338 1.0
58358 0.16666666666666666
58359 0.8333333333333334
58807 1.0
58932 1.0
58958 1.0
59078 1.0
59083 1.0
59432 1.0
59437 1.0
59458 1.0
59463 1.0
59484 1.0
59489 1.0
59583 1.0
59609 1.0
59614 1.0
60057 1.0
60062 1.0
60083 1.0
60088 1.0
60208 1.0
60213 1.0
60234 1.0
60239 1.0
60661 1.0
60682 1.0
60687 1.0
60708 1.0
60713 1.0
60833 1.0
60838 1.0
60859 1.0
60864 1.0
61307 1.0
61432 1.0
61437 1.0
61458 1.0
61463 1.0
61483 0.5
61484 0.5
61583 1.0
61911 1.0
61931 0.5
61932 0.5
62057 1.0
62082 0.12121212121212122
62083 0.8787878787878788
62108 0.5
62109 0.5
62208 1.0
62557 1.0
62562 1.0
62583 1.0
62588 1.0
62604 1.0
62609 1.0
62614 1.0
63182 1.0
63187 1.0
63208 1.0
63213 1.0
63229 1.0
63234 1.0
63354 1.0
63807 1.0
63812 1.0
63833 1.0
63854 1.0
63859 1.0
63979 1.0
64427 1.0
64432 1.0
64458 1.0
64479 1.0
64484 1.0
64578 1.0
64583 1.0
64603 0.07692307692307693
64604 0.9230769230769231
64608 0.125
64609 0.875
65031 1.0
65052 1.0
65057 1.0
65062 1.0
65083 1.0
65109 1.0
65203 1.0
65208 1.0
65228 0.5555555555555556
65229 0.4444444444444444
65233 0.125
65234 0.875
65682 1.0
65687 1.0
65708 0.6666666666666666
65709 0.3333333333333333
65734 1.0
65739 1.0
66307 1.0
66333 1.0
66359 1.0
66479 1.0
66484 1.0
66932 1.0
66937 1.0
66958 1.0
66984 1.0
67078 1.0
67083 1.0
67104 1.0
67109 1.0
67557 1.0
67562 1.0
67583 1.0
67609 1.0
67703 1.0
67708 1.0
67728 0.25
67729 0.75
67733 0.25
67734 0.75
68161 1.0
68182 1.0
68208 1.0
68233 1.0
68328 1.0
68333 1.0
68353 0.3333333333333333
68354 0.6666666666666666
68358 0.25
68359 0.75
68807 1.0
68812 1.0
68833 0.5
68834 0.5
68838 1.0
68859 1.0
68864 1.0
68984 1.0
69432 1.0
69437 1.0
69458 1.0
69463 1.0
69484 1.0
69489 1.0
69609 1.0
70036 1.0
70057 1.0
70062 1.0
70083 1.0
70108 0.2
70109 0.8
70114 1.0
70208 1.0
70234 1.0
70677 1.0
70682 1.0
70687 1.0
70708 1.0
70734 1.0
70828 1.0
70833 1.0
70858 0.4166666666666667
70859 0.5833333333333334
71286 1.0
71307 1.0
71312 1.0
71333 1.0
71432 1.0
71453 1.0
71458 1.0
71479 1.0
71483 0.5714285714285714
71484 0.42857142857142855
71911 1.0
71932 1.0
71937 1.0
71958 1.0
71963 1.0
71984 1.0
71989 1.0
72109 1.0
72557 1.0
72562 1.0
72583 1.0
72588 1.0
72609 1.0
72708 1.0
72734 1.0
73182 1.0
73187 1.0
73208 1.0
73213 1.0
73234 1.0
73333 1.0
73358 0.23529411764705882
73359 0.7647058823529411
73806 0.125
73807 0.875
73812 1.0
73833 1.0
73953 1.0
73958 1.0
73978 1.0
73983 0.18181818181818182
73984 0.8181818181818182
74406 1.0
74432 1.0
74578 1.0
74582 0.029411764705882353
74583 0.9705882352941176
74608 0.3333333333333333
74609 0.6666666666666666
75036 1.0
75057 1.0
75062 1.0
75083 1.0
75088 1.0
75109 1.0
75114 1.0
75208 1.0
75234 1.0
75239 1.0
75656 1.0
75682 1.0
75687 1.0
75708 1.0
75713 1.0
75734 1.0
75739 1.0
75833 1.0
75858 0.05263157894736842
75859 0.9473684210526315
75864 1.0
76281 1.0
76286 1.0
76307 1.0
76312 1.0
76333 1.0
76338 1.0
76364 1.0
76458 1.0
76483 0.1111111111111111
76484 0.8888888888888888
76911 1.0
76932 1.0
76958 1.0
77083 1.0
77109 1.0
77557 1.0
77682 1.0
77703 1.0
77708 1.0
77733 1.0
77828 1.0
