0 1.0
6 1.0
12 1.0
25 1.0
31 0.9615384615384616
32 0.038461538461538464
37 0.9444444444444444
38 0.05555555555555555
43 0.9857142857142858
44 0.014285714285714285
49 1.0
50 0.9629629629629629
51 0.037037037037037035
56 0.9655172413793104
57 0.034482758620689655
62 0.9635036496350365
63 0.0364963503649635
68 0.9894179894179894
69 0.010582010582010581
74 1.0
75 1.0
81 0.9724770642201835
82 0.027522935779816515
87 0.9741379310344828
88 0.02586206896551724
93 1.0
99 1.0
100 1.0
106 0.98989898989899
107 0.010101010101010102
112 0.96
113 0.04
118 1.0
125 1.0
131 1.0
137 1.0
143 0.9047619047619048
144 0.09523809523809523
149 1.0
156 1.0
162 1.0
168 0.9351851851851852
169 0.06481481481481481
174 1.0
187 1.0
193 0.9473684210526315
194 0.05263157894736842
199 1.0
250 1.0
256 0.9090909090909091
257 0.09090909090909091
262 0.9259259259259259
263 0.07407407407407407
268 0.9607843137254902
269 0.0392156862745098
274 1.0
299 1.0
375 1.0
381 1.0
387 1.0
393 0.9354838709677419
394 0.06451612903225806
399 1.0
506 1.0
512 0.9166666666666666
513 0.08333333333333333
518 0.9666666666666667
519 0.03333333333333333
524 1.0
