0 1.0
6 1.0
25 1.0
31 0.9795918367346939
32 0.02040816326530612
37 1.0
43 1.0
50 1.0
56 0.9716981132075472
57 0.02830188679245283
62 0.9868421052631579
63 0.013157894736842105
68 1.0
74 1.0
75 1.0
81 0.968503937007874
82 0.031496062992125984
87 0.972972972972973
88 0.02702702702702703
93 1.0
99 1.0
100 0.9868421052631579
101 0.013157894736842105
106 0.990990990990991
107 0.009009009009009009
112 0.96875
113 0.03125
125 1.0
131 0.9642857142857143
132 0.03571428571428571
137 1.0
143 0.9705882352941176
144 0.029411764705882353
149 1.0
156 1.0
162 0.8787878787878788
163 0.12121212121212122
168 0.958041958041958
169 0.04195804195804196
174 1.0
187 0.9090909090909091
188 0.09090909090909091
193 0.97
194 0.03
199 1.0
250 1.0
256 1.0
262 1.0
268 0.9642857142857143
269 0.03571428571428571
274 1.0
287 1.0
293 1.0
299 1.0
375 1.0
381 0.9333333333333333
382 0.06666666666666667
387 0.8333333333333334
388 0.16666666666666666
393 0.9743589743589743
394 0.02564102564102564
399 1.0
506 1.0
512 1.0
518 0.8780487804878049
519 0.12195121951219512
524 1.0
