0 0.95
1 0.05
6 1.0
25 1.0
31 0.9615384615384616
32 0.038461538461538464
37 1.0
50 0.953125
51 0.046875
56 0.9777777777777777
57 0.022222222222222223
62 1.0
68 1.0
75 0.9885057471264368
76 0.011494252873563218
81 0.9675925925925926
82 0.032407407407407406
87 0.9943820224719101
88 0.0056179775280898875
93 1.0
100 0.9838709677419355
101 0.016129032258064516
106 0.9745222929936306
107 0.025477707006369428
112 0.9791666666666666
113 0.020833333333333332
118 1.0
125 0.9285714285714286
126 0.07142857142857142
131 1.0
137 1.0
150 1.0
156 0.9607843137254902
157 0.0392156862745098
162 0.9646017699115044
163 0.035398230088495575
168 0.9765625
169 0.0234375
174 1.0
181 0.7777777777777778
182 0.2222222222222222
187 0.9456066945606695
188 0.05439330543933055
193 0.9432432432432433
194 0.05675675675675676
199 1.0
206 1.0
212 0.8863636363636364
213 0.11363636363636363
218 1.0
250 1.0
256 0.8928571428571429
257 0.10714285714285714
262 1.0
268 0.8918918918918919
269 0.10810810810810811
274 1.0
281 0.75
282 0.25
287 0.8846153846153846
288 0.11538461538461539
293 0.9025157232704403
294 0.09748427672955975
299 1.0
318 0.8823529411764706
319 0.11764705882352941
324 1.0
375 0.8571428571428571
376 0.14285714285714285
381 0.9444444444444444
382 0.05555555555555555
387 1.0
393 0.8873239436619719
394 0.11267605633802817
399 1.0
412 1.0
418 0.918918918918919
419 0.08108108108108109
424 1.0
500 0.6666666666666666
501 0.3333333333333333
506 1.0
512 0.972972972972973
513 0.02702702702702703
518 0.918918918918919
519 0.08108108108108109
524 1.0
543 0.6666666666666666
544 0.3333333333333333
549 1.0
