31 1.0
56 1.0
62 1.0
81 1.0
87 1.0
106 1.0
112 1.0
137 1.0
150 1.0
155 0.07142857142857142
156 0.9285714285714286
161 0.5
162 0.5
180 0.1111111111111111
181 0.8888888888888888
187 1.0
200 1.0
206 1.0
211 0.14285714285714285
212 0.8571428571428571
231 1.0
237 1.0
268 1.0
274 1.0
275 1.0
281 1.0
287 1.0
293 1.0
300 1.0
305 0.18518518518518517
306 0.8148148148148148
311 0.15384615384615385
312 0.8461538461538461
318 1.0
325 1.0
331 1.0
336 1.0
387 1.0
393 1.0
399 1.0
400 1.0
406 1.0
411 0.13333333333333333
412 0.8666666666666667
418 1.0
425 1.0
430 0.2
431 0.8
437 1.0
517 0.14285714285714285
518 0.8571428571428571
523 0.1111111111111111
524 0.8888888888888888
537 1.0
543 1.0
662 1.0
668 1.0
687 1.0
712 1.0
756 1.0
762 1.0
781 1.0
787 1.0
793 1.0
806 1.0
811 0.2
812 0.8
831 1.0
837 1.0
856 1.0
862 1.0
887 1.0
899 1.0
900 1.0
906 1.0
912 1.0
918 1.0
925 1.0
930 0.029411764705882353
931 0.9705882352941176
936 0.07142857142857142
937 0.9285714285714286
942 1.0
956 1.0
1012 1.0
1018 1.0
1024 1.0
1025 1.0
1030 0.1111111111111111
1031 0.8888888888888888
1036 0.15384615384615385
1037 0.8461538461538461
1043 1.0
1050 1.0
1056 1.0
1143 1.0
1149 1.0
1150 1.0
1156 1.0
1161 0.3333333333333333
1162 0.6666666666666666
1167 0.25
1168 0.75
1287 1.0
1387 1.0
1393 1.0
1399 1.0
1406 1.0
1412 1.0
1418 1.0
1431 1.0
1436 0.2
1437 0.8
1462 1.0
1506 1.0
1512 1.0
1517 0.1111111111111111
1518 0.8888888888888888
1524 1.0
1525 1.0
1531 1.0
1536 0.125
1537 0.875
1543 1.0
1556 1.0
1561 0.058823529411764705
1562 0.9411764705882353
1568 1.0
1581 1.0
1586 0.2
1587 0.8
1593 1.0
1643 1.0
1649 1.0
1650 1.0
1656 1.0
1662 1.0
1667 0.08333333333333333
1668 0.9166666666666666
1674 1.0
1681 1.0
1686 0.25
1687 0.75
1693 1.0
1762 1.0
1768 1.0
1774 1.0
1775 1.0
1781 1.0
1787 1.0
1793 1.0
1918 1.0
2006 1.0
2012 1.0
2018 1.0
2031 1.0
2037 1.0
2043 1.0
2062 1.0
2068 1.0
2087 1.0
2137 1.0
2143 1.0
2149 1.0
2156 1.0
2162 1.0
2181 1.0
2187 1.0
2192 0.14285714285714285
2193 0.8571428571428571
2206 1.0
2211 0.25
2212 0.75
2262 1.0
2268 1.0
2274 1.0
2275 1.0
2281 1.0
2287 1.0
2293 1.0
2299 1.0
2306 1.0
2312 1.0
2387 1.0
2393 1.0
2398 0.07142857142857142
2399 0.9285714285714286
2405 0.5
2406 0.5
2412 1.0
2418 1.0
2423 1.0
2637 1.0
2642 0.25
2643 0.75
2649 1.0
2656 1.0
2662 1.0
2667 0.2
2668 0.8
2687 1.0
2693 1.0
2712 1.0
2762 1.0
2768 1.0
2774 1.0
2781 1.0
2787 1.0
2793 1.0
2806 1.0
2812 1.0
2818 1.0
2837 1.0
2843 1.0
2887 1.0
2893 1.0
2899 1.0
2905 0.045454545454545456
2906 0.9545454545454546
2911 0.041666666666666664
2912 0.9583333333333334
2917 0.125
2918 0.875
2931 1.0
2936 0.16666666666666666
2937 0.8333333333333334
2943 1.0
3018 1.0
3024 1.0
3031 1.0
3036 0.14285714285714285
3037 0.8571428571428571
3042 0.125
3043 0.875
3156 1.0
3175 1.0
3181 1.0
3187 1.0
3200 1.0
3206 1.0
3212 1.0
3225 1.0
3231 1.0
3237 1.0
3275 1.0
3300 1.0
3306 1.0
3325 1.0
3330 0.05555555555555555
3331 0.9444444444444444
3350 1.0
3355 0.75
3356 0.25
3400 1.0
3425 1.0
3430 1.0
3450 1.0
3525 1.0
3550 1.0
3650 1.0
3781 1.0
3787 1.0
3806 1.0
3812 1.0
3831 1.0
3837 1.0
3856 1.0
3875 1.0
3900 1.0
3906 1.0
3925 1.0
3931 1.0
3950 1.0
3956 1.0
3961 0.5
3962 0.5
3975 1.0
3981 1.0
3987 1.0
4025 1.0
4050 1.0
4055 0.4
4056 0.6
4075 1.0
4081 1.0
4150 1.0
4175 1.0
4275 1.0
4406 1.0
4412 1.0
4431 1.0
4437 1.0
4456 1.0
4462 1.0
4487 1.0
4506 1.0
4525 1.0
4531 1.0
4550 1.0
4556 1.0
4561 1.0
4575 1.0
4580 0.06060606060606061
4581 0.9393939393939394
4587 1.0
4606 1.0
4612 1.0
4650 1.0
4655 0.5
4656 0.5
4675 1.0
4680 0.1111111111111111
4681 0.8888888888888888
4700 1.0
4705 0.16666666666666666
4706 0.8333333333333334
4775 1.0
4800 1.0
4805 1.0
4900 1.0
5031 1.0
5037 1.0
5043 1.0
5056 1.0
5062 1.0
5125 1.0
5150 1.0
5155 0.06666666666666667
5156 0.9333333333333333
5181 1.0
5186 0.14285714285714285
5187 0.8571428571428571
5206 1.0
5212 1.0
5231 1.0
5236 1.0
5275 1.0
5280 0.25
5281 0.75
5300 1.0
5305 0.05263157894736842
5306 0.9473684210526315
5331 1.0
5400 1.0
5425 1.0
5431 1.0
5525 1.0
5656 1.0
5661 0.16666666666666666
5662 0.8333333333333334
5681 1.0
5775 1.0
5781 1.0
5787 1.0
5806 1.0
5811 0.2222222222222222
5812 0.7777777777777778
5831 1.0
5837 1.0
5843 1.0
5862 1.0
5900 1.0
5905 0.1111111111111111
5906 0.8888888888888888
5925 1.0
5930 0.06976744186046512
5931 0.9302325581395349
5936 0.2
5937 0.8
5956 1.0
5962 1.0
6025 1.0
6030 0.3
6031 0.7
6050 1.0
6055 0.25
6056 0.75
6150 1.0
6275 1.0
6281 1.0
6300 1.0
6306 1.0
6312 1.0
6325 1.0
6331 1.0
6350 1.0
6355 0.08695652173913043
6356 0.9130434782608695
6400 1.0
6425 1.0
6450 1.0
6475 1.0
6500 1.0
6525 1.0
6550 1.0
6575 1.0
6650 1.0
6675 1.0
6775 1.0
6900 1.0
6906 1.0
6925 1.0
6930 0.18181818181818182
6931 0.8181818181818182
6937 1.0
6956 1.0
6962 1.0
6975 1.0
6981 1.0
6987 1.0
7025 1.0
7050 1.0
7075 1.0
7080 0.25
7081 0.75
7100 1.0
7106 1.0
7150 1.0
7175 1.0
7200 1.0
7275 1.0
7300 1.0
7400 1.0
7531 1.0
7537 1.0
7556 1.0
7562 1.0
7581 1.0
7587 1.0
7606 1.0
7650 1.0
7675 1.0
7681 1.0
7700 1.0
7705 0.08
7706 0.92
7731 1.0
7775 1.0
7800 1.0
7825 1.0
7900 1.0
7925 1.0
8025 1.0
8156 1.0
8162 1.0
8181 1.0
8187 1.0
8206 1.0
8212 1.0
8237 1.0
8250 1.0
8275 1.0
8280 0.25
8281 0.75
8300 1.0
8305 0.125
8306 0.875
8325 1.0
8330 0.02564102564102564
8331 0.9743589743589743
8336 0.3333333333333333
8337 0.6666666666666666
8356 1.0
8362 1.0
8400 1.0
8425 1.0
8431 1.0
8450 1.0
8456 1.0
8525 1.0
8550 1.0
8650 1.0
8781 1.0
8786 1.0
8806 1.0
8812 1.0
8837 1.0
8862 1.0
8875 1.0
8900 1.0
8906 1.0
8925 1.0
8930 0.07692307692307693
8931 0.9230769230769231
8956 1.0
8962 1.0
8981 1.0
8987 1.0
9025 1.0
9050 1.0
9055 0.6363636363636364
9056 0.36363636363636365
9075 1.0
9081 1.0
9150 1.0
9175 1.0
9275 1.0
9400 1.0
9425 1.0
9430 0.3333333333333333
9431 0.6666666666666666
9450 1.0
9456 1.0
9462 1.0
9475 1.0
9480 0.047619047619047616
9481 0.9523809523809523
9487 1.0
9525 1.0
9550 1.0
9575 1.0
9600 1.0
9625 1.0
9650 1.0
9675 1.0
9700 1.0
9775 1.0
9800 1.0
9900 1.0
10025 1.0
10030 1.0
10050 1.0
10056 1.0
10062 1.0
10081 1.0
10100 1.0
10106 1.0
10112 1.0
10150 1.0
10175 1.0
10200 1.0
10225 1.0
10275 1.0
10300 1.0
10325 1.0
10400 1.0
10425 1.0
10525 1.0
10650 1.0
10655 0.5
10656 0.5
10675 1.0
10681 1.0
10706 1.0
10731 1.0
10737 1.0
10775 1.0
10800 1.0
10825 1.0
10830 0.16666666666666666
10831 0.8333333333333334
10850 1.0
10855 0.125
10856 0.875
10875 1.0
10900 1.0
10925 1.0
10950 1.0
11025 1.0
11050 1.0
11075 1.0
11150 1.0
11275 1.0
11281 1.0
11306 1.0
11311 0.5
11312 0.5
11331 1.0
11337 1.0
11356 1.0
11362 1.0
11400 1.0
11425 1.0
11450 1.0
11455 0.06451612903225806
11456 0.9354838709677419
11480 0.07142857142857142
11481 0.9285714285714286
11525 1.0
11550 1.0
11575 1.0
11650 1.0
11675 1.0
11775 1.0
11900 1.0
11906 1.0
11931 1.0
11937 1.0
11962 1.0
12025 1.0
12050 1.0
12055 0.25
12056 0.75
12075 1.0
12080 0.0625
12081 0.9375
12106 1.0
12150 1.0
12175 1.0
12200 1.0
12205 1.0
12275 1.0
12300 1.0
12400 1.0
12525 1.0
12550 1.0
12556 1.0
12562 1.0
12575 1.0
12581 1.0
12600 1.0
12605 0.0625
12606 0.9375
12650 1.0
12675 1.0
12700 1.0
12725 1.0
12750 1.0
12775 1.0
12800 1.0
12825 1.0
12900 1.0
12925 1.0
13025 1.0
13150 1.0
13156 1.0
13175 1.0
13181 1.0
13187 1.0
13200 1.0
13206 1.0
13225 1.0
13230 0.03225806451612903
13231 0.967741935483871
13237 1.0
13275 1.0
13300 1.0
13325 1.0
13350 1.0
13400 1.0
13425 1.0
13450 1.0
13525 1.0
13550 1.0
13650 1.0
13775 1.0
13781 1.0
13800 1.0
13806 1.0
13812 1.0
13825 1.0
13831 1.0
13837 1.0
13850 1.0
13855 0.07692307692307693
13856 0.9230769230769231
13862 1.0
13875 1.0
13900 1.0
13925 1.0
13950 1.0
13975 1.0
13980 1.0
14025 1.0
14050 1.0
14075 1.0
14150 1.0
14175 1.0
14275 1.0
14400 1.0
14412 1.0
14425 1.0
14431 1.0
14437 1.0
14455 0.14285714285714285
14456 0.8571428571428571
14462 1.0
14481 1.0
14487 1.0
14525 1.0
14550 1.0
14575 1.0
14580 0.14285714285714285
14581 0.8571428571428571
14600 1.0
14606 1.0
14650 1.0
14675 1.0
14700 1.0
14775 1.0
14800 1.0
14900 1.0
15025 1.0
15031 1.0
15037 1.0
15050 1.0
15056 1.0
15062 1.0
15081 1.0
15087 1.0
15106 1.0
15112 1.0
15150 1.0
15175 1.0
15200 1.0
15205 0.1
15206 0.9
15225 1.0
15230 0.045454545454545456
15231 0.9545454545454546
15275 1.0
15300 1.0
15325 1.0
15400 1.0
15425 1.0
15525 1.0
