0 1.0
6 1.0
25 0.9761904761904762
26 0.023809523809523808
31 1.0
50 0.9473684210526315
51 0.05263157894736842
56 0.9831932773109243
57 0.01680672268907563
62 1.0
75 0.953125
76 0.046875
81 0.9734848484848485
82 0.026515151515151516
87 1.0
100 0.95
101 0.05
106 0.9760765550239234
107 0.023923444976076555
112 1.0
125 1.0
131 1.0
150 0.7
151 0.3
156 0.9583333333333334
157 0.041666666666666664
162 1.0
168 1.0
181 0.8504672897196262
182 0.14953271028037382
187 0.9377162629757786
188 0.06228373702422145
193 1.0
206 0.855072463768116
207 0.14492753623188406
212 0.9487951807228916
213 0.05120481927710843
218 1.0
231 1.0
237 0.9629629629629629
238 0.037037037037037035
250 0.9090909090909091
251 0.09090909090909091
256 1.0
262 1.0
275 0.5
276 0.5
281 0.9523809523809523
282 0.047619047619047616
287 0.9032258064516129
288 0.0967741935483871
293 0.929368029739777
294 0.07063197026022305
299 1.0
312 0.831858407079646
313 0.168141592920354
318 0.9414758269720102
319 0.058524173027989825
324 1.0
343 1.0
375 1.0
381 1.0
387 0.9333333333333333
388 0.06666666666666667
393 0.7037037037037037
394 0.2962962962962963
399 1.0
406 0.9333333333333333
407 0.06666666666666667
412 0.8666666666666667
413 0.13333333333333333
418 0.8811369509043928
419 0.11886304909560723
424 1.0
443 1.0
449 1.0
500 1.0
506 0.8974358974358975
507 0.10256410256410256
512 0.967741935483871
513 0.03225806451612903
518 0.828125
519 0.171875
524 1.0
531 1.0
537 0.9
538 0.1
543 0.8656716417910447
544 0.13432835820895522
549 1.0
