0 1.0
6 1.0
12 1.0
18 1.0
24 1.0
25 1.0
31 0.975609756097561
32 0.024390243902439025
37 0.9615384615384616
38 0.038461538461538464
43 0.9607843137254902
44 0.0392156862745098
49 1.0
50 1.0
56 0.9857142857142858
57 0.014285714285714285
62 0.9705882352941176
63 0.029411764705882353
68 0.993103448275862
69 0.006896551724137931
74 1.0
75 0.975609756097561
76 0.024390243902439025
81 1.0
87 0.9823008849557522
88 0.017699115044247787
93 1.0
100 1.0
106 1.0
112 1.0
118 1.0
125 1.0
131 1.0
137 1.0
143 0.9821428571428571
144 0.017857142857142856
149 1.0
156 1.0
162 0.95
163 0.05
168 0.9764705882352941
169 0.023529411764705882
174 1.0
256 0.8
257 0.2
262 0.8947368421052632
263 0.10526315789473684
268 0.9428571428571428
269 0.05714285714285714
274 1.0
375 0.5
376 0.5
381 1.0
387 1.0
393 0.9583333333333334
394 0.041666666666666664
399 1.0
506 1.0
512 1.0
518 1.0
524 1.0
