55 1.0
60 1.0
80 1.0
85 1.0
105 1.0
110 1.0
181 1.0
186 1.0
206 1.0
211 1.0
231 1.0
236 1.0
267 1.0
292 1.0
312 1.0
317 1.0
398 1.0
418 1.0
655 1.0
776 1.0
781 1.0
786 1.0
806 1.0
826 1.0
831 0.875
832 0.125
912 1.0
917 1.0
932 1.0
937 1.0
952 1.0
957 1.0
1038 1.0
1043 1.0
1058 1.0
1144 1.0
1149 1.0
1169 1.0
1401 1.0
1406 1.0
1426 1.0
1527 1.0
1537 1.0
1552 0.7777777777777778
1553 0.2222222222222222
1557 0.9375
1558 0.0625
1562 1.0
1577 1.0
1658 1.0
1663 1.0
1683 1.0
1688 1.0
1769 1.0
2007 1.0
2011 1.0
2027 1.0
2031 1.0
2152 1.0
2157 1.0
2177 0.8571428571428571
2178 0.14285714285714285
2182 1.0
2268 1.0
2278 1.0
2283 1.0
2288 1.0
2303 1.0
2308 1.0
2394 1.0
2399 1.0
2414 1.0
2419 1.0
2651 1.0
2752 1.0
2767 1.0
2772 1.0
2777 0.6666666666666666
2778 0.3333333333333333
2782 1.0
2888 1.0
2893 1.0
2903 0.8461538461538461
2904 0.15384615384615385
2908 1.0
2913 1.0
3014 1.0
3019 1.0
3024 1.0
3039 1.0
3160 1.0
3185 1.0
3210 1.0
3286 1.0
3291 1.0
3306 1.0
3311 1.0
3331 1.0
3336 1.0
3356 1.0
3361 1.0
3417 1.0
3437 1.0
3457 1.0
3523 1.0
3543 1.0
3785 1.0
3810 1.0
3906 1.0
3911 1.0
3931 1.0
3956 1.0
3961 1.0
4022 1.0
4037 1.0
4057 0.9333333333333333
4058 0.06666666666666667
4062 1.0
4082 1.0
4148 1.0
4163 1.0
4168 1.0
4274 1.0
4531 1.0
4542 1.0
4677 1.0
4682 1.0
4687 1.0
4783 1.0
4788 1.0
4793 1.0
4803 1.0
4808 1.0
4894 1.0
4899 1.0
4914 1.0
4919 1.0
5156 1.0
5161 1.0
5277 1.0
5282 1.0
5287 1.0
5302 0.5
5303 0.5
5307 0.3333333333333333
5308 0.6666666666666666
5388 1.0
5403 1.0
5408 1.0
5413 1.0
5418 1.0
5433 1.0
5519 1.0
5524 1.0
5544 1.0
5756 1.0
5761 1.0
5781 1.0
5882 1.0
5887 1.0
5897 1.0
5902 1.0
5907 1.0
6013 1.0
6018 1.0
6028 0.8571428571428571
6029 0.14285714285714285
6033 1.0
6038 1.0
6144 1.0
6149 1.0
6154 1.0
6159 1.0
6164 1.0
6285 1.0
6391 1.0
6396 1.0
6411 1.0
6416 1.0
6431 1.0
6436 1.0
6461 1.0
6517 1.0
6537 1.0
6562 1.0
6567 1.0
6582 1.0
6587 1.0
6648 1.0
6663 1.0
6668 1.0
6693 1.0
6774 1.0
7016 1.0
7031 1.0
7036 1.0
7056 1.0
7142 1.0
7167 1.0
7182 1.0
7187 1.0
7207 1.0
7268 1.0
7273 1.0
7288 1.0
7293 1.0
7298 1.0
7313 1.0
7394 1.0
7399 1.0
7656 1.0
7661 1.0
7767 1.0
7772 1.0
7782 1.0
7787 1.0
7792 1.0
7807 0.7142857142857143
7808 0.2857142857142857
7893 1.0
7898 1.0
7908 1.0
7913 1.0
7918 1.0
7933 1.0
8019 1.0
8044 1.0
8261 1.0
8281 1.0
8387 1.0
8392 1.0
8407 1.0
8417 1.0
8432 1.0
8518 1.0
8528 1.0
8533 1.0
8538 1.0
8543 1.0
8553 1.0
8644 1.0
8649 1.0
8664 1.0
8881 1.0
8886 1.0
8906 1.0
9007 1.0
9012 1.0
9017 1.0
9027 0.5
9028 0.5
9032 0.5
9033 0.5
9138 1.0
9143 1.0
9153 1.0
9158 1.0
9163 1.0
9264 1.0
9269 1.0
9274 1.0
9279 1.0
9284 1.0
9289 1.0
9415 1.0
9516 1.0
9536 1.0
9541 1.0
9561 1.0
9586 1.0
9667 1.0
9687 1.0
9692 1.0
9707 1.0
9712 1.0
9773 1.0
9788 1.0
9793 1.0
9798 1.0
9899 1.0
9919 1.0
10161 1.0
10166 1.0
10186 1.0
10267 1.0
10272 1.0
10287 1.0
10307 1.0
10312 1.0
10317 1.0
10332 1.0
10337 1.0
10393 1.0
10398 1.0
10413 1.0
10418 1.0
10433 1.0
10438 1.0
10519 1.0
10524 1.0
10544 1.0
10761 1.0
10781 1.0
10786 1.0
10791 1.0
10892 1.0
10907 1.0
10912 1.0
10932 1.0
10937 1.0
11018 1.0
11033 1.0
11038 1.0
11043 1.0
11058 1.0
11063 1.0
11144 1.0
11149 1.0
11169 1.0
11411 1.0
11507 1.0
11512 1.0
11517 1.0
11532 1.0
11537 1.0
11638 1.0
11643 1.0
11658 0.9
11659 0.1
11663 1.0
11668 1.0
11764 1.0
11774 1.0
11784 1.0
12006 1.0
12127 1.0
12142 1.0
12157 1.0
12268 1.0
12278 1.0
12283 0.9333333333333333
12284 0.06666666666666667
12288 1.0
12394 1.0
12399 1.0
12404 1.0
12409 1.0
12414 1.0
12646 1.0
12661 1.0
12666 1.0
12686 1.0
12691 1.0
12711 1.0
12767 1.0
12772 1.0
12792 1.0
12812 1.0
12817 1.0
12837 1.0
12842 1.0
12893 1.0
12918 1.0
12938 1.0
12943 1.0
13024 1.0
13266 1.0
13286 0.6666666666666666
13287 0.3333333333333333
13291 1.0
13312 1.0
13392 1.0
13397 1.0
13407 1.0
13412 1.0
13432 1.0
13437 0.8571428571428571
13438 0.14285714285714285
13518 1.0
13523 1.0
13538 1.0
13543 1.0
13558 1.0
13563 1.0
13649 1.0
13669 1.0
13886 1.0
13891 1.0
13911 1.0
14017 1.0
14032 1.0
14037 1.0
14057 1.0
14062 1.0
14143 1.0
14148 1.0
14158 1.0
14163 1.0
14168 1.0
14183 1.0
14188 1.0
14269 1.0
14274 1.0
14289 1.0
14294 1.0
14511 1.0
14637 1.0
14642 1.0
14657 0.6666666666666666
14658 0.3333333333333333
14662 1.0
14768 1.0
14783 1.0
14788 1.0
14889 1.0
14894 1.0
14899 1.0
14909 1.0
14914 1.0
15136 1.0
15257 1.0
15267 1.0
15282 1.0
15388 1.0
15393 1.0
15408 0.9411764705882353
15409 0.058823529411764705
15413 1.0
15519 1.0
15524 1.0
15529 1.0
15534 1.0
15539 1.0
15680 1.0
15685 1.0
15705 1.0
15710 1.0
15725 1.0
15730 1.0
15735 1.0
15826 1.0
15831 1.0
15851 1.0
16280 1.0
16300 1.0
16305 1.0
16325 1.0
16330 1.0
16355 1.0
16426 1.0
16451 1.0
16456 1.0
16476 1.0
16481 1.0
16577 1.0
16900 1.0
16905 1.0
16926 1.0
17026 1.0
17051 0.5555555555555556
17052 0.4444444444444444
17076 1.0
17177 1.0
17202 1.0
17303 1.0
17651 1.0
17777 1.0
17802 0.88
17803 0.12
17903 1.0
17928 1.0
18029 1.0
18251 1.0
18276 1.0
18402 0.875
18403 0.125
18528 0.918918918918919
18529 0.08108108108108109
18553 1.0
18654 1.0
18780 1.0
18785 1.0
18805 1.0
18810 1.0
18830 1.0
18835 1.0
18855 1.0
18951 1.0
18956 1.0
18961 1.0
18976 1.0
18981 1.0
18986 1.0
19410 1.0
19430 1.0
19531 1.0
19551 1.0
19556 0.8
19557 0.2
19576 0.9
19577 0.1
19581 0.9333333333333333
19582 0.06666666666666667
19606 1.0
19677 1.0
19702 1.0
19707 1.0
20030 0.5
20031 0.5
20156 1.0
20176 0.5
20177 0.5
20181 1.0
20201 1.0
20302 0.8636363636363636
20303 0.13636363636363635
20307 1.0
20327 1.0
20428 1.0
20655 1.0
20776 1.0
20781 1.0
20902 0.8181818181818182
20903 0.18181818181818182
20927 1.0
21028 0.9090909090909091
21029 0.09090909090909091
21053 1.0
21154 1.0
21376 1.0
21401 1.0
21502 1.0
21527 1.0
21653 0.8387096774193549
21654 0.16129032258064516
21779 1.0
21905 1.0
21910 1.0
21930 1.0
21935 1.0
21955 0.8
21956 0.2
21960 1.0
22056 1.0
22081 0.95
22082 0.05
22086 1.0
22106 1.0
22111 1.0
22535 1.0
22555 1.0
22656 1.0
22676 1.0
22681 0.875
22682 0.125
22702 1.0
22706 0.8888888888888888
22707 0.1111111111111111
22802 1.0
22807 1.0
22827 1.0
22832 1.0
23155 1.0
23276 1.0
23281 1.0
23306 1.0
23402 1.0
23427 1.0
23432 1.0
23452 1.0
23553 1.0
23901 1.0
23906 1.0
24027 0.9230769230769231
24028 0.07692307692307693
24032 1.0
24052 0.875
24053 0.125
24057 1.0
24153 1.0
24178 1.0
24279 1.0
24501 1.0
24526 1.0
24627 1.0
24652 0.9
24653 0.1
24778 0.9642857142857143
24779 0.03571428571428571
24904 1.0
25030 1.0
25035 1.0
25040 1.0
25060 1.0
25181 1.0
25186 1.0
25206 1.0
25211 1.0
25231 1.0
25332 1.0
25655 1.0
25680 1.0
25781 1.0
25806 1.0
25811 1.0
25831 1.0
25928 1.0
25932 1.0
25957 1.0
26280 1.0
26406 1.0
26431 1.0
26528 1.0
26532 1.0
26552 0.8
26553 0.2
26557 0.9230769230769231
26558 0.07692307692307693
26582 1.0
26678 1.0
27031 1.0
27152 0.9090909090909091
27153 0.09090909090909091
27157 1.0
27177 0.5
27178 0.5
27182 1.0
27278 1.0
27283 1.0
27303 1.0
27626 1.0
27631 1.0
27651 1.0
27752 1.0
27777 1.0
27782 1.0
27903 0.90625
27904 0.09375
28029 1.0
28155 1.0
28160 1.0
28286 1.0
28306 1.0
28311 1.0
28331 1.0
28336 1.0
28341 1.0
28437 1.0
28457 1.0
28462 1.0
28780 1.0
28785 1.0
28906 1.0
28911 1.0
28931 0.9090909090909091
28932 0.09090909090909091
28936 1.0
28956 0.9
28957 0.1
29057 0.9333333333333333
29058 0.06666666666666667
29062 1.0
29082 1.0
29183 1.0
29531 1.0
29652 1.0
29657 1.0
29677 0.75
29678 0.25
29682 1.0
29783 1.0
29803 1.0
29808 1.0
30151 0.5
30152 0.5
30277 0.6
30278 0.4
30282 0.75
30283 0.25
30307 0.5
30308 0.5
30403 1.0
30408 1.0
30428 1.0
30433 1.0
30529 1.0
30776 1.0
30781 1.0
30877 1.0
30902 1.0
31028 1.0
31033 1.0
31154 1.0
31280 1.0
31305 1.0
31310 1.0
31325 1.0
31330 1.0
31350 1.0
31355 1.0
31476 1.0
31925 0.8571428571428571
31926 0.14285714285714285
31930 1.0
31950 1.0
31975 1.0
31980 1.0
32051 1.0
32076 0.8928571428571429
32077 0.10714285714285714
32101 1.0
32202 1.0
32525 1.0
32550 0.5
32551 0.5
32651 1.0
32676 1.0
32701 1.0
32777 1.0
32802 0.9473684210526315
32803 0.05263157894736842
32827 1.0
32928 1.0
33276 1.0
33402 0.6363636363636364
33403 0.36363636363636365
33427 1.0
33528 0.9444444444444444
33529 0.05555555555555555
33553 1.0
33654 1.0
33876 1.0
33901 1.0
34002 1.0
34027 0.8571428571428571
34028 0.14285714285714285
34153 0.9166666666666666
34154 0.08333333333333333
34254 1.0
34279 1.0
34430 1.0
34435 1.0
34455 1.0
34460 1.0
34475 1.0
34480 1.0
34485 1.0
34576 1.0
34581 1.0
34601 1.0
34606 1.0
35025 1.0
35030 1.0
35050 1.0
35055 1.0
35176 1.0
35201 0.8888888888888888
35202 0.1111111111111111
35206 1.0
35226 1.0
35231 1.0
35302 1.0
35327 1.0
35650 1.0
35675 1.0
35776 1.0
35801 0.75
35802 0.25
35826 1.0
35927 1.0
35952 1.0
36053 1.0
36401 1.0
36527 0.6363636363636364
36528 0.36363636363636365
36552 0.9166666666666666
36553 0.08333333333333333
36653 1.0
36678 1.0
36779 1.0
37026 1.0
37127 1.0
37152 1.0
37278 0.9
37279 0.1
37379 1.0
37404 1.0
37535 1.0
37555 1.0
37560 1.0
37580 1.0
37585 1.0
37605 1.0
37701 1.0
37706 1.0
37726 1.0
37731 1.0
38155 1.0
38175 1.0
38180 1.0
38301 1.0
38306 1.0
38326 1.0
38331 1.0
38356 1.0
38427 1.0
38452 1.0
38776 1.0
38901 1.0
38926 1.0
38951 1.0
39052 0.9090909090909091
39053 0.09090909090909091
39077 1.0
39178 1.0
39526 1.0
39652 0.9166666666666666
39653 0.08333333333333333
39677 0.8
39678 0.2
39778 1.0
39803 1.0
39904 1.0
40151 1.0
40252 0.5
40253 0.5
40277 0.6666666666666666
40278 0.3333333333333333
40403 0.8571428571428571
40404 0.14285714285714285
40529 1.0
40655 1.0
40660 1.0
40680 1.0
40685 1.0
40705 1.0
40710 1.0
40735 1.0
40806 1.0
40831 1.0
40836 1.0
40856 1.0
40861 1.0
41280 1.0
41406 1.0
41427 1.0
41431 1.0
41451 1.0
41456 1.0
41552 1.0
41557 1.0
41577 1.0
41582 1.0
41900 1.0
41905 1.0
42026 1.0
42031 1.0
42051 0.3333333333333333
42052 0.6666666666666666
42056 1.0
42177 0.967741935483871
42178 0.03225806451612903
42202 1.0
42278 1.0
42303 1.0
42651 1.0
42777 0.7692307692307693
42778 0.23076923076923078
42802 0.7857142857142857
42803 0.21428571428571427
42903 0.9444444444444444
42904 0.05555555555555555
42928 1.0
43251 1.0
43276 1.0
43377 1.0
43402 0.3333333333333333
43403 0.6666666666666666
43528 0.9
43529 0.1
43629 1.0
43654 1.0
43780 1.0
43805 1.0
43810 1.0
43835 1.0
43860 0.5
43861 0.5
43956 1.0
43961 1.0
43981 1.0
43986 1.0
44405 1.0
44430 1.0
44531 1.0
44551 1.0
44556 0.9
44557 0.1
44581 0.9090909090909091
44582 0.09090909090909091
44677 1.0
44682 1.0
44702 1.0
44707 1.0
45151 1.0
45156 1.0
45181 1.0
45302 0.9354838709677419
45303 0.06451612903225806
45307 1.0
45428 1.0
45776 1.0
45781 1.0
45902 1.0
45927 0.8571428571428571
45928 0.14285714285714285
46028 1.0
46053 1.0
46154 1.0
46376 1.0
46401 1.0
46502 1.0
46527 0.8333333333333334
46528 0.16666666666666666
46653 0.9615384615384616
46654 0.038461538461538464
46779 1.0
46930 1.0
46950 1.0
46955 1.0
46960 1.0
46975 1.0
46980 1.0
46985 1.0
47101 1.0
47550 1.0
47575 1.0
47600 1.0
47676 1.0
47701 1.0
47726 1.0
47827 1.0
48150 0.75
48151 0.25
48276 1.0
48301 0.3333333333333333
48302 0.6666666666666666
48326 1.0
48427 0.875
48428 0.125
48452 1.0
48528 1.0
48553 1.0
48901 0.8571428571428571
48902 0.14285714285714285
49027 0.6
49028 0.4
49052 0.7777777777777778
49053 0.2222222222222222
49153 0.76
49154 0.24
49178 1.0
49279 1.0
49526 1.0
49627 1.0
49652 1.0
49753 1.0
49778 0.9
49779 0.1
49879 1.0
49904 1.0
50055 1.0
50060 1.0
50080 1.0
50100 0.875
50101 0.125
50105 1.0
50110 1.0
50201 1.0
50226 1.0
50675 1.0
50680 1.0
50801 1.0
50826 0.9375
50827 0.0625
50851 1.0
50952 1.0
51275 1.0
51301 1.0
51401 1.0
51426 0.75
51427 0.25
51451 1.0
51527 1.0
51552 0.9090909090909091
51553 0.09090909090909091
51577 1.0
51678 1.0
51901 1.0
52026 1.0
52152 0.75
52153 0.25
52177 1.0
52278 1.0
52303 1.0
52404 1.0
52626 1.0
52651 1.0
52752 1.0
52777 0.5
52778 0.5
52903 0.9354838709677419
52904 0.06451612903225806
53004 1.0
53029 1.0
53175 1.0
53180 1.0
53205 1.0
53230 1.0
53235 1.0
53326 1.0
53351 1.0
53356 1.0
53775 1.0
53800 1.0
53805 1.0
53830 1.0
53926 0.3333333333333333
53927 0.6666666666666666
53951 0.9642857142857143
53952 0.03571428571428571
53956 1.0
53976 1.0
53981 1.0
54052 1.0
54077 1.0
54400 1.0
54526 1.0
54551 0.6666666666666666
54552 0.3333333333333333
54576 0.5
54577 0.5
54677 0.9411764705882353
54678 0.058823529411764705
54702 1.0
54803 1.0
55151 0.8571428571428571
55152 0.14285714285714285
55277 1.0
55302 0.75
55303 0.25
55403 1.0
55428 1.0
55529 1.0
55752 1.0
55776 1.0
55877 0.5
55878 0.5
55902 0.6666666666666666
55903 0.3333333333333333
56028 0.9
56029 0.1
56129 1.0
56154 1.0
56305 1.0
56330 1.0
56335 1.0
56355 1.0
56360 1.0
56451 1.0
56456 1.0
56481 1.0
56905 1.0
56925 1.0
56930 1.0
56955 1.0
57051 1.0
57076 1.0
57081 1.0
57101 1.0
57177 1.0
57202 1.0
57530 1.0
57651 1.0
57676 1.0
57702 1.0
57802 0.8888888888888888
57803 0.1111111111111111
57827 1.0
57928 1.0
58151 1.0
58276 1.0
58402 1.0
58427 0.7142857142857143
58428 0.2857142857142857
58528 0.9230769230769231
58529 0.07692307692307693
58553 1.0
58877 1.0
58901 1.0
59002 1.0
59129 1.0
59153 0.85
59154 0.15
59254 1.0
59279 1.0
59430 1.0
59435 1.0
59460 1.0
59581 1.0
59606 1.0
60055 1.0
60060 1.0
60156 1.0
60176 1.0
60181 1.0
60201 0.75
60202 0.25
60206 1.0
60302 1.0
60327 1.0
60651 1.0
60776 1.0
60801 1.0
60806 1.0
60826 0.5
60827 0.5
60927 0.9696969696969697
60928 0.030303030303030304
60952 1.0
61028 1.0
61053 1.0
61401 1.0
61527 0.9
61528 0.1
61552 1.0
61653 1.0
61678 1.0
61779 1.0
62001 1.0
62026 1.0
62127 1.0
62152 0.6666666666666666
62153 0.3333333333333333
62278 0.8928571428571429
62279 0.10714285714285714
62404 1.0
62550 1.0
62555 1.0
62560 1.0
62580 1.0
62600 0.9047619047619048
62601 0.09523809523809523
62605 1.0
62726 1.0
63175 0.75
63176 0.25
63180 1.0
63200 1.0
63225 1.0
63301 1.0
63326 1.0
63351 1.0
63428 1.0
63452 1.0
63775 1.0
63800 1.0
63901 1.0
63926 0.8
63927 0.2
63951 0.6
63952 0.4
64052 0.8947368421052632
64053 0.10526315789473684
64077 1.0
64178 1.0
64526 1.0
64652 1.0
64677 0.75
64678 0.25
64778 0.9117647058823529
64779 0.08823529411764706
64803 1.0
64904 1.0
65126 1.0
65151 1.0
65252 1.0
65277 1.0
65378 0.75
65379 0.25
65403 0.8333333333333334
65404 0.16666666666666666
65504 1.0
65529 1.0
65675 1.0
65680 1.0
65685 1.0
65700 1.0
65705 1.0
65725 0.9090909090909091
65726 0.09090909090909091
65730 1.0
65735 1.0
65826 1.0
65851 1.0
66300 1.0
66305 1.0
66325 1.0
66350 1.0
66426 1.0
66451 1.0
66476 1.0
66552 1.0
66577 1.0
66900 1.0
66925 1.0
67026 1.0
67051 1.0
67076 0.5
67077 0.5
67152 0.5
67153 0.5
67177 0.8888888888888888
67178 0.1111111111111111
67202 1.0
67278 1.0
67303 1.0
67526 1.0
67651 1.0
67777 0.8
67778 0.2
67802 0.7777777777777778
67803 0.2222222222222222
67903 0.9444444444444444
67904 0.05555555555555555
67928 1.0
68029 1.0
68251 0.6666666666666666
68252 0.3333333333333333
68276 1.0
68377 1.0
68402 0.75
68403 0.25
68503 1.0
68528 0.8
68529 0.2
68629 1.0
68654 1.0
68805 1.0
68810 1.0
68830 1.0
68835 1.0
68850 0.5
68851 0.5
68855 1.0
68860 1.0
68951 1.0
68976 1.0
69425 1.0
69430 1.0
69480 1.0
69526 1.0
69551 1.0
69576 0.9642857142857143
69577 0.03571428571428571
69601 1.0
69677 1.0
69702 1.0
70025 1.0
70030 1.0
70151 1.0
70176 1.0
70201 0.8
70202 0.2
70277 1.0
70302 0.9047619047619048
70303 0.09523809523809523
70428 1.0
70776 0.75
70777 0.25
70902 0.9
70903 0.1
70927 1.0
71028 0.8666666666666667
71029 0.13333333333333333
71053 1.0
71154 1.0
71376 1.0
71401 0.75
71402 0.25
71502 1.0
71527 0.6666666666666666
71528 0.3333333333333333
71628 1.0
71653 0.92
71654 0.08
71754 1.0
71779 1.0
71910 1.0
71925 1.0
71930 1.0
71935 1.0
71955 1.0
71960 1.0
71980 1.0
71985 1.0
72076 1.0
72081 1.0
72101 1.0
72106 1.0
72555 1.0
72581 1.0
72676 0.6
72677 0.4
72701 0.9473684210526315
72702 0.05263157894736842
72706 1.0
72726 1.0
72802 1.0
72827 1.0
73150 1.0
73276 0.8181818181818182
73277 0.18181818181818182
73301 1.0
73326 0.5
73327 0.5
73427 0.8620689655172413
73428 0.13793103448275862
73452 1.0
73553 1.0
73901 0.8
73902 0.2
74027 0.9166666666666666
74028 0.08333333333333333
74052 1.0
74153 1.0
74178 1.0
74279 1.0
74501 1.0
74526 0.5
74527 0.5
74627 1.0
74652 0.3333333333333333
74653 0.6666666666666666
74753 1.0
74778 0.92
74779 0.08
74879 1.0
74904 1.0
75035 1.0
75051 1.0
75055 1.0
75060 1.0
75080 0.8461538461538461
75081 0.15384615384615385
75085 1.0
75105 0.9166666666666666
75106 0.08333333333333333
75110 1.0
75201 1.0
75206 1.0
75226 1.0
75231 1.0
75650 1.0
75801 1.0
75826 0.8421052631578947
75827 0.15789473684210525
75831 1.0
75851 1.0
75927 1.0
75952 1.0
76275 1.0
76280 1.0
76401 1.0
76426 0.6666666666666666
76427 0.3333333333333333
76451 1.0
76527 1.0
76552 0.9523809523809523
76553 0.047619047619047616
76577 1.0
76678 1.0
76900 1.0
77026 0.75
77027 0.25
77152 0.75
77153 0.25
77177 0.8888888888888888
77178 0.1111111111111111
77278 1.0
77404 1.0
77651 1.0
77752 1.0
77777 1.0
77903 0.9583333333333334
77904 0.041666666666666664
78004 1.0
78029 1.0
