0 1.0
6 1.0
25 0.9615384615384616
26 0.038461538461538464
31 0.9433962264150944
32 0.05660377358490566
37 1.0
50 0.9285714285714286
51 0.07142857142857142
56 0.9672131147540983
57 0.03278688524590164
62 0.9922480620155039
63 0.007751937984496124
68 1.0
75 0.9850746268656716
76 0.014925373134328358
81 0.9421965317919075
82 0.057803468208092484
87 0.9675675675675676
88 0.032432432432432434
93 1.0
99 1.0
100 0.9795918367346939
101 0.02040816326530612
106 1.0
112 1.0
118 1.0
125 1.0
131 0.9642857142857143
132 0.03571428571428571
137 1.0
143 1.0
149 1.0
150 1.0
156 0.9666666666666667
157 0.03333333333333333
162 0.9175257731958762
163 0.08247422680412371
168 0.9381107491856677
169 0.06188925081433225
174 1.0
181 1.0
187 0.84
188 0.16
193 0.9792387543252595
194 0.020761245674740483
199 1.0
212 0.5
213 0.5
218 1.0
224 1.0
250 1.0
256 0.9545454545454546
257 0.045454545454545456
262 1.0
268 0.8333333333333334
269 0.16666666666666666
274 1.0
281 1.0
287 1.0
293 0.9259259259259259
294 0.07407407407407407
299 1.0
375 1.0
381 0.9411764705882353
382 0.058823529411764705
387 0.8333333333333334
388 0.16666666666666666
393 0.9322033898305084
394 0.06779661016949153
399 1.0
418 0.8
419 0.2
424 1.0
500 1.0
506 1.0
512 0.9375
513 0.0625
518 1.0
524 1.0
