57 1.0
62 1.0
83 1.0
88 1.0
109 1.0
114 1.0
187 1.0
208 1.0
213 1.0
234 1.0
239 1.0
265 1.0
291 1.0
312 1.0
395 1.0
416 1.0
516 1.0
661 1.0
682 1.0
786 1.0
807 1.0
812 1.0
833 1.0
838 1.0
858 1.0
916 1.0
937 1.0
942 1.0
958 1.0
1036 1.0
1041 1.0
1062 1.0
1145 1.0
1166 1.0
1281 1.0
1406 1.0
1411 1.0
1432 1.0
1458 1.0
1536 1.0
1557 1.0
1562 1.0
1583 1.0
1588 1.0
1661 1.0
1687 1.0
1692 1.0
1765 1.0
1770 1.0
2015 1.0
2031 1.0
2036 1.0
2057 1.0
2156 1.0
2161 1.0
2177 1.0
2182 1.0
2208 1.0
2265 1.0
2270 1.0
2286 1.0
2291 1.0
2307 1.0
2390 1.0
2395 1.0
2416 1.0
2656 1.0
2770 1.0
2781 1.0
2806 0.125
2807 0.875
2890 1.0
2906 1.0
2911 1.0
2916 1.0
2927 1.0
2932 1.0
3015 1.0
3020 1.0
3036 1.0
3041 1.0
3166 1.0
3187 1.0
3213 1.0
3286 1.0
3291 1.0
3307 1.0
3312 1.0
3333 1.0
3338 1.0
3359 1.0
3364 1.0
3416 1.0
3437 1.0
3442 1.0
3458 1.0
3520 1.0
3541 1.0
3786 1.0
3812 1.0
3911 1.0
3932 1.0
3937 1.0
3957 0.5
3958 0.5
3963 1.0
4020 1.0
4057 1.0
4062 1.0
4083 1.0
4088 1.0
4145 1.0
4166 1.0
4270 1.0
4536 1.0
4541 1.0
4557 1.0
4583 1.0
4588 1.0
4682 1.0
4687 1.0
4692 1.0
4707 0.5
4708 0.5
4786 1.0
4791 1.0
4890 1.0
4895 1.0
4916 1.0
5156 1.0
5161 1.0
5281 1.0
5286 1.0
5306 0.07142857142857142
5307 0.9285714285714286
5312 1.0
5390 1.0
5406 1.0
5411 1.0
5416 1.0
5427 1.0
5437 1.0
5515 1.0
5520 1.0
5541 1.0
5765 1.0
5781 1.0
5786 1.0
5885 1.0
5895 1.0
5906 1.0
5911 1.0
5932 1.0
6010 1.0
6015 1.0
6031 1.0
6036 1.0
6041 1.0
6056 0.3333333333333333
6057 0.6666666666666666
6062 1.0
6140 1.0
6145 1.0
6166 1.0
6286 1.0
6395 1.0
6411 1.0
6416 1.0
6421 1.0
6437 1.0
6463 1.0
6515 1.0
6520 1.0
6536 1.0
6541 1.0
6562 1.0
6567 1.0
6588 1.0
6593 1.0
6666 1.0
6692 1.0
6770 1.0
7015 1.0
7036 1.0
7062 1.0
7088 1.0
7140 1.0
7166 1.0
7182 1.0
7187 1.0
7208 1.0
7213 1.0
7265 1.0
7270 1.0
7286 1.0
7291 1.0
7296 1.0
7312 1.0
7390 1.0
7395 1.0
7661 1.0
7681 1.0
7765 1.0
7770 1.0
7781 1.0
7786 1.0
7791 1.0
7807 1.0
7811 0.1111111111111111
7812 0.8888888888888888
7838 1.0
7890 1.0
7895 1.0
7911 1.0
7916 1.0
7937 1.0
8015 1.0
8041 1.0
8265 1.0
8281 1.0
8286 1.0
8390 1.0
8406 1.0
8411 1.0
8416 1.0
8432 1.0
8437 1.0
8515 1.0
8531 1.0
8536 1.0
8541 1.0
8557 1.0
8561 0.25
8562 0.75
8640 1.0
8645 1.0
8666 1.0
8885 1.0
8890 1.0
8906 1.0
9015 1.0
9031 1.0
9036 1.0
9056 1.0
9140 1.0
9156 1.0
9161 1.0
9166 1.0
9181 0.5
9182 0.5
9187 1.0
9265 1.0
9270 1.0
9286 1.0
9291 1.0
9416 1.0
9442 1.0
9515 1.0
9541 1.0
9562 1.0
9567 1.0
9588 1.0
9666 1.0
9687 1.0
9692 1.0
9713 1.0
9770 1.0
9791 1.0
9796 1.0
9895 1.0
9916 1.0
10161 1.0
10166 1.0
10187 1.0
10213 1.0
10265 1.0
10270 1.0
10286 1.0
10312 1.0
10317 1.0
10338 1.0
10390 1.0
10395 1.0
10411 1.0
10416 1.0
10437 1.0
10442 1.0
10515 1.0
10520 1.0
10541 1.0
10760 1.0
10765 1.0
10786 1.0
10791 1.0
10890 1.0
10906 1.0
10911 1.0
10932 1.0
10937 1.0
11036 1.0
11041 1.0
11057 1.0
11062 1.0
11140 0.5
11141 0.5
11145 1.0
11171 1.0
11411 1.0
11510 1.0
11520 1.0
11531 1.0
11536 1.0
11557 1.0
11562 1.0
11640 1.0
11661 1.0
11666 1.0
11681 0.3333333333333333
11682 0.6666666666666666
11760 1.0
11770 1.0
12010 1.0
12031 1.0
12035 0.25
12036 0.75
12140 1.0
12156 1.0
12161 1.0
12182 1.0
12265 1.0
12270 1.0
12281 1.0
12286 1.0
12307 1.0
12390 1.0
12395 1.0
12416 1.0
12645 1.0
12661 1.0
12666 1.0
12687 1.0
12692 1.0
12770 1.0
12791 1.0
12812 1.0
12817 1.0
12838 1.0
12843 1.0
12890 1.0
12916 1.0
12937 1.0
12942 1.0
13020 1.0
13265 1.0
13286 1.0
13291 1.0
13312 1.0
13390 1.0
13395 1.0
13411 1.0
13437 1.0
13463 1.0
13515 1.0
13520 1.0
13536 1.0
13541 1.0
13562 1.0
13645 1.0
13666 1.0
13671 1.0
13885 1.0
13890 1.0
13911 1.0
13937 1.0
14020 1.0
14036 1.0
14041 1.0
14057 1.0
14062 1.0
14140 1.0
14145 1.0
14161 1.0
14166 1.0
14187 1.0
14265 1.0
14270 1.0
14286 1.0
14291 1.0
14515 1.0
14640 1.0
14645 1.0
14656 1.0
14661 1.0
14666 1.0
14682 1.0
14687 1.0
14765 1.0
14770 1.0
14781 1.0
14786 1.0
14791 1.0
14807 1.0
14811 0.5
14812 0.5
14890 1.0
14895 1.0
14911 1.0
14916 1.0
15135 1.0
15260 1.0
15265 1.0
15281 1.0
15286 1.0
15385 1.0
15390 1.0
15406 1.0
15411 1.0
15416 1.0
15432 1.0
15515 1.0
15520 1.0
15536 1.0
15541 1.0
15682 1.0
15687 1.0
15708 1.0
15713 1.0
15729 1.0
15734 1.0
15739 1.0
15833 1.0
15859 1.0
16281 1.0
16302 1.0
16307 1.0
16333 1.0
16354 1.0
16358 0.3333333333333333
16359 0.6666666666666666
16453 1.0
16458 1.0
16478 0.3333333333333333
16479 0.6666666666666666
16484 1.0
16583 1.0
16906 1.0
16932 1.0
17052 1.0
17057 1.0
17077 0.23076923076923078
17078 0.7692307692307693
17083 1.0
17103 1.0
17202 0.6666666666666666
17203 0.3333333333333333
17656 1.0
17676 0.25
17677 0.75
17682 1.0
17703 1.0
17707 1.0
17802 1.0
17807 1.0
17827 0.3333333333333333
17828 0.6666666666666666
17927 1.0
18276 1.0
18281 1.0
18307 1.0
18401 1.0
18426 0.025
18427 0.975
18432 1.0
18452 1.0
18551 0.1
18552 0.9
18786 1.0
18807 1.0
18812 1.0
18833 1.0
18838 1.0
18859 1.0
18864 1.0
18958 1.0
18963 1.0
18984 1.0
18989 1.0
19406 1.0
19411 1.0
19432 1.0
19458 1.0
19557 1.0
19562 1.0
19578 1.0
19583 1.0
19604 1.0
19609 1.0
19708 1.0
20031 1.0
20036 1.0
20057 1.0
20156 1.0
20182 1.0
20203 1.0
20207 0.047619047619047616
20208 0.9523809523809523
20302 1.0
20307 1.0
20328 1.0
20333 1.0
20656 1.0
20661 1.0
20776 1.0
20781 1.0
20802 1.0
20807 1.0
20927 1.0
20932 1.0
20952 1.0
20957 0.5
20958 0.5
21052 1.0
21281 1.0
21401 1.0
21406 1.0
21432 1.0
21526 1.0
21552 1.0
21557 1.0
21651 1.0
21677 1.0
21911 1.0
21932 1.0
21937 1.0
21958 1.0
21963 1.0
21989 1.0
22083 1.0
22088 1.0
22109 1.0
22114 1.0
22557 1.0
22562 1.0
22656 1.0
22682 1.0
22687 1.0
22707 0.04
22708 0.96
22713 1.0
22734 1.0
22807 1.0
22833 1.0
23156 1.0
23161 1.0
23281 1.0
23307 1.0
23333 1.0
23427 1.0
23432 1.0
23453 1.0
23457 0.3
23458 0.7
23781 1.0
23906 1.0
23932 1.0
23957 1.0
24051 0.1111111111111111
24052 0.8888888888888888
24057 1.0
24077 1.0
24082 1.0
24177 1.0
24526 1.0
24531 1.0
24651 1.0
24656 1.0
24676 0.17647058823529413
24677 0.8235294117647058
24682 1.0
24776 1.0
24781 1.0
24801 0.14285714285714285
24802 0.8571428571428571
24807 1.0
25036 1.0
25041 1.0
25062 1.0
25182 1.0
25187 1.0
25208 1.0
25212 0.04
25213 0.96
25234 1.0
25239 1.0
25333 1.0
25656 1.0
25661 1.0
25682 1.0
25687 1.0
25781 1.0
25786 1.0
25807 1.0
25812 1.0
25833 1.0
25932 1.0
25958 1.0
25963 1.0
26286 1.0
26406 1.0
26411 1.0
26432 1.0
26437 1.0
26458 1.0
26552 1.0
26557 1.0
26562 1.0
26582 0.2
26583 0.8
27031 1.0
27057 1.0
27177 1.0
27182 1.0
27207 1.0
27307 1.0
27651 1.0
27656 1.0
27682 1.0
27776 1.0
27781 1.0
27801 0.4
27802 0.6
27806 0.11764705882352941
27807 0.8823529411764706
27906 1.0
27926 0.42857142857142855
27927 0.5714285714285714
27932 1.0
28161 1.0
28286 1.0
28307 1.0
28312 1.0
28333 1.0
28338 1.0
28343 1.0
28364 1.0
28437 1.0
28458 1.0
28463 1.0
28786 1.0
28812 1.0
28911 1.0
28932 1.0
28937 1.0
28958 1.0
28963 1.0
29057 1.0
29062 1.0
29083 1.0
29088 1.0
29531 1.0
29557 1.0
29562 1.0
29582 1.0
29682 1.0
29687 1.0
29707 0.25
29708 0.75
29713 1.0
30156 1.0
30182 1.0
30281 1.0
30302 1.0
30307 1.0
30312 1.0
30406 1.0
30427 1.0
30432 1.0
30776 1.0
30781 1.0
30901 1.0
30906 1.0
30927 1.0
30932 1.0
31026 1.0
31051 0.16666666666666666
31052 0.8333333333333334
31056 0.4
31057 0.6
31281 1.0
31307 1.0
31312 1.0
31333 1.0
31354 1.0
31359 1.0
31927 1.0
31932 1.0
31953 1.0
31958 1.0
31979 1.0
31984 1.0
32078 1.0
32103 0.1111111111111111
32104 0.8888888888888888
32109 1.0
32531 1.0
32552 1.0
32557 1.0
32578 1.0
32583 1.0
32677 1.0
32702 0.03333333333333333
32703 0.9666666666666667
32708 1.0
32828 1.0
33151 1.0
33156 1.0
33176 0.5
33177 0.5
33301 0.09090909090909091
33302 0.9090909090909091
33327 0.6
33328 0.4
33427 1.0
33452 0.4666666666666667
33453 0.5333333333333333
33901 1.0
33926 0.16666666666666666
33927 0.8333333333333334
34026 1.0
34051 0.034482758620689655
34052 0.9655172413793104
34176 0.15384615384615385
34177 0.8461538461538461
34432 1.0
34437 1.0
34458 1.0
34463 1.0
34479 1.0
34484 1.0
34489 1.0
34583 1.0
34609 1.0
35031 1.0
35057 1.0
35083 1.0
35109 1.0
35203 1.0
35208 1.0
35228 0.3333333333333333
35229 0.6666666666666666
35233 0.125
35234 0.875
35656 1.0
35682 1.0
35802 1.0
35827 0.041666666666666664
35828 0.9583333333333334
35833 1.0
35953 1.0
36276 1.0
36281 1.0
36302 1.0
36401 1.0
36406 1.0
36426 0.125
36427 0.875
36432 1.0
36452 0.42857142857142855
36453 0.5714285714285714
36552 1.0
36577 0.25
36578 0.75
36906 1.0
37026 1.0
37176 0.04
37177 0.96
37276 1.0
37302 1.0
37536 1.0
37557 1.0
37562 1.0
37583 1.0
37588 1.0
37609 1.0
37614 1.0
37708 1.0
37734 1.0
38156 1.0
38182 1.0
38208 1.0
38234 1.0
38302 1.0
38307 1.0
38328 1.0
38333 1.0
38359 1.0
38781 1.0
38901 1.0
38906 1.0
38927 1.0
38932 1.0
38953 1.0
38957 0.08333333333333333
38958 0.9166666666666666
39052 1.0
39077 0.2727272727272727
39078 0.7272727272727273
39083 1.0
39406 1.0
39526 1.0
39552 1.0
39556 0.2
39557 0.8
39577 1.0
39677 1.0
39702 0.5555555555555556
39703 0.4444444444444444
39802 1.0
40151 1.0
40156 1.0
40182 1.0
40276 1.0
40301 0.03333333333333333
40302 0.9666666666666667
40427 1.0
40661 1.0
40682 1.0
40687 1.0
40708 1.0
40713 1.0
40734 1.0
40739 1.0
40833 1.0
40838 1.0
40859 1.0
40864 1.0
41281 1.0
41307 1.0
41432 1.0
41453 1.0
41458 1.0
41483 0.25
41484 0.75
41583 1.0
41906 1.0
41911 1.0
41931 0.5
41932 0.5
41937 1.0
42031 1.0
42052 1.0
42056 0.1
42057 0.9
42077 0.25
42078 0.75
42082 0.09090909090909091
42083 0.9090909090909091
42177 1.0
42182 1.0
42203 1.0
42208 1.0
42531 1.0
42651 1.0
42656 1.0
42677 1.0
42682 1.0
42708 1.0
42802 1.0
42807 1.0
42827 1.0
42927 1.0
43276 1.0
43281 1.0
43401 1.0
43426 0.1388888888888889
43427 0.8611111111111112
43432 1.0
43526 1.0
43551 0.14285714285714285
43552 0.8571428571428571
43807 1.0
43812 1.0
43838 1.0
43864 1.0
43958 1.0
43963 1.0
43984 1.0
43989 1.0
44411 1.0
44432 1.0
44531 1.0
44557 1.0
44583 1.0
44587 0.2
44588 0.8
44609 1.0
44708 1.0
45156 1.0
45182 1.0
45187 1.0
45208 1.0
45302 1.0
45307 1.0
45328 1.0
45333 1.0
45776 1.0
45781 1.0
45807 1.0
45927 1.0
45932 1.0
45958 1.0
46052 1.0
46401 1.0
46406 1.0
46526 1.0
46531 1.0
46551 0.05
46552 0.95
46557 1.0
46651 1.0
46676 0.2727272727272727
46677 0.7272727272727273
46932 1.0
46937 1.0
46958 1.0
46963 1.0
46979 1.0
46984 1.0
46989 1.0
47557 1.0
47578 1.0
47583 1.0
47604 1.0
47609 1.0
47703 1.0
47728 0.2222222222222222
47729 0.7777777777777778
48151 1.0
48156 1.0
48177 1.0
48182 1.0
48203 1.0
48302 1.0
48328 1.0
48353 0.25
48354 0.75
48427 1.0
48453 1.0
48801 0.4
48802 0.6
48901 1.0
48926 0.09090909090909091
48927 0.9090909090909091
48952 0.26666666666666666
48953 0.7333333333333333
49052 1.0
49077 0.4166666666666667
49078 0.5833333333333334
49401 1.0
49526 1.0
49552 1.0
49651 1.0
49676 0.125
49677 0.875
49702 1.0
49801 0.3333333333333333
49802 0.6666666666666666
50057 1.0
50062 1.0
50083 1.0
50104 1.0
50109 1.0
50114 1.0
50229 1.0
50682 1.0
50703 1.0
50708 1.0
50729 1.0
50734 1.0
50802 1.0
50828 1.0
50833 1.0
50853 0.3333333333333333
50854 0.6666666666666666
50859 1.0
51281 1.0
51302 1.0
51307 1.0
51333 1.0
51427 1.0
51453 1.0
51479 1.0
51578 1.0
51901 1.0
51927 1.0
51932 1.0
52026 1.0
52052 1.0
52077 0.5
52078 0.5
52177 1.0
52202 0.5
52203 0.5
52526 1.0
52531 1.0
52651 1.0
52677 1.0
52801 0.023809523809523808
52802 0.9761904761904762
52901 1.0
52927 1.0
53182 1.0
53187 1.0
53208 1.0
53234 1.0
53239 1.0
53333 1.0
53359 1.0
53807 1.0
53833 1.0
53859 1.0
53953 1.0
53958 1.0
53979 1.0
53983 0.09090909090909091
53984 0.9090909090909091
54406 1.0
54431 0.2
54432 0.8
54578 1.0
54583 1.0
54703 1.0
55026 1.0
55151 1.0
55177 1.0
55182 1.0
55202 0.25
55203 0.75
55302 1.0
55327 0.625
55328 0.375
55427 1.0
55776 1.0
55802 1.0
55901 1.0
55926 0.047619047619047616
55927 0.9523809523809523
56026 1.0
56051 0.2222222222222222
56052 0.7777777777777778
56307 1.0
56312 1.0
56333 1.0
56338 1.0
56359 1.0
56364 1.0
56458 1.0
56483 0.1
56484 0.9
56906 1.0
56932 1.0
56937 1.0
56958 1.0
56984 1.0
57052 1.0
57057 1.0
57078 1.0
57083 1.0
57108 0.5
57109 0.5
57531 1.0
57552 1.0
57556 0.3333333333333333
57557 0.6666666666666666
57651 1.0
57677 1.0
57682 1.0
57702 0.18181818181818182
57703 0.8181818181818182
57708 1.0
57728 1.0
57802 1.0
57827 0.3
57828 0.7
58151 1.0
58156 1.0
58276 1.0
58301 0.1
58302 0.9
58327 1.0
58333 1.0
58427 1.0
58452 0.4444444444444444
58453 0.5555555555555556
58901 1.0
59026 1.0
59051 0.09523809523809523
59052 0.9047619047619048
59151 1.0
59176 0.125
59177 0.875
59432 1.0
59437 1.0
59458 1.0
59463 1.0
59484 1.0
59583 1.0
59609 1.0
59614 1.0
60031 1.0
60057 1.0
60062 1.0
60083 1.0
60182 1.0
60203 1.0
60208 1.0
60234 1.0
60328 1.0
60656 1.0
60682 1.0
60781 1.0
60802 1.0
60828 1.0
60833 1.0
60927 1.0
60952 0.09090909090909091
60953 0.9090909090909091
60958 1.0
61401 1.0
61427 1.0
61432 1.0
61552 1.0
61577 0.8
61578 0.2
62026 1.0
62031 1.0
62052 1.0
62151 1.0
62176 0.1111111111111111
62177 0.8888888888888888
62301 0.3076923076923077
62302 0.6923076923076923
62552 1.0
62557 1.0
62562 1.0
62583 1.0
62604 1.0
62609 1.0
63177 1.0
63182 1.0
63203 1.0
63208 1.0
63229 1.0
63234 1.0
63353 0.14285714285714285
63354 0.8571428571428571
63802 1.0
63807 1.0
63828 1.0
63853 0.3333333333333333
63854 0.6666666666666666
63953 1.0
63978 0.625
63979 0.375
64078 1.0
64401 1.0
64427 1.0
64526 1.0
64552 1.0
64577 0.3888888888888889
64578 0.6111111111111112
64677 1.0
64702 0.45
64703 0.55
64802 1.0
65026 1.0
65151 1.0
65177 1.0
65276 1.0
65301 0.2222222222222222
65302 0.7777777777777778
65401 1.0
65426 0.45454545454545453
65427 0.5454545454545454
65682 1.0
65687 1.0
65703 1.0
65708 1.0
65729 1.0
65734 1.0
65739 1.0
66302 1.0
66307 1.0
66328 1.0
66333 1.0
66353 0.14285714285714285
66354 0.8571428571428571
66359 1.0
66453 1.0
66478 0.09523809523809523
66479 0.9047619047619048
66906 1.0
66927 1.0
66932 1.0
66953 1.0
67052 1.0
67078 1.0
67104 1.0
67177 1.0
67202 0.14285714285714285
67203 0.8571428571428571
67526 1.0
67552 1.0
67651 1.0
67676 0.3333333333333333
67677 0.6666666666666666
67702 0.16666666666666666
67703 0.8333333333333334
67802 1.0
67827 0.75
67828 0.25
67927 1.0
68151 1.0
68276 1.0
68302 1.0
68401 1.0
68426 0.09375
68427 0.90625
68526 1.0
68551 0.4
68552 0.6
68807 1.0
68812 1.0
68833 1.0
68838 1.0
68858 0.03333333333333333
68859 0.9666666666666667
68864 1.0
68979 1.0
68984 1.0
69427 1.0
69432 1.0
69453 1.0
69458 1.0
69479 1.0
69484 1.0
69578 1.0
69583 1.0
69603 0.125
69604 0.875
69609 1.0
70026 1.0
70031 1.0
70052 1.0
70057 1.0
70078 1.0
70151 1.0
70177 1.0
70202 0.045454545454545456
70203 0.9545454545454546
70208 1.0
70302 1.0
70328 1.0
70651 1.0
70677 1.0
70776 1.0
70801 0.1111111111111111
70802 0.8888888888888888
70828 1.0
70927 1.0
70952 0.42857142857142855
70953 0.5714285714285714
71276 1.0
71401 1.0
71427 1.0
71526 1.0
71551 0.16666666666666666
71552 0.8333333333333334
71651 1.0
71676 0.4166666666666667
71677 0.5833333333333334
71911 1.0
71932 1.0
71937 1.0
71958 1.0
71963 1.0
71984 1.0
71989 1.0
72078 1.0
72083 1.0
72104 1.0
72109 1.0
72557 1.0
72562 1.0
72583 1.0
72702 0.06666666666666667
72703 0.9333333333333333
72708 1.0
72729 1.0
72733 0.25
72734 0.75
72828 1.0
73177 1.0
73182 1.0
73276 1.0
73302 1.0
73328 1.0
73333 1.0
73353 1.0
73452 0.16666666666666666
73453 0.8333333333333334
73776 1.0
73806 1.0
73901 1.0
73926 0.08333333333333333
73927 0.9166666666666666
73953 1.0
74052 1.0
74077 0.2857142857142857
74078 0.7142857142857143
74177 1.0
74401 1.0
74526 1.0
74552 1.0
74651 1.0
74676 0.16129032258064516
74677 0.8387096774193549
74776 1.0
74801 0.42857142857142855
74802 0.5714285714285714
75036 1.0
75057 1.0
75062 1.0
75083 1.0
75088 1.0
75109 1.0
75114 1.0
75208 1.0
75234 1.0
75656 1.0
75682 1.0
75708 1.0
75802 1.0
75828 1.0
75833 1.0
75853 0.5
75854 0.5
75858 0.1
75859 0.9
75953 1.0
76281 1.0
76306 0.3333333333333333
76307 0.6666666666666666
76427 1.0
76432 1.0
76452 0.08333333333333333
76453 0.9166666666666666
76457 0.1111111111111111
76458 0.8888888888888888
76552 1.0
76577 0.2727272727272727
76578 0.7272727272727273
76906 1.0
77026 1.0
77052 1.0
77077 0.4
77078 0.6
77177 1.0
77202 0.6666666666666666
77203 0.3333333333333333
77302 1.0
77651 1.0
77776 1.0
77801 0.07692307692307693
77802 0.9230769230769231
77901 1.0
77926 0.375
77927 0.625
