0 1.0
6 1.0
25 0.9655172413793104
26 0.034482758620689655
31 0.9795918367346939
32 0.02040816326530612
37 1.0
50 0.9803921568627451
51 0.0196078431372549
56 0.9590163934426229
57 0.040983606557377046
62 0.9906542056074766
63 0.009345794392523364
68 1.0
75 1.0
81 0.9787234042553191
82 0.02127659574468085
87 0.9631578947368421
88 0.03684210526315789
93 1.0
100 0.9814814814814815
101 0.018518518518518517
106 0.9863013698630136
107 0.0136986301369863
112 1.0
118 1.0
125 1.0
131 1.0
137 1.0
143 1.0
149 1.0
150 1.0
156 0.9736842105263158
157 0.02631578947368421
162 0.9433962264150944
163 0.05660377358490566
168 0.9689922480620154
169 0.031007751937984496
174 1.0
181 0.6
182 0.4
187 0.9315068493150684
188 0.0684931506849315
193 0.9788519637462235
194 0.021148036253776436
199 1.0
212 0.9285714285714286
213 0.07142857142857142
218 1.0
250 1.0
256 0.92
257 0.08
262 0.9523809523809523
263 0.047619047619047616
268 0.9259259259259259
269 0.07407407407407407
274 1.0
281 1.0
287 0.875
288 0.125
293 0.9390243902439024
294 0.06097560975609756
299 1.0
375 1.0
381 1.0
387 1.0
393 0.9692307692307692
394 0.03076923076923077
399 1.0
418 0.9375
419 0.0625
424 1.0
500 1.0
506 0.9375
507 0.0625
512 1.0
518 0.9607843137254902
519 0.0392156862745098
524 1.0
