37 1.0
56 1.0
61 0.5
62 0.5
68 1.0
81 1.0
87 1.0
112 1.0
143 1.0
156 1.0
161 0.09090909090909091
162 0.9090909090909091
181 1.0
186 0.14285714285714285
187 0.8571428571428571
206 1.0
211 0.09090909090909091
212 0.9090909090909091
231 1.0
237 1.0
274 1.0
281 1.0
287 1.0
292 0.5
293 0.5
306 1.0
311 0.038461538461538464
312 0.9615384615384616
317 1.0
331 1.0
336 0.25
337 0.75
393 1.0
399 1.0
412 1.0
417 0.21428571428571427
418 0.7857142857142857
423 1.0
431 1.0
437 1.0
443 1.0
518 1.0
524 1.0
537 1.0
543 1.0
548 1.0
668 1.0
687 1.0
768 1.0
781 1.0
786 0.07692307692307693
787 0.9230769230769231
792 0.14285714285714285
793 0.8571428571428571
806 1.0
812 1.0
831 1.0
836 0.041666666666666664
837 0.9583333333333334
856 1.0
862 1.0
893 1.0
899 1.0
906 1.0
911 0.21428571428571427
912 0.7857142857142857
918 1.0
931 1.0
936 0.21052631578947367
937 0.7894736842105263
942 0.5
943 0.5
956 1.0
961 0.25
962 0.75
1017 0.2
1018 0.8
1024 1.0
1031 1.0
1036 0.08333333333333333
1037 0.9166666666666666
1042 0.09090909090909091
1043 0.9090909090909091
1056 1.0
1062 1.0
1143 1.0
1148 0.1111111111111111
1149 0.8888888888888888
1168 1.0
1287 1.0
1393 1.0
1398 0.5
1399 0.5
1406 1.0
1411 0.05263157894736842
1412 0.9473684210526315
1418 1.0
1424 1.0
1437 1.0
1462 1.0
1518 1.0
1524 1.0
1531 1.0
1537 1.0
1543 1.0
1556 1.0
1561 0.13513513513513514
1562 0.8648648648648649
1568 1.0
1586 0.09090909090909091
1587 0.9090909090909091
1593 1.0
1643 1.0
1649 1.0
1656 1.0
1662 1.0
1667 0.05263157894736842
1668 0.9473684210526315
1673 0.25
1674 0.75
1681 1.0
1686 0.09090909090909091
1687 0.9090909090909091
1693 1.0
1768 1.0
1773 0.13333333333333333
1774 0.8666666666666667
1787 1.0
1793 1.0
1918 1.0
1943 1.0
2012 1.0
2018 1.0
2031 1.0
2037 1.0
2042 0.125
2043 0.875
2062 1.0
2068 1.0
2087 1.0
2137 1.0
2143 1.0
2148 0.2
2149 0.8
2156 1.0
2161 0.2222222222222222
2162 0.7777777777777778
2167 0.6666666666666666
2168 0.3333333333333333
2181 1.0
2186 0.09302325581395349
2187 0.9069767441860465
2192 0.125
2193 0.875
2212 1.0
2268 1.0
2273 0.25
2274 0.75
2281 1.0
2287 1.0
2292 0.06896551724137931
2293 0.9310344827586207
2298 0.5
2299 0.5
2306 1.0
2312 1.0
2317 0.3333333333333333
2318 0.6666666666666666
2393 1.0
2399 1.0
2418 1.0
2424 1.0
2637 1.0
2643 1.0
2649 1.0
2662 1.0
2668 1.0
2687 1.0
2693 1.0
2762 1.0
2768 1.0
2774 1.0
2781 1.0
2787 1.0
2793 1.0
2806 1.0
2811 0.08108108108108109
2812 0.918918918918919
2817 0.1111111111111111
2818 0.8888888888888888
2837 1.0
2843 1.0
2887 1.0
2893 1.0
2899 1.0
2912 1.0
2917 0.05405405405405406
2918 0.9459459459459459
2923 0.5
2924 0.5
2931 1.0
2937 1.0
2943 1.0
3018 1.0
3024 1.0
3037 1.0
3043 1.0
3049 1.0
3156 1.0
3162 1.0
3181 1.0
3186 0.14285714285714285
3187 0.8571428571428571
3206 1.0
3211 0.25
3212 0.75
3225 1.0
3231 1.0
3237 1.0
3275 1.0
3280 0.4
3281 0.6
3300 1.0
3305 0.08695652173913043
3306 0.9130434782608695
3325 1.0
3330 0.09333333333333334
3331 0.9066666666666666
3337 1.0
3350 1.0
3356 1.0
3425 1.0
3430 0.6
3431 0.4
3450 1.0
3455 0.4444444444444444
3456 0.5555555555555556
3550 1.0
3555 1.0
3781 1.0
3787 1.0
3806 1.0
3812 1.0
3831 1.0
3837 1.0
3856 1.0
3862 1.0
3906 1.0
3911 1.0
3925 1.0
3930 0.05
3931 0.95
3936 0.5
3937 0.5
3950 1.0
3955 0.034482758620689655
3956 0.9655172413793104
3961 0.25
3962 0.75
3981 1.0
3987 1.0
4050 1.0
4055 0.15625
4056 0.84375
4075 1.0
4080 0.26666666666666666
4081 0.7333333333333333
4175 1.0
4406 1.0
4411 0.2857142857142857
4412 0.7142857142857143
4431 1.0
4436 0.058823529411764705
4437 0.9411764705882353
4456 1.0
4462 1.0
4487 1.0
4525 1.0
4531 1.0
4536 0.5
4537 0.5
4555 0.030303030303030304
4556 0.9696969696969697
4561 0.5
4562 0.5
4581 1.0
4586 0.125
4587 0.875
4606 1.0
4612 1.0
4675 1.0
4680 0.1111111111111111
4681 0.8888888888888888
4687 1.0
4700 1.0
4705 0.15789473684210525
4706 0.8421052631578947
4711 1.0
4800 1.0
4806 1.0
5037 1.0
5043 1.0
5061 0.2
5062 0.8
5156 1.0
5161 0.42857142857142855
5162 0.5714285714285714
5181 1.0
5186 0.07692307692307693
5187 0.9230769230769231
5206 1.0
5211 0.10344827586206896
5212 0.896551724137931
5231 1.0
5237 1.0
5300 1.0
5305 0.06578947368421052
5306 0.9342105263157895
5311 0.4
5312 0.6
5330 0.10526315789473684
5331 0.8947368421052632
5337 1.0
5425 1.0
5431 1.0
5661 0.1
5662 0.9
5687 1.0
5781 1.0
5786 0.375
5787 0.625
5806 1.0
5812 1.0
5831 1.0
5836 0.07894736842105263
5837 0.9210526315789473
5843 1.0
5862 1.0
5906 1.0
5931 1.0
5936 0.1111111111111111
5937 0.8888888888888888
5956 1.0
5962 1.0
6050 1.0
6055 0.2
6056 0.8
6275 1.0
6280 0.25
6281 0.75
6300 1.0
6305 0.1
6306 0.9
6312 1.0
6325 1.0
6330 0.13636363636363635
6331 0.8636363636363636
6350 1.0
6355 0.061224489795918366
6356 0.9387755102040817
6400 1.0
6425 1.0
6450 1.0
6455 0.6666666666666666
6456 0.3333333333333333
6475 1.0
6481 1.0
6550 1.0
6575 1.0
6906 1.0
6912 1.0
6931 1.0
6937 1.0
6950 1.0
6956 1.0
6962 1.0
6980 0.03571428571428571
6981 0.9642857142857143
6986 0.3333333333333333
6987 0.6666666666666666
7025 1.0
7050 1.0
7055 0.6
7056 0.4
7075 1.0
7080 0.1875
7081 0.8125
7100 1.0
7106 1.0
7175 1.0
7200 1.0
7531 1.0
7537 1.0
7556 1.0
7562 1.0
7581 1.0
7586 0.3333333333333333
7587 0.6666666666666666
7606 1.0
7611 0.25
7612 0.75
7650 1.0
7656 1.0
7675 1.0
7680 0.375
7681 0.625
7700 1.0
7705 0.11538461538461539
7706 0.8846153846153846
7731 1.0
7800 1.0
7805 1.0
7825 1.0
7830 0.4
7831 0.6
7925 1.0
8156 1.0
8162 1.0
8181 1.0
8187 1.0
8206 1.0
8212 1.0
8231 1.0
8237 1.0
8275 1.0
8281 1.0
8300 1.0
8305 0.08
8306 0.92
8325 1.0
8330 0.043478260869565216
8331 0.9565217391304348
8336 0.16666666666666666
8337 0.8333333333333334
8356 1.0
8362 1.0
8425 1.0
8430 0.3684210526315789
8431 0.631578947368421
8450 1.0
8455 0.35714285714285715
8456 0.6428571428571429
8550 1.0
8781 1.0
8786 0.5
8787 0.5
8806 1.0
8811 0.09090909090909091
8812 0.9090909090909091
8837 1.0
8862 1.0
8900 1.0
8906 1.0
8930 0.08695652173913043
8931 0.9130434782608695
8956 1.0
8961 0.1111111111111111
8962 0.8888888888888888
8981 1.0
8987 1.0
9050 1.0
9055 0.3103448275862069
9056 0.6896551724137931
9075 1.0
9081 1.0
9175 1.0
9400 1.0
9405 0.5
9406 0.5
9425 1.0
9430 0.14285714285714285
9431 0.8571428571428571
9437 1.0
9450 1.0
9455 0.1
9456 0.9
9462 1.0
9475 1.0
9480 0.023255813953488372
9481 0.9767441860465116
9487 1.0
9525 1.0
9550 1.0
9575 1.0
9600 1.0
9675 1.0
9700 1.0
9800 1.0
10025 1.0
10031 1.0
10050 1.0
10055 0.07142857142857142
10056 0.9285714285714286
10062 1.0
10075 1.0
10081 1.0
10086 1.0
10100 1.0
10106 1.0
10112 1.0
10150 1.0
10175 1.0
10200 1.0
10205 0.6
10206 0.4
10225 1.0
10230 0.3333333333333333
10231 0.6666666666666666
10300 1.0
10325 1.0
10650 1.0
10655 0.3333333333333333
10656 0.6666666666666666
10681 1.0
10686 0.25
10687 0.75
10706 1.0
10731 1.0
10737 1.0
10775 1.0
10780 1.0
10800 1.0
10805 1.0
10825 1.0
10830 0.3684210526315789
10831 0.631578947368421
10850 1.0
10856 1.0
10925 1.0
10950 1.0
11050 1.0
11281 1.0
11306 1.0
11311 0.2
11312 0.8
11331 1.0
11336 0.16666666666666666
11337 0.8333333333333334
11356 1.0
11362 1.0
11400 1.0
11405 0.5
11406 0.5
11425 1.0
11431 1.0
11450 1.0
11455 0.16981132075471697
11456 0.8301886792452831
11475 1.0
11480 0.08333333333333333
11481 0.9166666666666666
11550 1.0
11575 1.0
11581 1.0
11675 1.0
11906 1.0
11931 1.0
11937 1.0
11956 1.0
11962 1.0
11981 1.0
12025 1.0
12031 1.0
12050 1.0
12055 0.4166666666666667
12056 0.5833333333333334
12075 1.0
12080 0.04411764705882353
12081 0.9558823529411765
12087 1.0
12106 1.0
12112 1.0
12175 1.0
12180 1.0
12200 1.0
12205 0.75
12206 0.25
12300 1.0
12525 1.0
12550 1.0
12556 1.0
12562 1.0
12575 1.0
12581 1.0
12587 1.0
12600 1.0
12605 0.02564102564102564
12606 0.9743589743589743
12650 1.0
12675 1.0
12700 1.0
12725 1.0
12800 1.0
12825 1.0
12925 1.0
13150 1.0
13156 1.0
13175 1.0
13181 1.0
13186 0.3333333333333333
13187 0.6666666666666666
13200 1.0
13205 0.25
13206 0.75
13225 1.0
13230 0.01818181818181818
13231 0.9818181818181818
13237 1.0
13300 1.0
13325 1.0
13350 1.0
13425 1.0
13450 1.0
13550 1.0
13775 1.0
13780 0.3333333333333333
13781 0.6666666666666666
13800 1.0
13805 0.06666666666666667
13806 0.9333333333333333
13811 0.2
13812 0.8
13825 1.0
13830 0.07142857142857142
13831 0.9285714285714286
13837 1.0
13850 1.0
13855 0.04
13856 0.96
13862 1.0
13900 1.0
13925 1.0
13950 1.0
13955 0.6
13956 0.4
13975 1.0
13980 0.5
13981 0.5
14050 1.0
14075 1.0
14175 1.0
14400 1.0
14405 1.0
14412 1.0
14425 1.0
14430 0.14285714285714285
14431 0.8571428571428571
14437 1.0
14456 1.0
14462 1.0
14481 1.0
14487 1.0
14525 1.0
14550 1.0
14556 1.0
14575 1.0
14580 0.4074074074074074
14581 0.5925925925925926
14600 1.0
14606 1.0
14675 1.0
14700 1.0
14800 1.0
15030 0.25
15031 0.75
15037 1.0
15056 1.0
15062 1.0
15081 1.0
15087 1.0
15106 1.0
15112 1.0
15150 1.0
15155 1.0
15175 1.0
15180 0.6666666666666666
15181 0.3333333333333333
15200 1.0
15205 0.08571428571428572
15206 0.9142857142857143
15225 1.0
15230 0.030303030303030304
15231 0.9696969696969697
15300 1.0
15325 1.0
15425 1.0
