0 1.0
6 1.0
12 1.0
25 1.0
31 1.0
37 0.9285714285714286
38 0.07142857142857142
43 0.9811320754716981
44 0.018867924528301886
49 1.0
50 0.96
51 0.04
56 1.0
62 0.9712230215827338
63 0.02877697841726619
68 0.9771428571428571
69 0.022857142857142857
74 1.0
75 1.0
81 0.970873786407767
82 0.02912621359223301
87 0.9629629629629629
88 0.037037037037037035
93 1.0
100 0.9836065573770492
101 0.01639344262295082
106 0.9887640449438202
107 0.011235955056179775
112 1.0
118 1.0
125 1.0
131 1.0
137 1.0
143 0.9607843137254902
144 0.0392156862745098
149 1.0
156 1.0
162 0.9583333333333334
163 0.041666666666666664
168 0.9536423841059603
169 0.046357615894039736
174 1.0
193 1.0
199 1.0
256 1.0
262 0.96
263 0.04
268 0.9534883720930233
269 0.046511627906976744
274 1.0
375 1.0
381 1.0
387 0.75
388 0.25
393 0.9259259259259259
394 0.07407407407407407
399 1.0
506 1.0
512 0.8571428571428571
513 0.14285714285714285
518 0.9
519 0.1
524 1.0
