50 1.0
55 1.0
60 1.0
80 1.0
85 1.0
100 1.0
105 1.0
110 1.0
156 1.0
176 1.0
181 1.0
186 1.0
201 0.6666666666666666
202 0.3333333333333333
206 1.0
211 1.0
226 1.0
231 1.0
236 1.0
267 1.0
307 1.0
312 1.0
317 1.0
393 1.0
413 1.0
418 1.0
438 1.0
655 1.0
776 1.0
781 1.0
801 1.0
806 1.0
831 1.0
892 1.0
902 1.0
907 1.0
927 1.0
932 1.0
952 1.0
1033 1.0
1038 1.0
1043 1.0
1053 1.0
1058 1.0
1144 1.0
1149 1.0
1164 1.0
1401 1.0
1502 1.0
1527 0.6
1528 0.4
1532 1.0
1653 0.9523809523809523
1654 0.047619047619047616
1658 1.0
1678 1.0
1769 1.0
1779 1.0
2001 1.0
2006 1.0
2127 1.0
2253 0.875
2254 0.125
2258 1.0
2268 1.0
2278 1.0
2283 1.0
2379 1.0
2384 1.0
2389 1.0
2394 1.0
2399 1.0
2404 1.0
2409 1.0
2752 1.0
2767 1.0
2772 1.0
2878 1.0
2883 1.0
2888 1.0
3004 1.0
3009 1.0
3014 1.0
3019 1.0
3024 1.0
3160 1.0
3185 1.0
3210 1.0
3281 1.0
3286 1.0
3291 1.0
3306 1.0
3311 1.0
3331 1.0
3336 1.0
3356 1.0
3361 1.0
3412 1.0
3417 1.0
3432 1.0
3437 1.0
3452 1.0
3457 1.0
3523 1.0
3543 1.0
3780 1.0
3881 1.0
3906 1.0
3931 1.0
3956 1.0
4017 1.0
4022 1.0
4027 1.0
4032 0.5
4033 0.5
4052 1.0
4057 1.0
4143 1.0
4153 1.0
4158 1.0
4163 1.0
4168 1.0
4178 1.0
4183 1.0
4274 1.0
4526 1.0
4637 1.0
4652 1.0
4778 0.8947368421052632
4779 0.10526315789473684
4783 1.0
4788 1.0
4889 1.0
4894 1.0
4899 1.0
4904 1.0
4909 1.0
5131 1.0
5252 1.0
5257 1.0
5378 1.0
5383 1.0
5388 1.0
5403 0.9090909090909091
5404 0.09090909090909091
5408 1.0
5413 1.0
5504 1.0
5509 1.0
5514 1.0
5524 1.0
5529 1.0
5534 1.0
5539 1.0
5877 1.0
5882 1.0
5892 1.0
6003 1.0
6008 1.0
6013 1.0
6129 1.0
6134 1.0
6139 1.0
6144 1.0
6149 1.0
6285 1.0
6391 1.0
6406 1.0
6411 1.0
6416 1.0
6436 1.0
6456 1.0
6461 1.0
6517 1.0
6537 1.0
6557 1.0
6562 1.0
6567 1.0
6582 1.0
6587 1.0
6648 1.0
6663 1.0
6668 1.0
6688 1.0
6693 1.0
6774 1.0
7016 1.0
7031 1.0
7137 1.0
7182 1.0
7263 1.0
7268 1.0
7273 1.0
7278 1.0
7283 1.0
7288 1.0
7293 1.0
7303 1.0
7308 1.0
7313 1.0
7394 1.0
7399 1.0
7631 1.0
7656 1.0
7752 1.0
7757 1.0
7762 1.0
7767 1.0
7777 1.0
7782 1.0
7787 1.0
7888 1.0
7893 1.0
7898 1.0
7903 1.0
7908 1.0
7913 1.0
8014 1.0
8019 1.0
8034 1.0
8251 1.0
8256 1.0
8377 1.0
8382 1.0
8387 1.0
8392 1.0
8503 0.5
8504 0.5
8508 1.0
8513 1.0
8528 1.0
8533 1.0
8629 1.0
8634 1.0
8639 1.0
8644 1.0
8649 1.0
8654 1.0
8881 1.0
9002 1.0
9007 1.0
9012 1.0
9128 0.9090909090909091
9129 0.09090909090909091
9138 1.0
9254 1.0
9259 1.0
9264 1.0
9269 1.0
9274 1.0
9410 1.0
9511 1.0
9536 1.0
9541 1.0
9561 1.0
9586 1.0
9662 1.0
9682 1.0
9687 1.0
9692 1.0
9712 1.0
9773 1.0
9788 1.0
9793 1.0
9798 1.0
9899 1.0
9919 1.0
10136 1.0
10161 1.0
10262 1.0
10267 1.0
10272 1.0
10282 1.0
10287 1.0
10307 0.7142857142857143
10308 0.2857142857142857
10312 1.0
10393 1.0
10408 1.0
10413 1.0
10433 1.0
10519 1.0
10524 1.0
10539 1.0
10544 1.0
10756 1.0
10761 1.0
10882 1.0
10892 1.0
10907 1.0
11028 1.0
11033 1.0
11038 1.0
11139 1.0
11144 1.0
11149 1.0
11154 1.0
11159 1.0
11164 1.0
11507 1.0
11517 1.0
11628 1.0
11633 1.0
11638 1.0
11653 1.0
11658 1.0
11754 1.0
11759 1.0
11764 1.0
11774 1.0
11779 1.0
11784 1.0
12006 1.0
12127 1.0
12137 1.0
12253 0.8
12254 0.2
12258 1.0
12263 1.0
12379 1.0
12384 1.0
12389 1.0
12394 1.0
12399 1.0
12641 1.0
12646 1.0
12661 1.0
12666 1.0
12686 1.0
12691 1.0
12711 1.0
12767 1.0
12772 1.0
12782 1.0
12787 1.0
12792 1.0
12807 1.0
12812 1.0
12817 1.0
12837 1.0
12893 1.0
12908 1.0
12918 1.0
12938 1.0
13024 1.0
13261 1.0
13266 1.0
13387 1.0
13392 1.0
13407 1.0
13412 1.0
13432 1.0
13518 1.0
13523 1.0
13533 1.0
13538 1.0
13543 1.0
13558 1.0
13644 1.0
13649 1.0
13664 1.0
13669 1.0
13881 1.0
13891 1.0
14002 1.0
14007 1.0
14017 1.0
14032 1.0
14138 1.0
14143 1.0
14153 1.0
14158 1.0
14163 1.0
14259 1.0
14264 1.0
14269 1.0
14274 1.0
14279 1.0
14284 1.0
14289 1.0
14511 1.0
14627 1.0
14632 1.0
14642 1.0
14657 1.0
14753 1.0
14758 1.0
14763 1.0
14768 1.0
14778 1.0
14783 1.0
14879 1.0
14884 1.0
14889 1.0
14894 1.0
14899 1.0
14904 1.0
14909 1.0
15257 1.0
15262 1.0
15378 1.0
15383 1.0
15504 1.0
15509 1.0
15514 1.0
15519 1.0
15655 1.0
15675 1.0
15680 1.0
15685 1.0
15700 1.0
15705 1.0
15725 1.0
15730 1.0
15735 1.0
15826 1.0
15831 1.0
15851 1.0
15952 1.0
16275 1.0
16300 1.0
16401 1.0
16426 1.0
16451 1.0
16527 1.0
16552 0.9354838709677419
16553 0.06451612903225806
16577 1.0
16653 1.0
16678 1.0
16779 1.0
17001 1.0
17026 1.0
17127 1.0
17152 0.8
17153 0.2
17253 1.0
17278 0.9285714285714286
17279 0.07142857142857142
17303 1.0
17379 1.0
17404 1.0
17752 1.0
17878 0.875
17879 0.125
17903 1.0
18004 1.0
18377 1.0
18503 1.0
18629 1.0
18780 1.0
18785 1.0
18800 1.0
18805 0.5
18806 0.5
18810 1.0
18825 1.0
18830 1.0
18850 1.0
18855 1.0
18901 1.0
18951 1.0
18956 1.0
18981 1.0
19077 1.0
19082 1.0
19405 1.0
19526 1.0
19551 1.0
19576 1.0
19652 1.0
19677 1.0
19702 1.0
19778 1.0
19803 1.0
20126 1.0
20151 1.0
20252 1.0
20277 1.0
20302 1.0
20403 0.9583333333333334
20404 0.041666666666666664
20504 1.0
20529 1.0
20751 1.0
20877 1.0
21003 1.0
21028 0.5
21029 0.5
21129 1.0
21154 1.0
21376 1.0
21502 1.0
21628 1.0
21754 1.0
21910 1.0
21930 1.0
21935 1.0
21955 1.0
21960 1.0
22031 1.0
22051 1.0
22056 1.0
22076 1.0
22081 1.0
22086 1.0
22106 1.0
22111 1.0
22177 1.0
22182 1.0
22202 1.0
22207 1.0
22651 1.0
22656 1.0
22676 1.0
22777 1.0
22802 1.0
22807 1.0
22827 1.0
22903 1.0
22928 1.0
23251 1.0
23276 0.75
23277 0.25
23377 1.0
23402 1.0
23503 1.0
23528 0.9642857142857143
23529 0.03571428571428571
23629 1.0
23654 1.0
23876 1.0
24002 1.0
24128 0.9230769230769231
24129 0.07692307692307693
24153 1.0
24254 1.0
24279 1.0
24501 1.0
24627 1.0
24753 1.0
24879 1.0
25030 1.0
25035 1.0
25060 1.0
25161 1.0
25181 1.0
25186 1.0
25206 1.0
25211 1.0
25302 1.0
25307 1.0
25332 1.0
25776 1.0
25781 1.0
25806 1.0
25902 1.0
25927 1.0
25932 1.0
26028 1.0
26053 1.0
26058 1.0
26154 1.0
26401 1.0
26527 1.0
26653 1.0
26678 1.0
26754 1.0
26779 1.0
27001 1.0
27127 1.0
27253 0.8333333333333334
27254 0.16666666666666666
27278 1.0
27379 1.0
27404 1.0
27626 1.0
27752 1.0
27878 1.0
28004 1.0
28155 1.0
28160 1.0
28281 1.0
28286 1.0
28306 1.0
28311 1.0
28331 1.0
28336 1.0
28341 1.0
28432 1.0
28457 1.0
28462 1.0
28901 1.0
28906 1.0
28931 1.0
29027 1.0
29032 1.0
29052 0.75
29053 0.25
29057 1.0
29082 1.0
29153 1.0
29178 1.0
29183 1.0
29501 1.0
29526 1.0
29627 1.0
29652 1.0
29778 0.96
29779 0.04
29904 1.0
30252 1.0
30378 0.6666666666666666
30379 0.3333333333333333
30403 1.0
30504 1.0
30529 1.0
30877 1.0
31003 0.8
31004 0.2
31129 1.0
31275 1.0
31300 1.0
31305 1.0
31310 1.0
31325 1.0
31330 1.0
31350 1.0
31355 1.0
31426 1.0
31451 1.0
31476 1.0
31900 1.0
31925 1.0
32026 1.0
32051 0.6666666666666666
32052 0.3333333333333333
32076 0.8571428571428571
32077 0.14285714285714285
32152 1.0
32177 0.8888888888888888
32178 0.1111111111111111
32202 1.0
32278 1.0
32303 1.0
32626 1.0
32651 1.0
32752 1.0
32777 1.0
32878 0.6666666666666666
32879 0.3333333333333333
32903 0.8421052631578947
32904 0.15789473684210525
33004 1.0
33029 1.0
33377 1.0
33503 0.75
33504 0.25
33629 1.0
34002 1.0
34128 1.0
34254 1.0
34400 1.0
34405 1.0
34430 1.0
34455 1.0
34480 1.0
34485 1.0
34576 0.8181818181818182
34577 0.18181818181818182
34601 1.0
34702 1.0
35025 1.0
35151 1.0
35176 1.0
35201 1.0
35277 0.5
35278 0.5
35302 0.9583333333333334
35303 0.041666666666666664
35327 1.0
35403 1.0
35428 1.0
35751 1.0
35776 1.0
35877 1.0
35902 1.0
36003 0.5
36004 0.5
36028 0.95
36029 0.05
36129 1.0
36154 1.0
36502 1.0
36628 0.6666666666666666
36629 0.3333333333333333
36754 1.0
37127 0.75
37128 0.25
37253 1.0
37379 1.0
37530 1.0
37535 1.0
37555 1.0
37560 1.0
37580 1.0
37585 1.0
37605 1.0
37651 1.0
37676 1.0
37701 1.0
37706 1.0
37731 1.0
37802 1.0
37827 1.0
38150 1.0
38276 1.0
38301 1.0
38326 0.6666666666666666
38327 0.3333333333333333
38402 1.0
38427 0.9285714285714286
38428 0.07142857142857142
38452 1.0
38528 1.0
38553 1.0
38901 1.0
39002 1.0
39027 0.6666666666666666
39028 0.3333333333333333
39052 1.0
39128 0.6666666666666666
39129 0.3333333333333333
39153 0.95
39154 0.05
39254 1.0
39279 1.0
39501 1.0
39627 1.0
39753 0.9285714285714286
39754 0.07142857142857142
39778 1.0
39879 1.0
40252 1.0
40378 1.0
40504 1.0
40655 1.0
40660 1.0
40680 1.0
40685 1.0
40705 1.0
40710 1.0
40735 1.0
40801 1.0
40806 1.0
40826 1.0
40831 1.0
40856 1.0
40861 1.0
40952 1.0
41401 1.0
41426 0.5
41427 0.5
41527 1.0
41552 0.9130434782608695
41553 0.08695652173913043
41577 1.0
41653 1.0
41678 1.0
42001 1.0
42026 1.0
42127 1.0
42152 1.0
42253 1.0
42278 0.96
42279 0.04
42379 1.0
42404 1.0
42626 1.0
42752 1.0
42878 0.9333333333333333
42879 0.06666666666666667
42903 1.0
43004 1.0
43377 1.0
43503 1.0
43629 1.0
43781 1.0
43805 1.0
43810 1.0
43830 1.0
43860 1.0
43926 1.0
43931 1.0
43956 1.0
43961 1.0
43981 1.0
43986 1.0
44052 1.0
44077 1.0
44082 1.0
44405 1.0
44526 1.0
44551 0.8
44552 0.2
44556 1.0
44652 1.0
44677 0.9285714285714286
44678 0.07142857142857142
44682 1.0
44702 1.0
44707 1.0
44778 1.0
44803 1.0
44904 1.0
45151 1.0
45252 1.0
45277 1.0
45378 0.5
45379 0.5
45403 0.9642857142857143
45404 0.03571428571428571
45504 1.0
45529 1.0
45752 1.0
45877 1.0
46003 1.0
46129 1.0
46154 1.0
46502 1.0
46628 1.0
46754 1.0
46925 1.0
46930 1.0
46950 1.0
46960 1.0
46975 1.0
46980 1.0
46985 1.0
47076 1.0
47101 1.0
47202 1.0
47550 1.0
47651 1.0
47676 1.0
47701 0.75
47702 0.25
47777 0.5
47778 0.5
47802 0.7142857142857143
47803 0.2857142857142857
47827 1.0
47903 1.0
47928 1.0
48029 1.0
48251 1.0
48377 1.0
48402 1.0
48503 0.8571428571428571
48504 0.14285714285714285
48528 0.9166666666666666
48529 0.08333333333333333
48629 1.0
48654 1.0
49002 1.0
49128 0.8571428571428571
49129 0.14285714285714285
49254 1.0
49627 1.0
49753 1.0
49879 1.0
50050 1.0
50055 1.0
50060 1.0
50075 1.0
50080 1.0
50100 1.0
50105 1.0
50110 1.0
50201 1.0
50226 1.0
50327 1.0
50650 1.0
50776 1.0
50801 1.0
50827 1.0
50902 1.0
50927 0.6666666666666666
50928 0.3333333333333333
50952 1.0
51028 1.0
51053 1.0
51154 1.0
51401 0.5
51402 0.5
51502 1.0
51527 1.0
51628 1.0
51653 0.9333333333333333
51654 0.06666666666666667
51754 1.0
51779 1.0
52002 1.0
52127 1.0
52253 1.0
52379 1.0
52626 1.0
52752 1.0
52878 1.0
53004 1.0
53180 1.0
53205 1.0
53230 1.0
53235 1.0
53276 1.0
53301 1.0
53326 0.9090909090909091
53327 0.09090909090909091
53351 1.0
53356 1.0
53775 1.0
53800 1.0
53901 1.0
53926 1.0
53951 1.0
54027 1.0
54052 0.9444444444444444
54053 0.05555555555555555
54077 1.0
54153 1.0
54178 1.0
54501 1.0
54526 1.0
54627 1.0
54652 0.5
54653 0.5
54778 1.0
54879 1.0
54904 1.0
55252 1.0
55378 0.875
55379 0.125
55504 1.0
55877 1.0
56003 1.0
56129 1.0
56305 1.0
56330 1.0
56335 1.0
56355 0.8571428571428571
56356 0.14285714285714285
56360 1.0
56426 1.0
56431 1.0
56451 1.0
56456 1.0
56476 1.0
56481 1.0
56552 1.0
56577 1.0
56900 1.0
56905 1.0
57026 0.875
57027 0.125
57051 1.0
57076 0.6
57077 0.4
57152 1.0
57177 0.9545454545454546
57178 0.045454545454545456
57202 1.0
57278 1.0
57303 1.0
57626 1.0
57651 1.0
57752 1.0
57777 0.75
57778 0.25
57878 1.0
57903 0.9285714285714286
57904 0.07142857142857142
58004 1.0
58029 1.0
58251 0.6666666666666666
58252 0.3333333333333333
58377 1.0
58503 1.0
58528 1.0
58629 1.0
59002 1.0
59128 1.0
59254 1.0
59435 1.0
59460 1.0
59551 1.0
59556 1.0
59576 0.6666666666666666
59577 0.3333333333333333
59581 1.0
59606 1.0
59677 1.0
59702 1.0
60025 1.0
60030 1.0
60151 1.0
60176 0.6666666666666666
60177 0.3333333333333333
60202 1.0
60277 1.0
60302 1.0
60403 1.0
60428 1.0
60529 1.0
60751 1.0
60776 1.0
60877 1.0
60902 0.75
60903 0.25
61003 0.8
61004 0.2
61028 0.92
61029 0.08
61129 1.0
61154 1.0
61502 1.0
61628 1.0
61754 1.0
62127 1.0
62253 0.6666666666666666
62254 0.3333333333333333
62379 1.0
62550 1.0
62555 1.0
62575 1.0
62600 1.0
62605 1.0
62701 0.8333333333333334
62702 0.16666666666666666
62726 1.0
62827 1.0
63175 1.0
63276 0.6666666666666666
63277 0.3333333333333333
63301 1.0
63326 1.0
63402 0.3333333333333333
63403 0.6666666666666666
63427 0.875
63428 0.125
63452 1.0
63528 1.0
63553 1.0
63654 1.0
63901 1.0
64002 1.0
64128 1.0
64153 0.7647058823529411
64154 0.23529411764705882
64254 1.0
64279 1.0
64627 1.0
64753 1.0
64879 1.0
65252 1.0
65378 1.0
65504 1.0
65675 1.0
65680 1.0
65700 0.8
65701 0.2
65725 0.9230769230769231
65726 0.07692307692307693
65730 1.0
65801 1.0
65826 1.0
65851 1.0
66275 1.0
66401 1.0
66426 1.0
66451 0.75
66452 0.25
66527 1.0
66552 0.8666666666666667
66553 0.13333333333333333
66577 1.0
66653 1.0
66678 1.0
66779 1.0
67001 1.0
67026 1.0
67127 1.0
67152 1.0
67253 1.0
67278 1.0
67379 1.0
67404 1.0
67627 1.0
67752 1.0
67878 0.75
67879 0.25
68004 1.0
68252 1.0
68377 1.0
68503 1.0
68629 1.0
68800 1.0
68805 1.0
68810 1.0
68825 0.6666666666666666
68826 0.3333333333333333
68830 1.0
68835 1.0
68850 1.0
68855 1.0
68951 0.9090909090909091
68952 0.09090909090909091
68976 1.0
68981 1.0
69077 1.0
69425 1.0
69526 1.0
69551 0.5
69552 0.5
69576 1.0
69652 1.0
69677 1.0
69702 1.0
69778 1.0
69803 1.0
70126 1.0
70151 1.0
70252 1.0
70277 1.0
70378 0.75
70379 0.25
70403 0.9333333333333333
70404 0.06666666666666667
70504 1.0
70529 1.0
70877 0.75
70878 0.25
71003 0.875
71004 0.125
71129 1.0
71376 1.0
71502 1.0
71628 0.75
71629 0.25
71754 1.0
71905 1.0
71910 1.0
71925 1.0
71930 1.0
71935 1.0
71955 1.0
71960 1.0
71980 1.0
71985 1.0
72051 1.0
72076 1.0
72101 1.0
72106 1.0
72202 1.0
72525 1.0
72651 1.0
72676 0.75
72677 0.25
72777 1.0
72802 1.0
72827 1.0
72903 1.0
72928 1.0
73029 1.0
73276 1.0
73377 1.0
73402 1.0
73528 1.0
73629 1.0
73654 1.0
74002 1.0
74128 0.8888888888888888
74129 0.1111111111111111
74254 1.0
74627 1.0
74753 1.0
74879 1.0
75030 1.0
75035 1.0
75051 1.0
75055 1.0
75080 1.0
75085 1.0
75105 1.0
75176 1.0
75201 1.0
75206 1.0
75226 1.0
75231 1.0
75302 1.0
75327 1.0
75776 1.0
75801 0.6666666666666666
75802 0.3333333333333333
75902 1.0
75927 0.9444444444444444
75928 0.05555555555555555
75952 1.0
76028 1.0
76053 1.0
76154 1.0
76376 1.0
76502 1.0
76527 0.5
76528 0.5
76552 1.0
76628 0.75
76629 0.25
76653 0.9230769230769231
76654 0.07692307692307693
76754 1.0
76779 1.0
77001 1.0
77127 0.8
77128 0.2
77253 0.8
77254 0.2
77379 1.0
77752 1.0
77878 1.0
78004 1.0
