0 1.0
6 1.0
12 1.0
18 1.0
25 1.0
31 1.0
37 0.9814814814814815
38 0.018518518518518517
43 0.9931506849315068
44 0.00684931506849315
49 1.0
50 0.9545454545454546
51 0.045454545454545456
56 1.0
62 0.9813084112149533
63 0.018691588785046728
68 0.9735099337748344
69 0.026490066225165563
74 1.0
75 1.0
81 0.989247311827957
82 0.010752688172043012
87 0.9739130434782609
88 0.02608695652173913
93 1.0
100 0.9818181818181818
101 0.01818181818181818
106 1.0
112 1.0
118 1.0
125 1.0
131 1.0
137 1.0
143 0.9811320754716981
144 0.018867924528301886
149 1.0
156 1.0
162 1.0
168 0.9888888888888889
169 0.011111111111111112
174 1.0
256 1.0
262 1.0
268 1.0
274 1.0
375 1.0
381 0.8888888888888888
382 0.1111111111111111
387 1.0
393 1.0
399 1.0
506 1.0
512 0.8
513 0.2
518 1.0
524 1.0
