0 1.0
6 1.0
25 0.967741935483871
26 0.03225806451612903
31 0.9387755102040817
32 0.061224489795918366
37 1.0
50 0.9622641509433962
51 0.03773584905660377
56 0.9596774193548387
57 0.04032258064516129
62 1.0
68 1.0
75 1.0
81 0.9795918367346939
82 0.02040816326530612
87 0.9896907216494846
88 0.010309278350515464
93 1.0
100 0.9823008849557522
101 0.017699115044247787
106 0.9865771812080537
107 0.013422818791946308
112 1.0
118 1.0
125 1.0
131 0.9655172413793104
132 0.034482758620689655
137 1.0
143 1.0
149 1.0
150 1.0
156 0.9523809523809523
157 0.047619047619047616
162 0.9541284403669725
163 0.045871559633027525
168 0.9531914893617022
169 0.04680851063829787
174 1.0
181 1.0
187 0.9171597633136095
188 0.08284023668639054
193 0.9736070381231672
194 0.026392961876832845
199 1.0
212 0.8518518518518519
213 0.14814814814814814
218 0.9814814814814815
219 0.018518518518518517
250 1.0
256 0.9230769230769231
257 0.07692307692307693
262 0.8947368421052632
263 0.10526315789473684
268 0.9361702127659575
269 0.06382978723404255
274 1.0
281 0.8
282 0.2
287 0.9166666666666666
288 0.08333333333333333
293 0.9346733668341709
294 0.06532663316582915
299 1.0
318 1.0
375 1.0
381 1.0
387 1.0
393 0.8676470588235294
394 0.1323529411764706
399 1.0
412 1.0
418 0.896551724137931
419 0.10344827586206896
424 1.0
500 1.0
506 1.0
512 0.9705882352941176
513 0.029411764705882353
518 0.9137931034482759
519 0.08620689655172414
524 1.0
