55 1.0
60 1.0
80 1.0
85 1.0
100 1.0
105 1.0
110 1.0
176 1.0
181 1.0
186 1.0
201 1.0
206 1.0
211 1.0
226 1.0
231 1.0
236 1.0
267 1.0
307 1.0
312 1.0
317 1.0
393 1.0
413 1.0
418 1.0
438 1.0
655 1.0
776 1.0
781 1.0
801 1.0
806 0.6666666666666666
807 0.3333333333333333
827 1.0
831 1.0
902 1.0
907 1.0
912 1.0
917 1.0
927 1.0
932 1.0
952 1.0
1038 1.0
1043 1.0
1053 1.0
1058 1.0
1144 1.0
1149 1.0
1164 1.0
1376 1.0
1401 0.8
1402 0.2
1406 1.0
1502 1.0
1527 1.0
1532 1.0
1653 0.9
1654 0.1
1658 1.0
1678 1.0
1769 1.0
1779 1.0
2001 1.0
2006 1.0
2127 1.0
2132 1.0
2253 1.0
2263 1.0
2268 1.0
2278 0.8888888888888888
2279 0.1111111111111111
2283 1.0
2379 1.0
2384 1.0
2389 1.0
2394 1.0
2399 1.0
2404 1.0
2409 1.0
2752 1.0
2767 1.0
2772 1.0
2878 1.0
2883 1.0
2888 1.0
2908 1.0
3004 1.0
3009 1.0
3014 1.0
3019 1.0
3024 1.0
3029 1.0
3160 1.0
3185 1.0
3210 1.0
3281 1.0
3286 1.0
3291 1.0
3306 1.0
3311 1.0
3331 1.0
3336 1.0
3356 1.0
3361 1.0
3412 1.0
3417 1.0
3432 1.0
3437 1.0
3457 1.0
3523 1.0
3543 1.0
3780 1.0
3886 1.0
3906 1.0
3911 1.0
3931 1.0
3956 1.0
4017 1.0
4022 1.0
4032 1.0
4052 0.9090909090909091
4053 0.09090909090909091
4057 1.0
4143 1.0
4153 1.0
4158 1.0
4163 1.0
4168 1.0
4178 1.0
4183 1.0
4274 1.0
4526 1.0
4637 1.0
4652 1.0
4677 1.0
4778 1.0
4783 1.0
4788 1.0
4889 1.0
4894 1.0
4899 1.0
4904 1.0
4909 1.0
5126 1.0
5131 1.0
5252 1.0
5257 1.0
5378 1.0
5383 1.0
5388 1.0
5403 1.0
5408 1.0
5413 1.0
5504 1.0
5509 1.0
5514 1.0
5524 1.0
5529 1.0
5539 1.0
5756 1.0
5877 0.8571428571428571
5878 0.14285714285714285
5882 1.0
5892 1.0
6003 0.875
6004 0.125
6008 1.0
6013 1.0
6028 1.0
6129 1.0
6134 1.0
6139 1.0
6144 1.0
6149 1.0
6154 1.0
6285 1.0
6391 1.0
6406 1.0
6411 1.0
6416 1.0
6436 1.0
6456 1.0
6461 0.8888888888888888
6462 0.1111111111111111
6517 1.0
6537 1.0
6557 1.0
6562 1.0
6567 1.0
6582 1.0
6587 1.0
6648 1.0
6663 1.0
6668 1.0
6688 1.0
6693 1.0
6774 1.0
7016 1.0
7031 1.0
7137 1.0
7153 1.0
7178 1.0
7182 0.8888888888888888
7183 0.1111111111111111
7188 1.0
7263 1.0
7268 1.0
7273 1.0
7283 1.0
7288 1.0
7293 1.0
7303 1.0
7308 1.0
7394 1.0
7399 1.0
7631 1.0
7656 1.0
7757 1.0
7762 1.0
7767 1.0
7777 1.0
7782 1.0
7787 1.0
7888 1.0
7893 1.0
7898 1.0
7903 1.0
7908 1.0
7913 1.0
7928 1.0
8014 1.0
8019 1.0
8256 1.0
8377 1.0
8382 1.0
8387 1.0
8392 1.0
8503 1.0
8508 1.0
8513 1.0
8528 1.0
8533 1.0
8629 1.0
8634 1.0
8639 1.0
8644 1.0
8649 1.0
8654 1.0
8886 1.0
9002 1.0
9007 1.0
9012 1.0
9128 1.0
9133 1.0
9138 1.0
9254 1.0
9259 1.0
9264 1.0
9269 1.0
9274 1.0
9279 1.0
9284 1.0
9410 1.0
9516 1.0
9536 1.0
9541 1.0
9561 1.0
9586 1.0
9682 1.0
9687 0.9
9688 0.1
9692 1.0
9712 1.0
9773 1.0
9788 1.0
9793 1.0
9798 1.0
9899 1.0
9919 1.0
10136 1.0
10161 1.0
10262 1.0
10267 1.0
10272 1.0
10282 1.0
10287 1.0
10307 1.0
10312 1.0
10393 1.0
10408 1.0
10413 1.0
10433 1.0
10519 1.0
10524 1.0
10539 1.0
10544 1.0
10756 1.0
10761 1.0
10882 1.0
10892 1.0
10902 0.5
10903 0.5
10907 1.0
11028 0.8888888888888888
11029 0.1111111111111111
11033 0.9
11034 0.1
11038 1.0
11043 1.0
11139 1.0
11144 1.0
11149 1.0
11154 1.0
11159 1.0
11164 1.0
11381 1.0
11507 1.0
11517 1.0
11633 1.0
11638 1.0
11653 0.7142857142857143
11654 0.2857142857142857
11658 1.0
11759 1.0
11764 1.0
11774 1.0
11779 1.0
11784 1.0
12006 1.0
12127 1.0
12132 1.0
12137 1.0
12253 1.0
12258 1.0
12263 1.0
12379 1.0
12384 1.0
12389 1.0
12394 1.0
12399 1.0
12641 1.0
12646 1.0
12661 1.0
12666 1.0
12686 1.0
12691 1.0
12711 1.0
12767 1.0
12772 1.0
12787 1.0
12792 1.0
12807 1.0
12812 1.0
12817 1.0
12837 1.0
12893 1.0
12913 1.0
12918 1.0
12938 1.0
13024 1.0
13261 1.0
13266 1.0
13387 1.0
13392 1.0
13407 1.0
13412 1.0
13432 1.0
13518 1.0
13523 1.0
13533 1.0
13538 1.0
13543 1.0
13558 1.0
13563 1.0
13644 1.0
13649 1.0
13664 1.0
13669 1.0
13881 1.0
13891 1.0
14007 1.0
14017 1.0
14027 1.0
14032 0.8
14033 0.2
14138 1.0
14143 1.0
14153 1.0
14158 1.0
14163 1.0
14168 1.0
14264 1.0
14269 1.0
14274 1.0
14279 1.0
14284 1.0
14289 1.0
14511 1.0
14627 1.0
14632 1.0
14637 1.0
14642 1.0
14657 1.0
14753 1.0
14758 1.0
14763 1.0
14768 1.0
14778 1.0
14783 1.0
14884 1.0
14889 1.0
14894 1.0
14899 1.0
14904 1.0
14909 1.0
14914 1.0
15257 1.0
15262 1.0
15378 1.0
15383 1.0
15408 1.0
15504 1.0
15509 1.0
15514 1.0
15519 1.0
15655 1.0
15675 1.0
15680 1.0
15685 1.0
15700 0.8
15701 0.2
15705 1.0
15725 1.0
15730 1.0
15735 1.0
15826 1.0
15831 1.0
15851 1.0
16275 1.0
16280 1.0
16300 1.0
16401 1.0
16426 0.75
16427 0.25
16451 0.8333333333333334
16452 0.16666666666666666
16527 0.75
16528 0.25
16552 1.0
16577 1.0
16653 1.0
16678 1.0
17001 0.5
17002 0.5
17026 1.0
17127 1.0
17152 1.0
17177 1.0
17278 1.0
17303 1.0
17379 1.0
17404 1.0
17752 1.0
17878 0.9166666666666666
17879 0.08333333333333333
17903 1.0
18004 1.0
18029 1.0
18377 1.0
18503 1.0
18629 1.0
18780 1.0
18785 1.0
18800 1.0
18805 1.0
18810 1.0
18825 1.0
18830 1.0
18850 1.0
18855 1.0
18901 1.0
18951 0.875
18952 0.125
18956 1.0
18981 1.0
19077 1.0
19405 1.0
19526 1.0
19551 0.8
19552 0.2
19576 0.75
19577 0.25
19677 0.9565217391304348
19678 0.043478260869565216
19702 1.0
19778 1.0
19803 1.0
20126 1.0
20151 1.0
20277 0.875
20278 0.125
20302 0.5
20303 0.5
20403 0.9523809523809523
20404 0.047619047619047616
20428 1.0
20529 1.0
20751 1.0
20877 1.0
21003 1.0
21028 1.0
21129 1.0
21154 1.0
21376 1.0
21502 1.0
21628 0.6666666666666666
21629 0.3333333333333333
21754 1.0
21905 1.0
21910 1.0
21930 1.0
21935 1.0
21955 1.0
21960 1.0
22051 1.0
22056 1.0
22076 1.0
22081 0.9523809523809523
22082 0.047619047619047616
22086 1.0
22106 1.0
22111 1.0
22182 1.0
22207 1.0
22531 1.0
22651 1.0
22656 1.0
22676 1.0
22681 1.0
22777 1.0
22802 0.9130434782608695
22803 0.08695652173913043
22827 1.0
22903 1.0
22928 1.0
23251 1.0
23276 1.0
23281 1.0
23377 1.0
23402 0.8333333333333334
23403 0.16666666666666666
23528 1.0
23654 1.0
23876 1.0
24002 1.0
24028 1.0
24128 1.0
24153 1.0
24254 1.0
24279 1.0
24501 1.0
24627 1.0
24753 0.8461538461538461
24754 0.15384615384615385
24879 1.0
25030 1.0
25035 1.0
25060 1.0
25161 1.0
25181 1.0
25186 1.0
25206 1.0
25211 1.0
25302 1.0
25307 1.0
25332 1.0
25776 1.0
25781 1.0
25806 1.0
25902 1.0
25927 0.9090909090909091
25928 0.09090909090909091
25932 1.0
26028 1.0
26053 1.0
26401 1.0
26527 0.8571428571428571
26528 0.14285714285714285
26653 0.9523809523809523
26654 0.047619047619047616
26678 1.0
26779 1.0
27001 1.0
27127 0.75
27128 0.25
27152 1.0
27253 0.8888888888888888
27254 0.1111111111111111
27278 0.8181818181818182
27279 0.18181818181818182
27379 1.0
27404 1.0
27626 1.0
27752 1.0
27878 0.7777777777777778
27879 0.2222222222222222
28004 1.0
28155 1.0
28160 1.0
28281 1.0
28286 1.0
28306 1.0
28311 1.0
28331 1.0
28336 1.0
28341 1.0
28432 1.0
28457 1.0
28462 1.0
28901 1.0
28906 1.0
28931 1.0
29027 0.6666666666666666
29028 0.3333333333333333
29032 1.0
29052 1.0
29057 0.95
29058 0.05
29082 1.0
29153 1.0
29178 1.0
29183 1.0
29501 1.0
29526 1.0
29627 1.0
29652 1.0
29683 1.0
29778 0.9615384615384616
29779 0.038461538461538464
29803 1.0
29904 1.0
30252 1.0
30378 0.8333333333333334
30379 0.16666666666666666
30403 1.0
30504 1.0
30529 1.0
30877 1.0
31003 1.0
31129 1.0
31275 1.0
31300 1.0
31305 1.0
31310 1.0
31325 1.0
31330 1.0
31350 1.0
31355 1.0
31426 1.0
31451 1.0
31476 1.0
31900 1.0
31925 1.0
32026 0.8
32027 0.2
32051 0.8571428571428571
32052 0.14285714285714285
32076 1.0
32152 1.0
32177 0.9333333333333333
32178 0.06666666666666667
32202 1.0
32278 1.0
32303 1.0
32626 1.0
32651 1.0
32752 1.0
32777 0.8
32778 0.2
32878 1.0
32903 0.9545454545454546
32904 0.045454545454545456
33004 1.0
33029 1.0
33377 1.0
33503 1.0
33629 1.0
34002 0.8
34003 0.2
34128 1.0
34254 1.0
34405 1.0
34430 1.0
34450 1.0
34455 1.0
34476 1.0
34480 1.0
34485 1.0
34576 0.8333333333333334
34577 0.16666666666666666
34601 1.0
35025 1.0
35050 1.0
35151 1.0
35176 0.8571428571428571
35177 0.14285714285714285
35201 0.6666666666666666
35202 0.3333333333333333
35277 1.0
35302 0.9523809523809523
35303 0.047619047619047616
35327 1.0
35403 1.0
35428 1.0
35751 0.6666666666666666
35752 0.3333333333333333
35776 1.0
35877 1.0
35902 1.0
35927 1.0
36003 1.0
36028 1.0
36154 1.0
36376 1.0
36502 0.8333333333333334
36503 0.16666666666666666
36628 0.9090909090909091
36629 0.09090909090909091
36653 1.0
36754 1.0
37127 1.0
37253 1.0
37379 1.0
37530 1.0
37535 1.0
37550 1.0
37555 1.0
37560 1.0
37580 1.0
37585 1.0
37605 1.0
37651 1.0
37676 1.0
37701 1.0
37706 1.0
37726 1.0
37731 1.0
37827 1.0
38150 1.0
38276 0.8
38277 0.2
38301 0.6666666666666666
38302 0.3333333333333333
38326 1.0
38402 1.0
38427 1.0
38452 1.0
38528 1.0
38553 1.0
38876 1.0
38901 1.0
39002 1.0
39027 1.0
39052 1.0
39128 1.0
39153 0.8518518518518519
39154 0.14814814814814814
39178 1.0
39254 1.0
39279 1.0
39501 1.0
39627 1.0
39753 1.0
39778 1.0
39879 1.0
39904 1.0
40252 1.0
40378 1.0
40504 1.0
40655 1.0
40660 1.0
40680 1.0
40685 1.0
40705 1.0
40710 1.0
40735 1.0
40801 1.0
40806 1.0
40826 1.0
40831 1.0
40856 1.0
40861 1.0
40952 1.0
41275 1.0
41401 1.0
41426 0.75
41427 0.25
41451 1.0
41527 1.0
41552 1.0
41577 1.0
41653 1.0
41678 1.0
42001 1.0
42026 1.0
42127 1.0
42152 1.0
42278 0.9666666666666667
42279 0.03333333333333333
42303 1.0
42379 1.0
42404 1.0
42626 1.0
42752 1.0
42878 1.0
42903 1.0
43004 1.0
43029 1.0
43251 1.0
43377 1.0
43503 0.75
43504 0.25
43629 1.0
43780 1.0
43805 1.0
43810 1.0
43830 1.0
43836 1.0
43860 1.0
43931 1.0
43956 1.0
43961 1.0
43981 1.0
43986 1.0
44077 1.0
44082 1.0
44405 1.0
44526 1.0
44551 1.0
44556 1.0
44652 1.0
44677 1.0
44682 1.0
44702 1.0
44707 1.0
44803 1.0
45151 1.0
45252 1.0
45277 0.75
45278 0.25
45403 0.9655172413793104
45404 0.034482758620689655
45529 1.0
45751 1.0
45877 1.0
46003 1.0
46028 1.0
46129 1.0
46154 1.0
46502 1.0
46628 0.7777777777777778
46629 0.2222222222222222
46754 1.0
46925 1.0
46930 1.0
46950 0.8
46951 0.2
46955 1.0
46960 1.0
46975 1.0
46980 1.0
46985 1.0
47076 1.0
47101 1.0
47202 1.0
47550 1.0
47651 1.0
47676 1.0
47701 1.0
47777 1.0
47802 0.8
47803 0.2
47827 1.0
47903 1.0
47928 1.0
48029 1.0
48251 1.0
48276 1.0
48377 1.0
48427 1.0
48503 0.5
48504 0.5
48528 0.9545454545454546
48529 0.045454545454545456
48629 1.0
48654 1.0
49002 1.0
49128 0.875
49129 0.125
49254 1.0
49627 1.0
49753 1.0
49879 1.0
50050 1.0
50055 1.0
50060 1.0
50080 1.0
50100 1.0
50105 1.0
50110 1.0
50201 1.0
50226 1.0
50650 1.0
50776 1.0
50801 0.5
50802 0.5
50826 1.0
50902 1.0
50927 0.875
50928 0.125
50952 1.0
51028 1.0
51053 1.0
51401 1.0
51502 1.0
51527 1.0
51628 1.0
51653 0.8181818181818182
51654 0.18181818181818182
51678 1.0
51754 1.0
51779 1.0
52001 0.5
52002 0.5
52127 1.0
52253 0.7777777777777778
52254 0.2222222222222222
52379 1.0
52626 1.0
52752 1.0
52878 1.0
53004 1.0
53180 1.0
53200 1.0
53205 1.0
53230 1.0
53235 1.0
53301 1.0
53326 1.0
53331 1.0
53351 1.0
53356 1.0
53775 1.0
53800 1.0
53901 1.0
53926 0.6666666666666666
53927 0.3333333333333333
53951 0.8
53952 0.2
54028 1.0
54052 0.8
54053 0.2
54077 1.0
54153 1.0
54178 1.0
54501 0.5
54502 0.5
54526 0.75
54527 0.25
54652 1.0
54753 1.0
54778 1.0
54803 1.0
54879 1.0
54904 1.0
55252 1.0
55378 1.0
55504 1.0
55877 1.0
56003 1.0
56129 1.0
56305 1.0
56330 1.0
56335 1.0
56355 1.0
56360 1.0
56426 1.0
56451 0.9166666666666666
56452 0.08333333333333333
56456 1.0
56476 1.0
56481 1.0
56552 1.0
56577 1.0
56900 1.0
56905 1.0
57026 1.0
57051 0.8
57052 0.2
57076 0.9
57077 0.1
57152 1.0
57177 1.0
57202 1.0
57278 1.0
57303 1.0
57626 1.0
57651 1.0
57752 1.0
57777 1.0
57878 1.0
57903 0.9047619047619048
57904 0.09523809523809523
58029 1.0
58251 1.0
58377 1.0
58503 0.9166666666666666
58504 0.08333333333333333
58528 1.0
58629 1.0
58654 1.0
59002 1.0
59128 1.0
59254 1.0
59435 1.0
59460 1.0
59551 1.0
59556 1.0
59576 1.0
59581 1.0
59606 1.0
59702 1.0
60030 1.0
60151 1.0
60176 1.0
60201 1.0
60302 0.9473684210526315
60303 0.05263157894736842
60327 1.0
60403 1.0
60428 1.0
60751 1.0
60776 0.5
60777 0.5
60877 1.0
60902 1.0
60927 1.0
61003 1.0
61028 1.0
61129 1.0
61154 1.0
61502 0.6666666666666666
61503 0.3333333333333333
61628 0.875
61629 0.125
61653 1.0
61754 1.0
62127 1.0
62253 1.0
62379 1.0
62550 1.0
62555 1.0
62560 1.0
62575 0.5
62576 0.5
62600 1.0
62605 1.0
62701 1.0
62726 1.0
62827 1.0
63175 1.0
63276 1.0
63326 0.9
63327 0.1
63402 1.0
63427 0.95
63428 0.05
63452 1.0
63528 1.0
63553 1.0
63654 1.0
63901 1.0
64002 1.0
64027 1.0
64128 1.0
64153 0.9090909090909091
64154 0.09090909090909091
64254 1.0
64279 1.0
64627 1.0
64753 1.0
64879 1.0
65252 0.8
65253 0.2
65378 1.0
65504 1.0
65675 1.0
65680 1.0
65700 1.0
65725 1.0
65730 1.0
65826 1.0
65851 1.0
66275 1.0
66401 1.0
66426 1.0
66451 0.8888888888888888
66452 0.1111111111111111
66527 1.0
66552 0.9130434782608695
66553 0.08695652173913043
66577 1.0
66653 0.5
66654 0.5
66678 1.0
66779 1.0
66900 1.0
67001 1.0
67026 1.0
67127 1.0
67152 0.6
67153 0.4
67253 1.0
67278 0.8571428571428571
67279 0.14285714285714285
67303 1.0
67379 1.0
67404 1.0
67626 1.0
67752 1.0
67878 0.75
67879 0.25
68004 1.0
68251 1.0
68377 1.0
68503 1.0
68629 1.0
68800 1.0
68805 1.0
68810 1.0
68825 1.0
68830 1.0
68835 1.0
68850 1.0
68855 1.0
68951 1.0
68976 1.0
68981 1.0
69077 1.0
69401 1.0
69425 1.0
69526 1.0
69551 1.0
69576 0.8333333333333334
69577 0.16666666666666666
69652 1.0
69677 1.0
69702 1.0
69778 1.0
69803 1.0
70026 1.0
70126 1.0
70151 1.0
70252 1.0
70277 1.0
70302 1.0
70378 1.0
70403 1.0
70504 1.0
70529 1.0
70877 0.6666666666666666
70878 0.3333333333333333
71003 0.7142857142857143
71004 0.2857142857142857
71028 1.0
71129 1.0
71154 1.0
71376 1.0
71502 1.0
71628 1.0
71754 1.0
71905 1.0
71910 1.0
71930 1.0
71935 1.0
71951 1.0
71955 1.0
71960 1.0
71980 1.0
71985 1.0
72051 1.0
72076 1.0
72081 1.0
72101 1.0
72106 1.0
72202 1.0
72525 1.0
72651 1.0
72676 1.0
72701 1.0
72777 0.6666666666666666
72778 0.3333333333333333
72802 0.9285714285714286
72803 0.07142857142857142
72827 1.0
72903 1.0
72928 0.6
72929 0.4
73276 1.0
73377 1.0
73402 0.8
73403 0.2
73503 0.5
73504 0.5
73528 0.9545454545454546
73529 0.045454545454545456
73629 1.0
73654 1.0
74002 0.8571428571428571
74003 0.14285714285714285
74128 0.6363636363636364
74129 0.36363636363636365
74153 1.0
74254 1.0
74627 0.8571428571428571
74628 0.14285714285714285
74753 0.6666666666666666
74754 0.3333333333333333
74879 1.0
75030 1.0
75035 1.0
75050 1.0
75055 1.0
75080 1.0
75085 1.0
75105 1.0
75176 1.0
75201 1.0
75206 1.0
75226 1.0
75231 1.0
75327 1.0
75776 1.0
75801 0.6666666666666666
75802 0.3333333333333333
75826 1.0
75927 0.9
75928 0.1
75952 1.0
76028 0.8
76029 0.2
76053 1.0
76376 1.0
76401 0.75
76402 0.25
76502 1.0
76527 0.5
76528 0.5
76552 1.0
76628 1.0
76653 0.8636363636363636
76654 0.13636363636363635
76754 1.0
76779 1.0
77001 1.0
77127 1.0
77253 0.8571428571428571
77254 0.14285714285714285
77379 1.0
77404 1.0
77752 1.0
77878 1.0
78004 1.0
