0 1.0
6 1.0
12 1.0
25 1.0
31 0.9361702127659575
32 0.06382978723404255
37 0.9814814814814815
38 0.018518518518518517
43 0.9805825242718447
44 0.019417475728155338
49 1.0
50 1.0
56 0.9736842105263158
57 0.02631578947368421
62 0.9716312056737588
63 0.028368794326241134
68 0.9829545454545454
69 0.017045454545454544
74 1.0
75 1.0
81 0.9809523809523809
82 0.01904761904761905
87 1.0
93 1.0
100 0.9838709677419355
101 0.016129032258064516
106 0.9887640449438202
107 0.011235955056179775
112 1.0
118 1.0
125 1.0
131 1.0
137 1.0
143 0.8909090909090909
144 0.10909090909090909
149 1.0
156 1.0
162 0.9285714285714286
163 0.07142857142857142
168 0.9617834394904459
169 0.03821656050955414
174 1.0
193 1.0
199 1.0
251 1.0
256 1.0
262 0.9259259259259259
263 0.07407407407407407
268 0.9534883720930233
269 0.046511627906976744
274 1.0
375 1.0
381 1.0
387 1.0
393 0.9642857142857143
394 0.03571428571428571
399 1.0
506 1.0
512 0.875
513 0.125
518 0.9666666666666667
519 0.03333333333333333
524 1.0
