0 1.0
6 1.0
25 0.918918918918919
26 0.08108108108108109
31 1.0
37 1.0
50 1.0
56 0.9574468085106383
57 0.0425531914893617
62 1.0
75 0.9528301886792453
76 0.04716981132075472
81 0.9612068965517241
82 0.03879310344827586
87 1.0
100 0.9862068965517241
101 0.013793103448275862
106 0.9680851063829787
107 0.031914893617021274
112 0.9791666666666666
113 0.020833333333333332
118 1.0
125 0.9375
126 0.0625
131 1.0
150 0.5714285714285714
151 0.42857142857142855
156 0.9672131147540983
157 0.03278688524590164
162 0.9655172413793104
163 0.034482758620689655
168 0.9821428571428571
169 0.017857142857142856
174 1.0
181 0.8214285714285714
182 0.17857142857142858
187 0.9442508710801394
188 0.05574912891986063
193 0.9741100323624595
194 0.025889967637540454
199 1.0
206 1.0
212 0.9605911330049262
213 0.03940886699507389
218 1.0
224 1.0
237 1.0
243 1.0
250 1.0
256 1.0
262 1.0
268 0.7142857142857143
269 0.2857142857142857
274 1.0
281 0.95
282 0.05
287 0.883495145631068
288 0.11650485436893204
293 0.9222797927461139
294 0.07772020725388601
299 1.0
312 0.8125
313 0.1875
318 0.9606299212598425
319 0.03937007874015748
324 1.0
375 0.875
376 0.125
381 1.0
387 0.9545454545454546
388 0.045454545454545456
393 0.8421052631578947
394 0.15789473684210525
399 1.0
406 1.0
412 0.8717948717948718
413 0.1282051282051282
418 0.9017341040462428
419 0.09826589595375723
424 1.0
500 1.0
506 0.96
507 0.04
512 0.9583333333333334
513 0.041666666666666664
518 0.8611111111111112
519 0.1388888888888889
524 1.0
537 0.7777777777777778
538 0.2222222222222222
543 0.8823529411764706
544 0.11764705882352941
549 1.0
