272 7
897 7
1521 1
1522 9
2146 2
2147 4
2772 7
3396 3
3397 9
4021 5
4022 5
4646 1
4647 2
5271 2
5272 5
5896 1
5897 10
6521 4
6522 10
7146 2
7147 7
7771 3
7772 7
7773 1
8396 1
8397 6
9021 2
9022 9
9646 3
9647 4
10271 1
10272 10
10896 2
10897 6
11521 1
11522 5
12147 7
12771 2
12772 8
13396 1
13397 10
14021 1
14022 6
14647 7
15272 4
15896 6
15897 1
16521 8
16522 3
17146 6
17147 1
17771 3
17772 5
18396 2
18397 3
19021 5
19022 4
19646 3
19647 2
20271 5
20896 10
20897 3
21521 7
21522 1
22146 13
22147 4
22771 3
22772 3
23396 8
23397 1
24021 7
24022 1
24646 5
24647 3
25271 6
25272 3
25896 6
25897 3
26521 3
26522 1
27146 2
27147 3
27771 6
27772 3
28396 9
29021 6
29646 4
29647 1
30271 2
30896 3
30897 3
31521 12
32146 11
32771 11
33396 5
34021 11
34022 1
34646 8
35271 14
35896 8
36521 8
37146 5
37771 11
38396 7
39021 7
39646 5
40271 5
40896 11
41521 8
42146 12
42771 6
43396 10
44021 9
44646 6
45271 4
45896 4
46521 11
47146 9
47771 4
48396 8
49021 11
49646 6
50271 10
50895 1
50896 4
51521 8
52146 8
52770 1
52771 6
53396 6
54021 8
54646 6
55271 9
55896 9
56521 4
57146 12
57770 1
57771 7
58396 10
59021 5
59646 4
60270 1
60271 9
60896 7
61521 3
62146 5
62770 3
62771 4
63395 3
63396 3
64020 5
64021 6
64645 3
64646 6
65270 4
65271 3
65895 3
65896 3
66520 1
66521 5
67145 4
67146 7
67770 3
67771 4
68395 2
68396 6
69020 6
69021 2
69645 1
69646 6
70270 4
70271 7
70895 2
70896 5
71520 3
71521 6
72145 6
72146 5
72770 1
72771 3
73395 1
73396 12
74020 1
74021 8
74645 2
74646 6
75270 4
75271 9
75896 6
76520 5
76521 6
77145 2
77146 4
77770 1
77771 6
